 AIMInt (Version 19.02.13, Professional)
 Portions Copyright (c) 1997-2019 by Todd A. Keith
 AIMInt is a component of the AIMAll package ( http://aim.tkgristmill.com )

 TP:  64-bit Linux

 Licensed To:  Research Group of Fernando Cortes Guzman, UNAM, fercor@unam.mx

 AIMInt is a heavily modified and extended version of the PROAIMV program
 developed by members of R.F.W. Bader's research group

 Much of the Quantum Theory of Atoms in Molecules (QTAIM) is described in the book:
   "Atoms in Molecules - A Quantum Theory"
   R.F.W. Bader, Oxford University Press, Oxford, 1990

 For additional references see:  http://aim.tkgristmill.com/references.html

 Current Directory:  /home/scratch/M_H2O_4_tetraedrico/Opt

 Inp File:  Mn2_tetraedrico_cc-pvtz-def2-tzv_2_atomicfiles/o8.inp
 Wfx File:  Mn2_tetraedrico_cc-pvtz-def2-tzv_2.wfx
 Out File:  Mn2_tetraedrico_cc-pvtz-def2-tzv_2_atomicfiles/o8.int

 Wfx Title:   Mn2_tetraedrico_cc-pvtz-def2-tzv_2                                            
 Job Title:   Mn2_tetraedrico_cc-pvtz-def2-tzv_2                                            
 
<Atom>
O8      
</Atom>
<Nuclei of Molecule>
    13
Mn1       25.0           1.1308750059E-02  -9.4395846382E-04  -2.4476110818E-03
O2         8.0          -1.2525522289E+00   3.1418708811E+00  -6.9851602450E-01
H3         1.0          -2.7730386792E+00   3.8905877233E+00   6.1358935103E-02
O4         8.0           3.4143206363E+00  -3.6909717023E-02  -6.1674198114E-01
H5         1.0           4.4418857908E+00  -1.4955213621E+00  -1.1437316653E+00
O6         8.0          -1.5480125099E+00  -2.3419882856E+00  -2.0142054546E+00
H7         1.0          -1.2887196951E+00  -4.1796186462E+00  -1.9693241188E+00
O8         8.0          -5.6852150189E-01  -7.6674746511E-01   3.3196726002E+00
H9         1.0           4.5401357131E-01  -7.5377381177E-02   4.7069251653E+00
H10        1.0           4.6519806693E+00   1.3442198435E+00  -4.5221405252E-01
H11        1.0          -2.0861112471E+00  -1.4859077297E+00   4.1164489223E+00
H12        1.0          -3.1303925366E+00  -2.0784235760E+00  -2.9477214715E+00
H13        1.0          -9.1421178908E-01   4.1338367830E+00  -2.2322245570E+00
</Nuclei of Molecule>
<Total Number of CPs of DelSqRho>
    31
</Total Number of CPs of DelSqRho>
<Number of (3,+3) CPs of DelSqRho>
     5
</Number of (3,+3) CPs of DelSqRho>
<Number of (3,+1) CPs of DelSqRho>
    12
</Number of (3,+1) CPs of DelSqRho>
<Number of (3,-1) CPs of DelSqRho>
    10
</Number of (3,-1) CPs of DelSqRho>
<Number of (3,-3) CPs of DelSqRho>
     4
</Number of (3,-3) CPs of DelSqRho>
<Number of Degenerate CPs of DelSqRho>
     0
</Number of Degenerate CPs of DelSqRho>
<CP of DelSqRho>
CP# = 1       
Type = (3,+3)
Coords = -5.68521617250663E-01 -7.66747392792668E-01  3.31967293485291E+00
DistFromNuc =  3.6129968208E-07
Rho =  2.9726841864E+02
DelSqRho = -3.3289788923E+06
GradDelSqRho = -5.2363013765E-06  4.5808992581E-06  2.8578524507E-06
HessDelSqRho_EigVals =  1.3238579426E+11  1.3238581310E+11  1.3238582040E+11
HessDelSqRho_EigVec1 = -4.8881398745E-01  8.7234198286E-01  8.9638508595E-03
HessDelSqRho_EigVec2 = -1.8481014672E-01 -1.1358869508E-01  9.7618790098E-01
HessDelSqRho_EigVec3 =  8.5258788130E-01  4.7551768978E-01  2.1674139281E-01
</CP of DelSqRho>
<CP of DelSqRho>
CP# = 2       
Type = (3,-1)
Coords = -2.03378227742207E-01 -5.46154609442634E-01  1.90852974842048E+00
DistFromNuc =  1.4742167299E+00
Rho =  1.5408071922E-01
DelSqRho =  4.3668328207E-01
GradDelSqRho = -6.2450045135E-17  6.2450045135E-17 -5.9674487574E-16
HessDelSqRho_EigVals = -6.5272515353E-01 -4.5976214492E-01  5.1316140301E+00
HessDelSqRho_EigVec1 =  6.9859049233E-01 -7.1078892412E-01 -8.2160996635E-02
HessDelSqRho_EigVec2 =  7.0424373009E-01  6.6272448680E-01  2.5463115131E-01
HessDelSqRho_EigVec3 = -1.2653889776E-01 -2.3574426809E-01  9.6354166875E-01
</CP of DelSqRho>
<CP of DelSqRho>
CP# = 3       
Type = (3,+1)
Coords =  6.37414413288916E-02 -3.34476197632261E-01  4.17597365038749E+00
DistFromNuc =  1.1488543714E+00
Rho =  4.1691958300E-01
DelSqRho = -9.7917328162E-01
GradDelSqRho =  1.1102230246E-16  1.4710455076E-15  9.9920072216E-16
HessDelSqRho_EigVals = -3.1917354929E+01  1.5033072192E+01  1.5909103585E+01
HessDelSqRho_EigVec1 =  5.4930962640E-01  3.6998487768E-01  7.4924637112E-01
HessDelSqRho_EigVec2 = -4.8813585436E-01  8.6982166825E-01 -7.1649515837E-02
HessDelSqRho_EigVec3 =  6.7821996581E-01  3.2637624872E-01 -6.5840429999E-01
</CP of DelSqRho>
<CP of DelSqRho>
CP# = 4       
Type = (3,+1)
Coords = -1.50980951919739E+00 -1.20896612731517E+00  3.81247409777836E+00
DistFromNuc =  1.1508404723E+00
Rho =  4.1635919198E-01
DelSqRho = -9.7846379033E-01
GradDelSqRho = -4.5519144010E-15 -3.6914915569E-15 -3.3306690739E-16
HessDelSqRho_EigVals = -3.1898880512E+01  1.4983529718E+01  1.5916387173E+01
HessDelSqRho_EigVec1 =  8.1484779066E-01  3.8772451319E-01 -4.3092085110E-01
HessDelSqRho_EigVec2 = -4.4907075373E-01  8.9229480889E-01 -4.6318810229E-02
HessDelSqRho_EigVec3 =  3.6654950033E-01  2.3125673158E-01  9.0120019302E-01
</CP of DelSqRho>
<CP of DelSqRho>
CP# = 5       
Type = (3,+1)
Coords = -5.03157425953655E-01 -9.09141267908254E-01  3.38061111121824E+00
DistFromNuc =  1.6811293712E-01
Rho =  2.2607033550E+01
DelSqRho =  1.2408016522E+03
GradDelSqRho = -8.2778228716E-13 -3.7800873542E-12  3.2969182939E-12
HessDelSqRho_EigVals = -4.1817344524E+05  1.8269610642E+03  3.1188000474E+03
HessDelSqRho_EigVec1 = -3.9063716844E-01  8.4829294989E-01 -3.5749359966E-01
HessDelSqRho_EigVec2 = -3.5739340644E-01  2.1812918579E-01  9.0812422682E-01
HessDelSqRho_EigVec3 =  8.4833516706E-01  4.8251293192E-01  2.1796493953E-01
</CP of DelSqRho>
<CP of DelSqRho>
CP# = 6       
Type = (3,-1)
Coords = -5.84919070377008E-01 -8.09241171674873E-01  3.48222502915316E+00
DistFromNuc =  1.6881317340E-01
Rho =  2.2339358033E+01
DelSqRho =  1.2498241830E+03
GradDelSqRho =  3.9932501750E-12  1.3784529074E-11 -2.2609469852E-11
HessDelSqRho_EigVals = -4.0603046484E+05 -1.5502922921E+03  1.6635387289E+03
HessDelSqRho_EigVec1 = -9.5873440144E-02 -2.5401157603E-01  9.6243773966E-01
HessDelSqRho_EigVec2 =  5.1412657783E-01 -8.4057022108E-01 -1.7063283802E-01
HessDelSqRho_EigVec3 =  8.5233921970E-01  4.7845566428E-01  2.1118246109E-01
</CP of DelSqRho>
<CP of DelSqRho>
CP# = 7       
Type = (3,+1)
Coords = -6.55941656131600E-01 -6.30924101726248E-01  3.36843700259585E+00
DistFromNuc =  1.6872532812E-01
Rho =  2.2476394056E+01
DelSqRho =  1.2262090747E+03
GradDelSqRho =  1.4495071810E-12 -7.5885964179E-12 -1.9895196601E-12
HessDelSqRho_EigVals = -4.0393058747E+05  2.4907211672E+03  3.6544545870E+03
HessDelSqRho_EigVec1 = -5.1805812346E-01  8.0653500815E-01  2.8481057098E-01
HessDelSqRho_EigVec2 =  4.4039293967E-02  3.5768683214E-01 -9.3280258935E-01
HessDelSqRho_EigVec3 =  8.5421093490E-01  4.7070310254E-01  2.2082180137E-01
</CP of DelSqRho>
<CP of DelSqRho>
CP# = 8       
Type = (3,-1)
Coords = -5.16483929657364E-01 -7.53988698552146E-01  3.16167139815663E+00
DistFromNuc =  1.6683846946E-01
Rho =  2.2770851238E+01
DelSqRho =  1.2952962970E+03
GradDelSqRho =  3.0553337638E-12  4.1069370127E-12 -3.9392489271E-11
HessDelSqRho_EigVals = -4.5393555596E+05 -3.3324196851E+03  2.8957170563E+02
HessDelSqRho_EigVec1 = -3.1191984303E-01 -7.5065411815E-02  9.4713842466E-01
HessDelSqRho_EigVec2 = -4.6541585947E-01  8.8115036634E-01 -8.3439257296E-02
HessDelSqRho_EigVec3 =  8.2830796765E-01  4.6683960399E-01  3.0978491711E-01
</CP of DelSqRho>
<CP of DelSqRho>
CP# = 9       
Type = (3,-3)
Coords = -6.32924170405420E-01 -8.17723414407401E-01  3.17423029137261E+00
DistFromNuc =  1.6703208168E-01
Rho =  2.2698168690E+01
DelSqRho =  1.2968185946E+03
GradDelSqRho =  3.6948222260E-13 -1.1368683772E-12  2.3590018827E-12
HessDelSqRho_EigVals = -4.4974837217E+05 -3.6363179747E+03 -6.1678528281E+02
HessDelSqRho_EigVec1 =  3.8229400346E-01  3.0495267971E-01  8.7227011760E-01
HessDelSqRho_EigVec2 = -5.0907315469E-01  8.5730729320E-01 -7.6607624965E-02
HessDelSqRho_EigVec3 =  7.7116523398E-01  4.1476266486E-01 -4.8298666001E-01
</CP of DelSqRho>
<CP of DelSqRho>
CP# = 10      
Type = (3,+1)
Coords = -4.36428243157069E-01 -7.20252526269890E-01  2.66711819608612E+00
DistFromNuc =  6.6741116162E-01
Rho =  8.5830119047E-01
DelSqRho = -3.4618097187E+00
GradDelSqRho = -5.3290705182E-15 -4.4408920985E-15  2.1316282073E-14
HessDelSqRho_EigVals = -6.7625003951E+00  1.9394799149E+01  2.4524328503E+02
HessDelSqRho_EigVec1 = -4.7911308404E-01  8.7651181538E-01 -4.6665728251E-02
HessDelSqRho_EigVec2 =  8.5385706143E-01  4.7773136224E-01  2.0664187422E-01
HessDelSqRho_EigVec3 = -2.0341772623E-01 -5.9158964056E-02  9.7730314930E-01
</CP of DelSqRho>
<CP of DelSqRho>
CP# = 11      
Type = (3,-1)
Coords =  4.92095291526584E-02 -4.18206713060400E-01  3.21701117392083E+00
DistFromNuc =  7.1666704333E-01
Rho =  6.7308457917E-01
DelSqRho = -1.0004598196E+00
GradDelSqRho =  1.7763568394E-14  3.5527136788E-15  8.8817841970E-16
HessDelSqRho_EigVals = -1.5793987021E+01 -1.1946891867E+01  1.4292794182E+02
HessDelSqRho_EigVec1 =  1.2962947790E-01  1.2214557590E-01  9.8401049626E-01
HessDelSqRho_EigVec2 = -4.9061612188E-01  8.7029444181E-01 -4.3398220073E-02
HessDelSqRho_EigVec3 =  8.6167976616E-01  4.7714572495E-01 -1.7274240286E-01
</CP of DelSqRho>
<CP of DelSqRho>
CP# = 12      
Type = (3,-1)
Coords = -1.10202010494386E+00 -1.06187977763224E+00  2.94261325280869E+00
DistFromNuc =  7.1686650975E-01
Rho =  6.6906469581E-01
DelSqRho = -9.6506529808E-01
GradDelSqRho = -2.4868995752E-14 -1.9539925233E-14 -2.6645352591E-14
HessDelSqRho_EigVals = -1.5911253747E+01 -1.2001059799E+01  1.4245075071E+02
HessDelSqRho_EigVec1 = -5.0126241970E-01 -2.2861767232E-01  8.3454774968E-01
HessDelSqRho_EigVec2 = -4.6865229931E-01  8.8248836511E-01 -3.9740505780E-02
HessDelSqRho_EigVec3 =  7.2739329730E-01  4.1103314386E-01  5.4950045104E-01
</CP of DelSqRho>
<CP of DelSqRho>
CP# = 13      
Type = (3,-1)
Coords = -6.90092663566760E-01 -8.36935681248293E-01  4.03142639361286E+00
DistFromNuc =  7.2546495125E-01
Rho =  6.6601554917E-01
DelSqRho = -9.9076855140E-01
GradDelSqRho = -2.4424906542E-15 -1.7763568394E-15 -1.5987211555E-14
HessDelSqRho_EigVals = -1.8916044680E+01 -6.1844036067E+00  1.3263909475E+02
HessDelSqRho_EigVec1 =  8.5822766324E-01  4.7457007277E-01  1.9552116018E-01
HessDelSqRho_EigVec2 = -4.8597584376E-01  8.7388915003E-01  1.2051254510E-02
HessDelSqRho_EigVec3 = -1.6514465575E-01 -1.0536128079E-01  9.8062543470E-01
</CP of DelSqRho>
<CP of DelSqRho>
CP# = 14      
Type = (3,+1)
Coords = -2.75329479481265E-02 -8.76553507127207E-01  3.74302564803196E+00
DistFromNuc =  6.9566787010E-01
Rho =  7.7199953193E-01
DelSqRho = -2.5008457055E+00
GradDelSqRho =  1.5099033135E-14 -8.8817841970E-16  6.2172489379E-15
HessDelSqRho_EigVals = -1.3290022629E+01  1.4072851330E+01  1.8101569482E+02
HessDelSqRho_EigVec1 = -7.3603314240E-02  8.6433078491E-01  4.9750863951E-01
HessDelSqRho_EigVec2 = -6.1068816182E-01 -4.3345600059E-01  6.6270345145E-01
HessDelSqRho_EigVec3 =  7.8844309950E-01 -2.5504546617E-01  5.5974037646E-01
</CP of DelSqRho>
<CP of DelSqRho>
CP# = 15      
Type = (3,+1)
Coords = -1.21511713939429E+00 -6.06458618608068E-01  3.50369017811715E+00
DistFromNuc =  6.9111569345E-01
Rho =  7.8127890762E-01
DelSqRho = -2.5259960840E+00
GradDelSqRho = -5.2402526762E-14  4.7961634664E-14 -6.8833827527E-15
HessDelSqRho_EigVals = -1.1846316759E+01  1.3111364891E+01  1.8431932266E+02
HessDelSqRho_EigVec1 =  2.1227508149E-01  8.8963519111E-01 -4.0433713225E-01
HessDelSqRho_EigVec2 =  3.3934185862E-01  3.2091062026E-01  8.8423044326E-01
HessDelSqRho_EigVec3 =  9.1639859928E-01 -3.2490860337E-01 -2.3376913117E-01
</CP of DelSqRho>
<CP of DelSqRho>
CP# = 16      
Type = (3,+3)
Coords = -2.40278590640481E-01 -1.27473806530020E+00  3.13943134130734E+00
DistFromNuc =  6.3109806692E-01
Rho =  9.8950768453E-01
DelSqRho = -4.7470029054E+00
GradDelSqRho =  4.8627768479E-14 -1.3011813849E-13  9.1482377229E-14
HessDelSqRho_EigVals =  1.3983084108E+01  2.5678990849E+01  3.7270659714E+02
HessDelSqRho_EigVec1 = -4.4595646974E-02 -3.4228623323E-01  9.3853682017E-01
HessDelSqRho_EigVec2 = -8.5337293956E-01 -4.7538567542E-01 -2.1392308347E-01
HessDelSqRho_EigVec3 = -5.1938988660E-01  8.1046196342E-01  2.7089767727E-01
</CP of DelSqRho>
<CP of DelSqRho>
CP# = 17      
Type = (3,+3)
Coords = -7.84509101204430E-01 -2.42793741592231E-01  3.00932060472198E+00
DistFromNuc =  6.4613969738E-01
Rho =  9.2878377490E-01
DelSqRho = -4.1213150860E+00
GradDelSqRho =  8.4376949872E-15 -2.6645352591E-15 -3.1086244690E-15
HessDelSqRho_EigVals =  7.5768522494E+00  2.1814643415E+01  3.0046989341E+02
HessDelSqRho_EigVec1 = -3.8656905557E-01  3.1782365383E-01  8.6576699541E-01
HessDelSqRho_EigVec2 =  8.5481960089E-01  4.7585353665E-01  2.0699483468E-01
HessDelSqRho_EigVec3 = -3.4619043200E-01  8.2009239524E-01 -4.5563214117E-01
</CP of DelSqRho>
<CP of DelSqRho>
CP# = 18      
Type = (3,+1)
Coords = -8.68656757349179E-01 -1.34953398358312E+00  3.54796516765271E+00
DistFromNuc =  6.9414608984E-01
Rho =  7.7559498246E-01
DelSqRho = -2.5308340999E+00
GradDelSqRho =  4.5519144010E-15  1.7763568394E-15 -8.8817841970E-16
HessDelSqRho_EigVals = -1.3389743601E+01  1.4406889334E+01  1.8321729219E+02
HessDelSqRho_EigVec1 =  8.4426451011E-01 -4.3183134992E-01 -3.1739426933E-01
HessDelSqRho_EigVec2 =  4.1199152703E-01  1.4419603129E-01  8.9970577758E-01
HessDelSqRho_EigVec3 =  3.4275416647E-01  8.9035340724E-01 -2.9965044899E-01
</CP of DelSqRho>
<CP of DelSqRho>
CP# = 19      
Type = (3,+1)
Coords = -4.51112915185070E-01 -1.86789827403642E-01  3.68104856147629E+00
DistFromNuc =  6.9334567365E-01
Rho =  7.7583323738E-01
DelSqRho = -2.4819825846E+00
GradDelSqRho =  7.1054273576E-15 -1.7763568394E-15 -1.0214051827E-14
HessDelSqRho_EigVals = -1.1939426918E+01  1.2714730157E+01  1.8098470289E+02
HessDelSqRho_EigVec1 =  6.8522436710E-01 -3.9728543670E-01  6.1043578575E-01
HessDelSqRho_EigVec2 = -7.2222743626E-01 -2.6235118041E-01  6.3996827144E-01
HessDelSqRho_EigVec3 =  9.4101525234E-02  8.7939532630E-01  4.6669986397E-01
</CP of DelSqRho>
<CP of DelSqRho>
CP# = 20      
Type = (3,+3)
Coords = -1.16949723323342E+00 -1.03985595442085E+00  3.62366439385921E+00
DistFromNuc =  7.2675380096E-01
Rho =  7.4582423087E-01
DelSqRho = -3.0020800046E+00
GradDelSqRho =  3.5527136788E-15 -3.5527136788E-15  3.5527136788E-15
HessDelSqRho_EigVals =  1.0998118047E+01  2.3094443052E+01  1.3587053334E+02
HessDelSqRho_EigVec1 = -4.2510516351E-01  9.0408402773E-01 -4.3791217735E-02
HessDelSqRho_EigVec2 =  3.5523175778E-01  2.1113972432E-01  9.1062089536E-01
HessDelSqRho_EigVec3 =  8.3252387246E-01  3.7155361337E-01 -4.1091594539E-01
</CP of DelSqRho>
<CP of DelSqRho>
CP# = 21      
Type = (3,+3)
Coords = -1.64461239608092E-01 -4.83928474309105E-01  3.85614072703025E+00
DistFromNuc =  7.2873131416E-01
Rho =  7.4087904097E-01
DelSqRho = -2.9490008504E+00
GradDelSqRho = -1.6875389974E-14 -1.0658141036E-14  3.5527136788E-15
HessDelSqRho_EigVals =  1.0856314491E+01  2.2560302593E+01  1.3378861165E+02
HessDelSqRho_EigVec1 = -5.2028428142E-01  8.5169603694E-01 -6.2594945166E-02
HessDelSqRho_EigVec2 =  6.4620342653E-01  3.4471215103E-01 -6.8087786311E-01
HessDelSqRho_EigVec3 =  5.5832373946E-01  3.9469911780E-01  7.2971721123E-01
</CP of DelSqRho>
<CP of DelSqRho>
CP# = 22      
Type = (3,-3)
Coords =  4.46512331907771E-01 -2.78226998633698E-01  3.13335425503584E+00
DistFromNuc =  1.1417795127E+00
Rho =  2.4757733995E-01
DelSqRho =  8.4685203041E-01
GradDelSqRho =  4.4408920985E-15  8.3266726847E-16 -6.3837823916E-16
HessDelSqRho_EigVals = -1.7611860665E+01 -1.8352879622E+00 -5.2917849465E-01
HessDelSqRho_EigVec1 =  8.8197683840E-01  4.2683705225E-01 -1.9981738499E-01
HessDelSqRho_EigVec2 =  1.3805538698E-01  1.7139241008E-01  9.7548211254E-01
HessDelSqRho_EigVec3 = -4.5061909263E-01  8.8793849595E-01 -9.2236981546E-02
</CP of DelSqRho>
<CP of DelSqRho>
CP# = 23      
Type = (3,+1)
Coords = -5.92291826852111E-01 -2.56307459670385E-01  2.18079692680096E+00
DistFromNuc =  1.2482595191E+00
Rho =  2.4124284646E-01
DelSqRho =  4.4931401180E-01
GradDelSqRho =  6.1700644594E-14  3.4110492209E-12 -7.3074879481E-12
HessDelSqRho_EigVals = -9.6556628979E+00  4.7263657464E-01  6.9181536214E-01
HessDelSqRho_EigVec1 =  4.7430953061E-02 -4.2796200210E-01  9.0255128910E-01
HessDelSqRho_EigVec2 = -3.9700608257E-01  8.2105755889E-01  4.1018368494E-01
HessDelSqRho_EigVec3 =  9.1658958923E-01  3.7777375471E-01  1.3095997540E-01
</CP of DelSqRho>
<CP of DelSqRho>
CP# = 24      
Type = (3,-3)
Coords = -6.11116155507101E-01 -1.14381623835424E+00  4.41504848839242E+00
DistFromNuc =  1.1592426410E+00
Rho =  2.4977669369E-01
DelSqRho =  8.6519599406E-01
GradDelSqRho = -4.7462034303E-15  3.0309088572E-14 -5.1847415250E-14
HessDelSqRho_EigVals = -1.7342348876E+01 -3.0582319414E+00 -2.3024262264E-01
HessDelSqRho_EigVec1 = -3.5250695218E-02 -3.2712603805E-01  9.4432300815E-01
HessDelSqRho_EigVec2 =  8.5509861398E-01  4.7920081010E-01  1.9792156015E-01
HessDelSqRho_EigVec3 =  5.1726564632E-01 -8.1446616801E-01 -2.6283286003E-01
</CP of DelSqRho>
<CP of DelSqRho>
CP# = 25      
Type = (3,-3)
Coords = -1.37532102811146E+00 -1.29291401228544E+00  2.71217269854516E+00
DistFromNuc =  1.1387856872E+00
Rho =  2.4651498961E-01
DelSqRho =  8.5450856797E-01
GradDelSqRho =  3.2196467714E-15  1.3877787808E-15  8.8817841970E-16
HessDelSqRho_EigVals = -1.7836611750E+01 -1.8593119698E+00 -5.3062492364E-01
HessDelSqRho_EigVec1 =  6.8956973751E-01  4.4870355320E-01  5.6847049040E-01
HessDelSqRho_EigVec2 = -5.3455711559E-01 -2.1423188102E-01  8.1752883210E-01
HessDelSqRho_EigVec3 = -4.8861259428E-01  8.6762308781E-01 -9.2129855193E-02
</CP of DelSqRho>
<CP of DelSqRho>
CP# = 26      
Type = (3,-1)
Coords = -4.39840850778168E-01  4.01972737465484E-01  3.50551036073840E+00
DistFromNuc =  1.1903786352E+00
Rho =  2.4465897933E-01
DelSqRho =  7.1096749149E-01
GradDelSqRho = -5.2735593670E-16  1.8318679906E-15 -5.0653925499E-16
HessDelSqRho_EigVals = -1.6863120791E+01 -1.3305633292E+00  3.1232131076E-01
HessDelSqRho_EigVec1 =  1.0438375779E-01  9.8538053499E-01  1.3464483792E-01
HessDelSqRho_EigVec2 =  5.1876289757E-01 -1.6945420593E-01  8.3795604192E-01
HessDelSqRho_EigVec3 =  8.4852170698E-01 -1.7620254256E-02 -5.2886712833E-01
</CP of DelSqRho>
<CP of DelSqRho>
CP# = 27      
Type = (3,-1)
Coords = -7.31752713095622E-01 -1.94013747405042E+00  3.42391105933255E+00
DistFromNuc =  1.1892662434E+00
Rho =  2.4394883318E-01
DelSqRho =  7.3144749220E-01
GradDelSqRho =  4.5102810375E-16  4.1633363423E-15  1.4224732503E-16
HessDelSqRho_EigVals = -1.7563040994E+01 -1.1362047345E+00  2.9078658753E-01
HessDelSqRho_EigVec1 =  1.2527743110E-01  9.8941235566E-01 -7.3271793537E-02
HessDelSqRho_EigVec2 =  8.4823841930E-01 -1.4512216821E-01 -5.0934383310E-01
HessDelSqRho_EigVec3 =  5.1458444329E-01 -1.6573366265E-03  8.5743810503E-01
</CP of DelSqRho>
<CP of DelSqRho>
CP# = 28      
Type = (3,-1)
Coords =  4.43306530509868E-01 -1.27592426850921E+00  3.68184711185643E+00
DistFromNuc =  1.1892129167E+00
Rho =  2.4463271526E-01
DelSqRho =  7.2974759423E-01
GradDelSqRho =  2.3314683517E-15 -6.6613381478E-16  1.5404344467E-15
HessDelSqRho_EigVals = -1.7512936881E+01 -1.1749760610E+00  2.9005350207E-01
HessDelSqRho_EigVec1 =  8.5254392035E-01 -4.3630637238E-01  2.8775964501E-01
HessDelSqRho_EigVec2 = -9.5625929109E-02 -6.7149111785E-01 -7.3481654876E-01
HessDelSqRho_EigVec3 =  5.1383318845E-01  5.9894609781E-01 -6.1419787232E-01
</CP of DelSqRho>
<CP of DelSqRho>
CP# = 29      
Type = (3,-1)
Coords = -1.63776627497134E+00 -2.50884511172603E-01  3.24622506617713E+00
DistFromNuc =  1.1894509289E+00
Rho =  2.4437201285E-01
DelSqRho =  7.1782913587E-01
GradDelSqRho = -2.4245050412E-12  2.6247060081E-13 -8.5151330431E-13
HessDelSqRho_EigVals = -1.7083066944E+01 -1.3180677504E+00  2.9280572779E-01
HessDelSqRho_EigVec1 =  8.9214088029E-01 -4.4423255073E-01  8.2110234320E-02
HessDelSqRho_EigVec2 =  3.9461592300E-01  6.7783672058E-01 -6.2033511391E-01
HessDelSqRho_EigVec3 =  2.1991571800E-01  5.8582832051E-01  7.8002708662E-01
</CP of DelSqRho>
<CP of DelSqRho>
CP# = 30      
Type = (3,+1)
Coords = -2.34106194312431E+00 -6.53569491335586E-01  4.27048686710574E+00
DistFromNuc =  2.0146356097E+00
Rho =  7.3979824712E-02
DelSqRho =  1.7712625805E-01
GradDelSqRho =  1.2915068320E-12  1.8746254549E-12  1.2285051448E-12
HessDelSqRho_EigVals = -1.6539987101E+00  2.9036385542E-02  5.6990482946E-01
HessDelSqRho_EigVec1 =  7.6152832089E-01 -4.8978209578E-01 -4.2448570664E-01
HessDelSqRho_EigVec2 =  4.6098572702E-01 -5.1071265011E-02  8.8593672763E-01
HessDelSqRho_EigVec3 =  4.5559496921E-01  8.7034776069E-01 -1.8689034082E-01
</CP of DelSqRho>
<CP of DelSqRho>
CP# = 31      
Type = (3,+1)
Coords = -7.19438135665563E-02  6.42653535312752E-01  4.66461172230298E+00
DistFromNuc =  2.0104382166E+00
Rho =  7.3866244145E-02
DelSqRho =  1.7788157914E-01
GradDelSqRho = -5.6794846603E-15  2.2055274274E-14  5.3091211982E-15
HessDelSqRho_EigVals = -1.6114165684E+00  2.7797830361E-02  5.7640497472E-01
HessDelSqRho_EigVec1 = -1.0167917138E-01  8.8116338251E-01  4.6174932532E-01
HessDelSqRho_EigVec2 = -6.0836381918E-01 -4.2232443224E-01  6.7196394058E-01
HessDelSqRho_EigVec3 =  7.8711804046E-01 -2.1258684638E-01  5.7900951903E-01
</CP of DelSqRho>
<Path of -GradDelSqRho>
Starting CP# =      3
Ending CP# =      0
Number of Points =     30
  6.3741441329E-02 -3.3447619763E-01  4.1759736504E+00  4.1691958300E-01 -9.7917328162E-01
  7.7473620762E-02 -3.2523175367E-01  4.1947077768E+00  4.0656375898E-01 -9.8911369478E-01
  9.1204867847E-02 -3.1599824631E-01  4.2134479791E+00  3.9722590043E-01 -1.0188520131E+00
  1.0493560225E-01 -3.0677579683E-01  4.2321940012E+00  3.8887781586E-01 -1.0683846546E+00
  1.1866630213E-01 -2.9756425088E-01  4.2509454089E+00  3.8148669762E-01 -1.1378476373E+00
  1.3239744574E-01 -2.8836319329E-01  4.2697016405E+00  3.7501523384E-01 -1.2274361516E+00
  1.4612944607E-01 -2.7917197661E-01  4.2884620694E+00  3.6942162425E-01 -1.3372389778E+00
  1.5986257780E-01 -2.6998975839E-01  4.3072260763E+00  3.6465961275E-01 -1.4669570854E+00
  1.7359689339E-01 -2.6081554173E-01  4.3259931304E+00  3.6067873682E-01 -1.6154789859E+00
  1.8733212093E-01 -2.5164821294E-01  4.3447628827E+00  3.5742511044E-01 -1.7803169895E+00
  2.0106752916E-01 -2.4248656937E-01  4.3635352786E+00  3.5484319418E-01 -1.9569931158E+00
  2.1480173551E-01 -2.3332933291E-01  4.3823107038E+00  3.5287911908E-01 -2.1386229962E+00
  2.2853244534E-01 -2.2417515985E-01  4.4010901798E+00  3.5148612943E-01 -2.3161765977E+00
  2.4225628244E-01 -2.1502273303E-01  4.4198755296E+00  3.5063245295E-01 -2.4801313497E+00
  2.5596983682E-01 -2.0587131712E-01  4.4386688794E+00  3.5031123006E-01 -2.6243236403E+00
  2.6967612177E-01 -1.9672276750E-01  4.4574689270E+00  3.5055093840E-01 -2.7525248561E+00
  2.8339720191E-01 -1.8758382371E-01  4.4762628500E+00  3.5142313823E-01 -2.8874215936E+00
  2.9716019012E-01 -1.7845969868E-01  4.4950333118E+00  3.5304272087E-01 -3.0802657036E+00
  3.1096359467E-01 -1.6934679878E-01  4.5137795368E+00  3.5555477465E-01 -3.4178045245E+00
  3.2479164594E-01 -1.6023953699E-01  4.5325103335E+00  3.5910284370E-01 -4.0218273828E+00
  3.3863309462E-01 -1.5113475644E-01  4.5512324396E+00  3.6377644627E-01 -5.0364478417E+00
  3.5248208390E-01 -1.4203104199E-01  4.5699494873E+00  3.6954133898E-01 -6.5995883019E+00
  3.6633566247E-01 -1.3292776393E-01  4.5886633508E+00  3.7616389547E-01 -8.7985616352E+00
  3.8019228665E-01 -1.2382462500E-01  4.6073750270E+00  3.8314953544E-01 -1.1615848272E+01
  3.9405111209E-01 -1.1472146995E-01  4.6260850651E+00  3.8972137800E-01 -1.4880149675E+01
  4.0791166271E-01 -1.0561819865E-01  4.6447937687E+00  3.9486466343E-01 -1.8246560495E+01
  4.2177367262E-01 -9.6514711706E-02  4.6635012860E+00  3.9745033905E-01 -2.1230816608E+01
  4.3563701854E-01 -8.7410831720E-02  4.6822076221E+00  3.9642647310E-01 -2.3307850508E+01
  4.4950182040E-01 -7.8305719953E-02  4.7009122795E+00  3.9103554912E-01 -2.4054429614E+01
  4.4880869153E-01 -7.8760413820E-02  4.6999766910E+00  3.9141540697E-01 -2.4052773812E+01
</Path of -GradDelSqRho>
<Path of -GradDelSqRho>
Starting CP# =      3
Ending CP# =     21
Number of Points =     17
  6.3741441329E-02 -3.3447619763E-01  4.1759736504E+00  4.1691958300E-01 -9.7917328162E-01
  5.0008063110E-02 -3.4373083078E-01  4.1572454343E+00  4.2831668456E-01 -9.8919238165E-01
  3.6273291398E-02 -3.5299536779E-01  4.1385231378E+00  4.4077307373E-01 -1.0194613448E+00
  2.2537157261E-02 -3.6226891003E-01  4.1198062998E+00  4.5430088375E-01 -1.0703300065E+00
  8.7999186917E-03 -3.7155033839E-01  4.1010941818E+00  4.6890569538E-01 -1.1421025918E+00
 -4.9379058777E-03 -3.8083833079E-01  4.0823857514E+00  4.8458582021E-01 -1.2348997660E+00
 -1.8675499695E-02 -3.9013136597E-01  4.0636796558E+00  5.0133162998E-01 -1.3484913923E+00
 -3.2411697387E-02 -3.9942770153E-01  4.0449741748E+00  5.1912503908E-01 -1.4821052062E+00
 -4.6144910503E-02 -4.0872531217E-01  4.0262671363E+00  5.3793926674E-01 -1.6342187831E+00
 -5.9873010084E-02 -4.1802176529E-01  4.0075557698E+00  5.5773902148E-01 -1.8023442932E+00
 -7.3593132411E-02 -4.2731399152E-01  3.9888364548E+00  5.7848126309E-01 -1.9828169068E+00
 -8.7301339554E-02 -4.3659786053E-01  3.9701042690E+00  6.0011670334E-01 -2.1705972180E+00
 -1.0099197921E-01 -4.4586735347E-01  3.9513521286E+00  6.2259220648E-01 -2.3590936932E+00
 -1.1465633865E-01 -4.5511278097E-01  3.9325689696E+00  6.4585423616E-01 -2.5399991801E+00
 -1.2827932788E-01 -4.6431631137E-01  3.9137352670E+00  6.6985343584E-01 -2.7031092274E+00
 -1.4182900851E-01 -4.7343763672E-01  3.8948089843E+00  6.9455006699E-01 -2.8360387070E+00
 -1.6446123961E-01 -4.8392847431E-01  3.8561407270E+00  7.4087904097E-01 -2.9490008504E+00
</Path of -GradDelSqRho>
<Path of -GradDelSqRho>
Starting CP# =      4
Ending CP# =     20
Number of Points =     18
 -1.5098095192E+00 -1.2089661273E+00  3.8124740978E+00  4.1635919198E-01 -9.7846379033E-01
 -1.4894365156E+00 -1.1992750689E+00  3.8017026492E+00  4.2777834765E-01 -9.8848094187E-01
 -1.4690599550E+00 -1.1895878883E+00  3.7909344409E+00  4.4026046433E-01 -1.0187620300E+00
 -1.4486802405E+00 -1.1799039968E+00  3.7801692433E+00  4.5381837800E-01 -1.0696904991E+00
 -1.4282979345E+00 -1.1702228104E+00  3.7694065190E+00  4.6845844005E-01 -1.1416141722E+00
 -1.4079137672E+00 -1.1605437737E+00  3.7586453867E+00  4.8417978732E-01 -1.2347086031E+00
 -1.3875286527E+00 -1.1508663731E+00  3.7478845770E+00  5.0097365211E-01 -1.3488109373E+00
 -1.3671437228E+00 -1.1411901392E+00  3.7371223685E+00  5.1882281838E-01 -1.4832294172E+00
 -1.3467603869E+00 -1.1315146331E+00  3.7263564875E+00  5.3770134984E-01 -1.6365358717E+00
 -1.3263804370E+00 -1.1218394094E+00  3.7155839445E+00  5.5757473215E-01 -1.8063507369E+00
 -1.3060062305E+00 -1.1121639422E+00  3.7048007620E+00  5.7840058389E-01 -1.9891316537E+00
 -1.2856410167E+00 -1.1024874815E+00  3.6940014966E+00  6.0013009792E-01 -2.1799764163E+00
 -1.2652895602E+00 -1.0928087658E+00  3.6831783462E+00  6.2271037517E-01 -2.3724470813E+00
 -1.2449594538E+00 -1.0831253940E+00  3.6723193010E+00  6.4608780273E-01 -2.5584108019E+00
 -1.2246643198E+00 -1.0734322584E+00  3.6614037137E+00  6.7021258804E-01 -2.7278679677E+00
 -1.2044336208E+00 -1.0637166722E+00  3.6503890004E+00  6.9504433104E-01 -2.8686889481E+00
 -1.1843585615E+00 -1.0539354882E+00  3.6391505478E+00  7.2055618836E-01 -2.9660949060E+00
 -1.1694972332E+00 -1.0398559544E+00  3.6236643939E+00  7.4582423087E-01 -3.0020800046E+00
</Path of -GradDelSqRho>
<Path of -GradDelSqRho>
Starting CP# =      4
Ending CP# =      0
Number of Points =     30
 -1.5098095192E+00 -1.2089661273E+00  3.8124740978E+00  4.1635919198E-01 -9.7846379033E-01
 -1.5301788499E+00 -1.2186614652E+00  3.8232486413E+00  4.0598436087E-01 -9.8839520246E-01
 -1.5505442765E+00 -1.2283617339E+00  3.8340261262E+00  3.9662999446E-01 -1.0180957197E+00
 -1.5709058322E+00 -1.2380673534E+00  3.8448061074E+00  3.8826743402E-01 -1.0675497311E+00
 -1.5912636717E+00 -1.2477786223E+00  3.8555880193E+00  3.8086348259E-01 -1.1368858091E+00
 -1.6116180473E+00 -1.2574956883E+00  3.8663712479E+00  3.7438051311E-01 -1.2262951838E+00
 -1.6319692789E+00 -1.2672185202E+00  3.8771552133E+00  3.6877647918E-01 -1.3358652148E+00
 -1.6523177178E+00 -1.2769468788E+00  3.8879394643E+00  3.6400494225E-01 -1.4652972194E+00
 -1.6726637063E+00 -1.2866802811E+00  3.8987237876E+00  3.6001531550E-01 -1.6134812885E+00
 -1.6930075321E+00 -1.2964179495E+00  3.9095083397E+00  3.5675364149E-01 -1.7779323826E+00
 -1.7133493757E+00 -1.3061587321E+00  3.9202938184E+00  3.5416435755E-01 -1.9541766997E+00
 -1.7336892446E+00 -1.3159009727E+00  3.9310817043E+00  3.5219361491E-01 -2.1353369588E+00
 -1.7540268851E+00 -1.3256423306E+00  3.9418745871E+00  3.5079471609E-01 -2.3123956287E+00
 -1.7743616921E+00 -1.3353797067E+00  3.9526763980E+00  3.4993597669E-01 -2.4758514336E+00
 -1.7946928329E+00 -1.3451102830E+00  3.9634912292E+00  3.4961063942E-01 -2.6195739387E+00
 -1.8150205673E+00 -1.3548371969E+00  3.9743157550E+00  3.4984727056E-01 -2.7473799795E+00
 -1.8353494322E+00 -1.3645797389E+00  3.9851240823E+00  3.5071747127E-01 -2.8820084329E+00
 -1.8556860670E+00 -1.3743598747E+00  3.9958837213E+00  3.5233611522E-01 -3.0747571925E+00
 -1.8760312392E+00 -1.3841745583E+00  4.0065956662E+00  3.5484819435E-01 -3.4123924023E+00
 -1.8963820162E+00 -1.3940096627E+00  4.0172782007E+00  3.5839702949E-01 -4.0166676303E+00
 -1.9167360356E+00 -1.4038555801E+00  4.0279445864E+00  3.6307177422E-01 -5.0315795145E+00
 -1.9370919902E+00 -1.4137074349E+00  4.0386017936E+00  3.6883771439E-01 -6.5948353616E+00
 -1.9574491908E+00 -1.4235628164E+00  4.0492533585E+00  3.7546073290E-01 -8.7934373455E+00
 -1.9778072645E+00 -1.4334204828E+00  4.0599011399E+00  3.8244587770E-01 -1.1609495495E+01
 -1.9981660024E+00 -1.4432797613E+00  4.0705461583E+00  3.8901619456E-01 -1.4871366560E+01
 -2.0185252878E+00 -1.4531402691E+00  4.0811889908E+00  3.9415733180E-01 -1.8233965926E+01
 -2.0388850630E+00 -1.4630017753E+00  4.0918299611E+00  3.9674124696E-01 -2.1213178775E+01
 -2.0592453263E+00 -1.4728641174E+00  4.1024692227E+00  3.9571759946E-01 -2.3284522702E+01
 -2.0796062762E+00 -1.4827270189E+00  4.1131066515E+00  3.9033082519E-01 -2.4025740129E+01
 -2.0785882804E+00 -1.4822337934E+00  4.1125747558E+00  3.9071035165E-01 -2.4024327037E+01
</Path of -GradDelSqRho>
<Path of -GradDelSqRho>
Starting CP# =      5
Ending CP# =      1
Number of Points =      7
 -5.0315742595E-01 -9.0914126791E-01  3.3806111112E+00  2.2607033550E+01  1.2408016522E+03
 -5.1291073325E-01 -8.8794275308E-01  3.3716391841E+00  3.2879836027E+01  9.8450870521E+02
 -5.2264443494E-01 -8.6675797538E-01  3.3626136585E+00  4.8194028544E+01 -8.2107720026E+02
 -5.3236950820E-01 -8.4557926995E-01  3.3535646051E+00  7.0946595086E+01 -6.4692355390E+03
 -5.4208817286E-01 -8.2440508511E-01  3.3444981079E+00  1.0473081661E+02 -2.0935960224E+04
 -5.5179633123E-01 -8.0323832329E-01  3.3354030643E+00  1.5541405038E+02 -7.6331299179E+04
 -5.6852161725E-01 -7.6674739279E-01  3.3196729349E+00  2.9726841864E+02 -3.3289788923E+06
</Path of -GradDelSqRho>
<Path of -GradDelSqRho>
Starting CP# =      5
Ending CP# =     16
Number of Points =     35
 -5.0315742595E-01 -9.0914126791E-01  3.3806111112E+00  2.2607033550E+01  1.2408016522E+03
 -4.9338078923E-01 -9.3035602746E-01  3.3895190319E+00  1.5669083994E+01  1.1578140635E+03
 -4.8359338973E-01 -9.5157823590E-01  3.3983973578E+00  1.0967609792E+01  9.8672005477E+02
 -4.7380325589E-01 -9.7280232090E-01  3.4072681799E+00  7.7914662616E+00  7.7736544106E+02
 -4.6400698839E-01 -9.9403062159E-01  3.4161221243E+00  5.6541652650E+00  5.7546242302E+02
 -4.5419855106E-01 -1.0152672707E+00  3.4249425049E+00  4.2170421768E+00  4.1005886786E+02
 -4.4437136242E-01 -1.0365167186E+00  3.4337110255E+00  3.2482849547E+00  2.8645574846E+02
 -4.3451882958E-01 -1.0577833354E+00  3.4424091854E+00  2.5922464290E+00  1.9752219832E+02
 -4.2463486599E-01 -1.0790710333E+00  3.4510196601E+00  2.1450800429E+00  1.3401758074E+02
 -4.1471358749E-01 -1.1003834528E+00  3.4595254071E+00  1.8371711159E+00  8.8698450151E+01
 -4.0474783856E-01 -1.1217248977E+00  3.4679054245E+00  1.6215430109E+00  5.6633591217E+01
 -3.9472710155E-01 -1.1431015727E+00  3.4761285342E+00  1.4664813703E+00  3.4412701274E+01
 -3.8463510265E-01 -1.1645228061E+00  3.4841458173E+00  1.3507590464E+00  1.9476657560E+01
 -3.7444661389E-01 -1.1860023488E+00  3.4918797149E+00  1.2603967248E+00  9.7962588620E+00
 -3.6412227729E-01 -1.2075598639E+00  3.4992049092E+00  1.1863797449E+00  3.7667285772E+00
 -3.5359934615E-01 -1.2292220401E+00  3.5059103482E+00  1.1230405509E+00  1.6899220016E-01
 -3.4277395596E-01 -1.2510195112E+00  3.5116138533E+00  1.0669610227E+00 -1.8744887624E+00
 -3.3146572236E-01 -1.2729567296E+00  3.5155332813E+00  1.0163712564E+00 -2.9623902085E+00
 -3.1937325009E-01 -1.2947759049E+00  3.5157165215E+00  9.7149426556E-01 -3.4866937133E+00
 -3.0669410488E-01 -1.3138909808E+00  3.5067349231E+00  9.3917430898E-01 -3.7115502873E+00
 -2.9681572432E-01 -1.3231511127E+00  3.4860756794E+00  9.3224462644E-01 -3.8389911844E+00
 -2.8978798581E-01 -1.3259418975E+00  3.4622708707E+00  9.3780299730E-01 -3.9529644627E+00
 -2.8373345788E-01 -1.3267451720E+00  3.4380314319E+00  9.4549701733E-01 -4.0612688373E+00
 -2.7813880686E-01 -1.3266069536E+00  3.4136671958E+00  9.5306647134E-01 -4.1635520969E+00
 -2.7290912329E-01 -1.3257185810E+00  3.3892375653E+00  9.6006612638E-01 -4.2591368931E+00
 -2.6803223390E-01 -1.3241104631E+00  3.3647717352E+00  9.6639410658E-01 -4.3473831300E+00
 -2.6350998379E-01 -1.3217865184E+00  3.3402953096E+00  9.7201073775E-01 -4.4277193463E+00
 -2.5934630590E-01 -1.3187470762E+00  3.3158336631E+00  9.7689069498E-01 -4.4996543631E+00
 -2.5554551774E-01 -1.3149922567E+00  3.2914123303E+00  9.8101625945E-01 -4.5627856340E+00
 -2.5211218706E-01 -1.3105225031E+00  3.2670570596E+00  9.8437659918E-01 -4.6168056453E+00
 -2.4905125775E-01 -1.3053388097E+00  3.2427938129E+00  9.8696769451E-01 -4.6615064017E+00
 -2.4636833859E-01 -1.2994429854E+00  3.2186487164E+00  9.8879225426E-01 -4.6967819376E+00
 -2.4407029776E-01 -1.2928380696E+00  3.1946479267E+00  9.8985956442E-01 -4.7226288380E+00
 -2.4216663589E-01 -1.2855291662E+00  3.1708172930E+00  9.9018526710E-01 -4.7391448126E+00
 -2.4027859064E-01 -1.2747380653E+00  3.1394313413E+00  9.8950768453E-01 -4.7470029054E+00
</Path of -GradDelSqRho>
<Path of -GradDelSqRho>
Starting CP# =      7
Ending CP# =     17
Number of Points =     39
 -6.5594165613E-01 -6.3092410173E-01  3.3684370026E+00  2.2476394056E+01  1.2262090747E+03
 -6.6889271721E-01 -6.1075208767E-01  3.3755334583E+00  1.5588661363E+01  1.1452666903E+03
 -6.8184339233E-01 -5.9057177368E-01  3.3826069960E+00  1.0916905562E+01  9.7650846979E+02
 -6.9479397008E-01 -5.7038941714E-01  3.3896748822E+00  7.7577458091E+00  7.6930189554E+02
 -7.0774430335E-01 -5.5020203161E-01  3.3967288381E+00  5.6292948339E+00  5.6960832280E+02
 -7.2069413479E-01 -5.3000464774E-01  3.4037550344E+00  4.1959482153E+00  4.0620850251E+02
 -7.3364315524E-01 -5.0979191672E-01  3.4107384529E+00  3.2279895534E+00  2.8418840279E+02
 -7.4659100648E-01 -4.8955854927E-01  3.4176640282E+00  2.5711569135E+00  1.9640485061E+02
 -7.5953729086E-01 -4.6929975901E-01  3.4245178274E+00  2.1224808576E+00  1.3370122179E+02
 -7.7248154688E-01 -4.4901103189E-01  3.4312863567E+00  1.8128832291E+00  8.8923593250E+01
 -7.8542314725E-01 -4.2868697086E-01  3.4379531667E+00  1.5957018798E+00  5.7207703082E+01
 -7.9836110564E-01 -4.0831971567E-01  3.4444939831E+00  1.4393905277E+00  3.5191199345E+01
 -8.1129375312E-01 -3.8789725568E-01  3.4508710094E+00  1.3227913119E+00  2.0352585355E+01
 -8.2421813611E-01 -3.6740136561E-01  3.4570250725E+00  1.2319266665E+00  1.0694456974E+01
 -8.3712875196E-01 -3.4680456043E-01  3.4628624037E+00  1.1577361678E+00  4.6386969763E+00
 -8.5001460511E-01 -3.2606527678E-01  3.4682296045E+00  1.0944666405E+00  9.8727869437E-01
 -8.6285145821E-01 -3.0512031999E-01  3.4728606812E+00  1.0385578133E+00 -1.1218351240E+00
 -8.7557736528E-01 -2.8387513924E-01  3.4762452460E+00  9.8794359295E-01 -2.2761776468E+00
 -8.8798915017E-01 -2.6221929322E-01  3.4772122962E+00  9.4187372786E-01 -2.8577542575E+00
 -8.9906249455E-01 -2.4054994903E-01  3.4722475475E+00  9.0276344424E-01 -3.1115534996E+00
 -9.0406303274E-01 -2.2449710679E-01  3.4545820878E+00  8.8485603142E-01 -3.2216212998E+00
 -9.0276034758E-01 -2.1706399181E-01  3.4308117188E+00  8.8676818002E-01 -3.3083448065E+00
 -8.9974704012E-01 -2.1231480522E-01  3.4064569130E+00  8.9258024407E-01 -3.3917070604E+00
 -8.9609950783E-01 -2.0853981229E-01  3.3820156579E+00  8.9859495415E-01 -3.4720232999E+00
 -8.9197782940E-01 -2.0548215280E-01  3.3575492376E+00  9.0424594123E-01 -3.5489163322E+00
 -8.8740868235E-01 -2.0311061156E-01  3.3330861336E+00  9.0943525796E-01 -3.6220060798E+00
 -8.8240155781E-01 -2.0142522757E-01  3.3086518740E+00  9.1413249803E-01 -3.6909391047E+00
 -8.7696467867E-01 -2.0043015234E-01  3.2842716593E+00  9.1831927157E-01 -3.7553951485E+00
 -8.7110700212E-01 -2.0013030360E-01  3.2599705862E+00  9.2198249415E-01 -3.8150915168E+00
 -8.6483851952E-01 -2.0053099010E-01  3.2357736926E+00  9.2511372641E-01 -3.8697866402E+00
 -8.5817037782E-01 -2.0163785164E-01  3.2117059882E+00  9.2770910645E-01 -3.9192828863E+00
 -8.5111497825E-01 -2.0345682292E-01  3.1877924813E+00  9.2976928288E-01 -3.9634285947E+00
 -8.4368605457E-01 -2.0599408930E-01  3.1640582044E+00  9.3129929917E-01 -4.0021193176E+00
 -8.3589871131E-01 -2.0925602117E-01  3.1405282464E+00  9.3230843017E-01 -4.0352982685E+00
 -8.2776938708E-01 -2.1324906647E-01  3.1172278014E+00  9.3280997513E-01 -4.0629560031E+00
 -8.1931568054E-01 -2.1797956493E-01  3.0941822503E+00  9.3282101204E-01 -4.0851293720E+00
 -8.1055592181E-01 -2.2345341729E-01  3.0714173033E+00  9.3236211806E-01 -4.1018998007E+00
 -8.0150824798E-01 -2.2967547517E-01  3.0489592577E+00  9.3145706103E-01 -4.1133909666E+00
 -7.8450910120E-01 -2.4279374159E-01  3.0093206047E+00  9.2878377490E-01 -4.1213150860E+00
</Path of -GradDelSqRho>
<Path of -GradDelSqRho>
Starting CP# =      7
Ending CP# =      1
Number of Points =      7
 -6.5594165613E-01 -6.3092410173E-01  3.3684370026E+00  2.2476394056E+01  1.2262090747E+03
 -6.4298974985E-01 -6.5107693828E-01  3.3612878086E+00  3.2664939186E+01  9.7933983291E+02
 -6.3003716332E-01 -6.7121317502E-01  3.3540932008E+00  4.7841990278E+01 -7.7210962961E+02
 -6.1708429153E-01 -6.9134203507E-01  3.3468784872E+00  7.0383612742E+01 -6.3129811554E+03
 -6.0413122271E-01 -7.1146565468E-01  3.3396495252E+00  1.0383016264E+02 -2.0354012841E+04
 -5.9117782775E-01 -7.3158048101E-01  3.3323967124E+00  1.5401092891E+02 -7.4364328346E+04
 -5.6852161725E-01 -7.6674739279E-01  3.3196729349E+00  2.9726841864E+02 -3.3289788923E+06
</Path of -GradDelSqRho>
<Path of -GradDelSqRho>
Starting CP# =     10
Ending CP# =     17
Number of Points =     30
 -4.3642824316E-01 -7.2025252627E-01  2.6671181961E+00  8.5830119047E-01 -3.4618097187E+00
 -4.4076307325E-01 -7.1259735283E-01  2.6673335698E+00  8.5894997354E-01 -3.4620289162E+00
 -4.4843692136E-01 -6.9858621524E-01  2.6666597804E+00  8.5804315889E-01 -3.4638545178E+00
 -4.6061221955E-01 -6.7688017443E-01  2.6668206023E+00  8.5753975448E-01 -3.4699285971E+00
 -4.7304236097E-01 -6.5523534776E-01  2.6681998140E+00  8.5771957015E-01 -3.4798728701E+00
 -4.8561668540E-01 -6.3376352630E-01  2.6705991116E+00  8.5826471476E-01 -3.4934540884E+00
 -4.9831295019E-01 -6.1250179981E-01  2.6740128404E+00  8.5916404202E-01 -3.5104311854E+00
 -5.1110876440E-01 -5.9148659114E-01  2.6784330502E+00  8.6040456342E-01 -3.5305452228E+00
 -5.2398167867E-01 -5.7075351451E-01  2.6838495287E+00  8.6197148854E-01 -3.5535217564E+00
 -5.3690927636E-01 -5.5033723866E-01  2.6902498520E+00  8.6384825927E-01 -3.5790729382E+00
 -5.4986926514E-01 -5.3027135751E-01  2.6976194556E+00  8.6601658004E-01 -3.6068993309E+00
