 AIMInt (Version 14.11.23, Professional)
 Portions Copyright (c) 1997-2014 by Todd A. Keith
 AIMInt is a component of the AIMAll package ( http://aim.tkgristmill.com )

 AIMInt is a heavily modified and extended version of the PROAIMV program
 developed by members of R.F.W. Bader's research group

 Much of the Quantum Theory of Atoms in Molecules (QTAIM) is described in the book:
   "Atoms in Molecules - A Quantum Theory"
   R.F.W. Bader, Oxford University Press, Oxford, 1990

 For additional references see:  http://aim.tkgristmill.com/references.html

 Inp File:  E:\Proyecto spin\estructuras hexahidratadas\estructuras hexahidratadas solas\modredundant\Ni23\Ni23_22_atomicfiles\ni1.inp
 Wfx File:  E:\Proyecto spin\estructuras hexahidratadas\estructuras hexahidratadas solas\modredundant\Ni23\Ni23_22.wfx
 Out File:  E:\Proyecto spin\estructuras hexahidratadas\estructuras hexahidratadas solas\modredundant\Ni23\Ni23_22_atomicfiles\ni1.int

 Wfx Title:   Ni23_22                                                                       
 Job Title:   Ni23_22                                                                       
 
<Atom>
Ni1     
</Atom>
<Nuclei of Molecule>
    19
Ni1       28.0           0.0000000000E+00   0.0000000000E+00   0.0000000000E+00
O2         8.0          -4.1560826401E+00   3.2269968594E-02  -9.9446846522E-02
H3         1.0          -5.2596050897E+00  -1.4112563829E+00   1.4029900595E-02
H4         1.0          -5.1686146001E+00   1.5359050036E+00   7.2565345467E-02
O5         8.0           4.1317284806E-02   8.5725118008E-02   4.1563082120E+00
H6         1.0          -1.3929588330E+00  -5.7045360870E-02   5.2683348113E+00
H7         1.0           1.5538658140E+00  -8.1500970970E-02   5.1564496310E+00
O8         8.0          -8.4856509206E-02   4.1560456123E+00   6.3546366765E-02
H9         1.0           1.3417489306E-02   5.2825362190E+00  -1.3631028283E+00
H10        1.0           5.2324201776E-02   5.1498640523E+00   1.5832701479E+00
O11        8.0           4.1560826401E+00  -3.2269968594E-02   9.9446846522E-02
H12        1.0           5.2596050897E+00   1.4112563829E+00  -1.4029900595E-02
H13        1.0           5.1686146001E+00  -1.5359050036E+00  -7.2565345467E-02
O14        8.0          -4.1317284806E-02  -8.5725118008E-02  -4.1563082120E+00
H15        1.0           1.3929588330E+00   5.7045360870E-02  -5.2683348113E+00
H16        1.0          -1.5538658140E+00   8.1500970970E-02  -5.1564496310E+00
O17        8.0           8.4856509206E-02  -4.1560456123E+00  -6.3546366765E-02
H18        1.0          -1.3417489306E-02  -5.2825362190E+00   1.3631028283E+00
H19        1.0          -5.2324201776E-02  -5.1498640523E+00  -1.5832701479E+00
</Nuclei of Molecule>
<Total Number of CPs of DelSqRho>
    99
</Total Number of CPs of DelSqRho>
<Number of (3,+3) CPs of DelSqRho>
    15
</Number of (3,+3) CPs of DelSqRho>
<Number of (3,+1) CPs of DelSqRho>
    39
</Number of (3,+1) CPs of DelSqRho>
<Number of (3,-1) CPs of DelSqRho>
    33
</Number of (3,-1) CPs of DelSqRho>
<Number of (3,-3) CPs of DelSqRho>
    12
</Number of (3,-3) CPs of DelSqRho>
<Number of Degenerate CPs of DelSqRho>
     0
</Number of Degenerate CPs of DelSqRho>
<CP of DelSqRho>
CP# = 1       
Type = (3,+3)
Coords =  2.01647077773657E-27 -2.29522445157093E-27  1.40723082543299E-27
DistFromNuc =  3.3637045466E-27
Rho =  1.4571552012E+04
DelSqRho = -2.5336553653E+09
GradDelSqRho =  4.4669290427E-13  1.8792205873E-13  1.0138909684E-13
HessDelSqRho_EigVals =  1.8542424462E+15  1.8542424464E+15  1.8542424484E+15
HessDelSqRho_EigVec1 = -3.4957043806E-01 -4.9375115556E-01 -7.9624764064E-01
HessDelSqRho_EigVec2 =  7.5443709444E-01 -6.5227145571E-01  7.3257208473E-02
HessDelSqRho_EigVec3 =  5.5554043900E-01  5.7511020200E-01 -6.0051900569E-01
</CP of DelSqRho>
<CP of DelSqRho>
CP# = 2       
Type = (3,-1)
Coords =  1.43122964673944E-01  1.56829813927959E-04  4.54314773508973E-04
DistFromNuc =  1.4312377166E-01
Rho =  1.3967722154E+02
DelSqRho = -1.0078979815E+04
GradDelSqRho = -1.1641532183E-10  2.9103830457E-11  5.8207660913E-11
HessDelSqRho_EigVals = -1.6102859347E+05 -1.6000129690E+05  2.4284884489E+07
HessDelSqRho_EigVec1 = -3.0131456914E-03  7.1062213265E-01  7.0356741365E-01
HessDelSqRho_EigVec2 = -1.4967332750E-03 -7.0357302430E-01  7.1062138954E-01
HessDelSqRho_EigVec3 =  9.9999434036E-01  1.0881530189E-03  3.1835798187E-03
</CP of DelSqRho>
<CP of DelSqRho>
CP# = 3       
Type = (3,-1)
Coords = -8.38269798567802E-05 -2.13599951498709E-04  1.43123568775988E-01
DistFromNuc =  1.4312375271E-01
Rho =  1.3967729496E+02
DelSqRho = -1.0079017382E+04
GradDelSqRho = -5.8207660913E-11 -1.0186340660E-10 -2.7830537874E-10
HessDelSqRho_EigVals = -1.6089970880E+05 -1.6010190411E+05  2.4284913976E+07
HessDelSqRho_EigVec1 =  7.0805986392E-01 -7.0615212322E-01 -6.3873613136E-04
HessDelSqRho_EigVec2 =  7.0615217683E-01  7.0805860000E-01  1.4567526156E-03
HessDelSqRho_EigVec3 = -5.7642634156E-04 -1.4825129683E-03  9.9999873494E-01
</CP of DelSqRho>
<CP of DelSqRho>
CP# = 4       
Type = (3,+1)
Coords = -4.40019141491446E-04  1.00989186566075E-01  1.01575005733283E-01
DistFromNuc =  1.4323578886E-01
Rho =  1.4002618167E+02
DelSqRho = -1.0487875624E+04
GradDelSqRho = -1.0186340660E-10  4.3655745685E-11 -1.4551915228E-11
HessDelSqRho_EigVals = -8.1151988108E+04  1.5994132118E+05  2.4147222420E+07
HessDelSqRho_EigVec1 =  9.9999026431E-01  4.4122652753E-03 -5.6585825632E-05
HessDelSqRho_EigVec2 = -3.1688362452E-03  7.0913888921E-01 -7.0506169538E-01
HessDelSqRho_EigVec3 = -3.0707920259E-03  7.0505501043E-01  7.0914596700E-01
</CP of DelSqRho>
<CP of DelSqRho>
CP# = 5       
Type = (3,+1)
Coords = -2.98650795322976E-04 -1.01572197067763E-01  1.00996308538770E-01
DistFromNuc =  1.4323845415E-01
Rho =  1.4003195236E+02
DelSqRho = -1.0492375444E+04
GradDelSqRho =  1.7462298274E-10  1.1641532183E-10 -2.9103830457E-11
HessDelSqRho_EigVals = -7.9241985772E+04  1.6080889729E+05  2.4144827539E+07
HessDelSqRho_EigVec1 =  9.9999455675E-01  3.3989153783E-04  3.2819106919E-03
HessDelSqRho_EigVec2 = -2.5668976756E-03  7.0509566128E-01  7.0910755142E-01
HessDelSqRho_EigVec3 =  2.0730413334E-03  7.0911211590E-01 -7.0509269574E-01
</CP of DelSqRho>
<CP of DelSqRho>
CP# = 6       
Type = (3,+1)
Coords =  4.40019141492383E-04 -1.00989186566075E-01 -1.01575005733283E-01
DistFromNuc =  1.4323578886E-01
Rho =  1.4002618167E+02
DelSqRho = -1.0487875624E+04
GradDelSqRho =  2.9103830457E-11 -7.2759576142E-11  2.1100277081E-10
HessDelSqRho_EigVals = -8.1151988108E+04  1.5994132118E+05  2.4147222420E+07
HessDelSqRho_EigVec1 =  9.9999026431E-01  4.4122652753E-03 -5.6585825633E-05
HessDelSqRho_EigVec2 = -3.1688362452E-03  7.0913888921E-01 -7.0506169538E-01
HessDelSqRho_EigVec3 = -3.0707920259E-03  7.0505501043E-01  7.0914596700E-01
</CP of DelSqRho>
<CP of DelSqRho>
CP# = 7       
Type = (3,+1)
Coords =  1.01091255918213E-01 -1.11353996154270E-04  1.01474371077489E-01
DistFromNuc =  1.4323582795E-01
Rho =  1.4002645488E+02
DelSqRho = -1.0488010021E+04
GradDelSqRho =  5.8207660913E-11 -2.9103830457E-11 -1.1641532183E-10
HessDelSqRho_EigVals = -8.1099287412E+04  1.5995963013E+05  2.4147198772E+07
HessDelSqRho_EigVec1 =  1.9615344746E-04  9.9999957606E-01  8.9966634162E-04
HessDelSqRho_EigVec2 =  7.0844319103E-01  4.9599205057E-04 -7.0576766650E-01
HessDelSqRho_EigVec3 =  7.0576781352E-01 -7.7580125481E-04  7.0844279340E-01
</CP of DelSqRho>
<CP of DelSqRho>
CP# = 8       
Type = (3,+1)
Coords = -1.01472155069703E-01 -8.46638782607193E-04  1.01093559824824E-01
DistFromNuc =  1.4323834295E-01
Rho =  1.4003189086E+02
DelSqRho = -1.0492256354E+04
GradDelSqRho = -2.4738255888E-10 -2.9103830457E-11 -1.7462298274E-10
HessDelSqRho_EigVals = -7.9293766302E+04  1.6077759471E+05  2.4144939105E+07
HessDelSqRho_EigVec1 = -4.1001363555E-03  9.9998259843E-01  4.2416636870E-03
HessDelSqRho_EigVec2 =  7.0578458089E-01 -1.1109589533E-04  7.0842650504E-01
HessDelSqRho_EigVec3 =  7.0841464854E-01  5.8983460962E-03 -7.0577184362E-01
</CP of DelSqRho>
<CP of DelSqRho>
CP# = 9       
Type = (3,+1)
Coords = -1.01091255918213E-01  1.11353996153769E-04 -1.01474371077489E-01
DistFromNuc =  1.4323582795E-01
Rho =  1.4002645488E+02
DelSqRho = -1.0488010021E+04
GradDelSqRho =  0.0000000000E+00 -5.8207660913E-11  1.1641532183E-10
HessDelSqRho_EigVals = -8.1099287412E+04  1.5995963013E+05  2.4147198772E+07
HessDelSqRho_EigVec1 =  1.9615344745E-04  9.9999957606E-01  8.9966634163E-04
HessDelSqRho_EigVec2 =  7.0844319103E-01  4.9599205059E-04 -7.0576766650E-01
HessDelSqRho_EigVec3 =  7.0576781352E-01 -7.7580125481E-04  7.0844279340E-01
</CP of DelSqRho>
<CP of DelSqRho>
CP# = 10      
Type = (3,+1)
Coords = -1.01503705663773E-01  1.01062228166692E-01  8.96495177684843E-05
DistFromNuc =  1.4323611368E-01
Rho =  1.4002684880E+02
DelSqRho = -1.0488410818E+04
GradDelSqRho =  2.3283064365E-10  2.3283064365E-10 -5.8207660913E-11
HessDelSqRho_EigVals = -8.0927521575E+04  1.6005831916E+05  2.4146919156E+07
HessDelSqRho_EigVec1 = -4.2880082471E-03 -5.1943410809E-03  9.9997731565E-01
HessDelSqRho_EigVec2 =  7.0555075518E-01  7.0862765674E-01  6.7064133360E-03
HessDelSqRho_EigVec3 =  7.0864641737E-01 -7.0556350737E-01 -6.2627003605E-04
</CP of DelSqRho>
<CP of DelSqRho>
CP# = 11      
Type = (3,+1)
Coords =  1.01503705663775E-01 -1.01062228166690E-01 -8.96495177688299E-05
DistFromNuc =  1.4323611368E-01
Rho =  1.4002684880E+02
DelSqRho = -1.0488410818E+04
GradDelSqRho = -2.3283064365E-10  1.1641532183E-10  2.9103830457E-11
HessDelSqRho_EigVals = -8.0927521575E+04  1.6005831916E+05  2.4146919156E+07
HessDelSqRho_EigVec1 = -4.2880082471E-03 -5.1943410809E-03  9.9997731565E-01
HessDelSqRho_EigVec2 =  7.0555075518E-01  7.0862765674E-01  6.7064133360E-03
HessDelSqRho_EigVec3 =  7.0864641737E-01 -7.0556350737E-01 -6.2627003605E-04
</CP of DelSqRho>
<CP of DelSqRho>
CP# = 12      
Type = (3,-1)
Coords = -8.02526881939809E-04  1.80861518666889E-01  1.81903455690830E-01
DistFromNuc =  2.5651588679E-01
Rho =  3.4229400985E+01
DelSqRho =  3.0798332029E+03
GradDelSqRho =  2.3874235922E-12  3.6379788071E-12  1.9895196601E-13
HessDelSqRho_EigVals = -1.3213393163E+06 -2.0952960988E+04  4.1332913169E+04
HessDelSqRho_EigVec1 = -3.1246172925E-03  7.0506948539E-01  7.0913134011E-01
HessDelSqRho_EigVec2 =  9.9999065335E-01  4.3221965470E-03  1.0877983854E-04
HessDelSqRho_EigVec3 = -2.9883076848E-03  7.0912505201E-01 -7.0507640057E-01
</CP of DelSqRho>
<CP of DelSqRho>
CP# = 13      
Type = (3,-1)
Coords = -6.75477815203922E-04 -1.81913887604099E-01  1.80876912884962E-01
DistFromNuc =  2.5653377241E-01
Rho =  3.4236009853E+01
DelSqRho =  3.0767153091E+03
GradDelSqRho = -3.6379788071E-12 -5.4569682106E-12 -3.6379788071E-12
HessDelSqRho_EigVals = -1.3207832631E+06 -2.0474009895E+04  4.1511578916E+04
HessDelSqRho_EigVec1 =  2.5952911319E-03  7.0912221093E-01 -7.0508081411E-01
HessDelSqRho_EigVec2 =  9.9999328218E-01 -1.5302111357E-05  3.6654275347E-03
HessDelSqRho_EigVec3 = -2.5884468523E-03  7.0508559035E-01  7.0911748689E-01
</CP of DelSqRho>
<CP of DelSqRho>
CP# = 14      
Type = (3,-1)
Coords =  6.75477815203670E-04  1.81913887604099E-01 -1.80876912884962E-01
DistFromNuc =  2.5653377241E-01
Rho =  3.4236009853E+01
DelSqRho =  3.0767153091E+03
GradDelSqRho =  1.2505552149E-11 -2.7284841053E-12  1.0913936421E-11
HessDelSqRho_EigVals = -1.3207832631E+06 -2.0474009895E+04  4.1511578916E+04
HessDelSqRho_EigVec1 =  2.5952911319E-03  7.0912221093E-01 -7.0508081411E-01
HessDelSqRho_EigVec2 =  9.9999328218E-01 -1.5302111359E-05  3.6654275347E-03
HessDelSqRho_EigVec3 = -2.5884468523E-03  7.0508559035E-01  7.0911748689E-01
</CP of DelSqRho>
<CP of DelSqRho>
CP# = 15      
Type = (3,-1)
Coords =  8.02526881940057E-04 -1.80861518666889E-01 -1.81903455690830E-01
DistFromNuc =  2.5651588679E-01
Rho =  3.4229400985E+01
DelSqRho =  3.0798332029E+03
GradDelSqRho = -4.4337866711E-12  4.4337866711E-12  6.6791017161E-12
HessDelSqRho_EigVals = -1.3213393163E+06 -2.0952960988E+04  4.1332913169E+04
HessDelSqRho_EigVec1 = -3.1246172925E-03  7.0506948539E-01  7.0913134011E-01
HessDelSqRho_EigVec2 =  9.9999065335E-01  4.3221965470E-03  1.0877983854E-04
HessDelSqRho_EigVec3 = -2.9883076848E-03  7.0912505201E-01 -7.0507640057E-01
</CP of DelSqRho>
<CP of DelSqRho>
CP# = 16      
Type = (3,-1)
Coords =  4.62434599369538E-04 -1.43121806308920E-01 -6.05536944790552E-04
DistFromNuc =  1.4312383436E-01
Rho =  1.3967698041E+02
DelSqRho = -1.0078930702E+04
GradDelSqRho = -1.4551915228E-10 -1.7462298274E-10  0.0000000000E+00
HessDelSqRho_EigVals = -1.6101124768E+05 -1.6003930983E+05  2.4284807388E+07
HessDelSqRho_EigVec1 =  7.1112975951E-01 -6.7838447013E-04  7.0306045611E-01
HessDelSqRho_EigVec2 = -7.0305332397E-01 -5.2926484259E-03  7.1111743863E-01
HessDelSqRho_EigVec3 = -3.2386407895E-03  9.9998576373E-01  4.2407002589E-03
</CP of DelSqRho>
<CP of DelSqRho>
CP# = 17      
Type = (3,+1)
Coords =  2.98650795324887E-04  1.01572197067763E-01 -1.00996308538770E-01
DistFromNuc =  1.4323845415E-01
Rho =  1.4003195236E+02
DelSqRho = -1.0492375444E+04
GradDelSqRho =  1.7462298274E-10 -1.1641532183E-10 -5.8207660913E-11
HessDelSqRho_EigVals = -7.9241985772E+04  1.6080889729E+05  2.4144827539E+07
HessDelSqRho_EigVec1 =  9.9999455675E-01  3.3989153782E-04  3.2819106919E-03
HessDelSqRho_EigVec2 = -2.5668976756E-03  7.0509566128E-01  7.0910755142E-01
HessDelSqRho_EigVec3 =  2.0730413335E-03  7.0911211590E-01 -7.0509269574E-01
</CP of DelSqRho>
<CP of DelSqRho>
CP# = 18      
Type = (3,+1)
Coords =  1.01472155069702E-01  8.46638782608713E-04 -1.01093559824825E-01
DistFromNuc =  1.4323834295E-01
Rho =  1.4003189086E+02
DelSqRho = -1.0492256354E+04
GradDelSqRho = -1.3096723706E-10  8.7311491370E-11 -1.4551915228E-11
HessDelSqRho_EigVals = -7.9293766302E+04  1.6077759471E+05  2.4144939105E+07
HessDelSqRho_EigVec1 = -4.1001363555E-03  9.9998259843E-01  4.2416636871E-03
HessDelSqRho_EigVec2 =  7.0578458089E-01 -1.1109589533E-04  7.0842650504E-01
HessDelSqRho_EigVec3 =  7.0841464854E-01  5.8983460962E-03 -7.0577184362E-01
</CP of DelSqRho>
<CP of DelSqRho>
CP# = 19      
Type = (3,+3)
Coords =  8.26054334687089E-02  8.28612498470923E-02  8.26917257200481E-02
DistFromNuc =  1.4327444248E-01
Rho =  1.4014618160E+02
DelSqRho = -1.0627474726E+04
GradDelSqRho = -7.2759576142E-11 -2.9103830457E-10 -1.7462298274E-10
HessDelSqRho_EigVals =  1.0623061808E+05  1.0838251640E+05  2.4100359152E+07
HessDelSqRho_EigVec1 = -3.9757126429E-01 -4.1855004871E-01  8.1654941463E-01
HessDelSqRho_EigVec2 =  7.1381133872E-01 -7.0024548609E-01 -1.1385601103E-02
HessDelSqRho_EigVec3 = -5.7655048566E-01 -5.7833564297E-01 -5.7716325382E-01
</CP of DelSqRho>
<CP of DelSqRho>
CP# = 20      
Type = (3,+3)
Coords = -8.33138019624541E-02  8.18599271556568E-02  8.29781382586737E-02
DistFromNuc =  1.4327459196E-01
Rho =  1.4014636820E+02
DelSqRho = -1.0627424133E+04
GradDelSqRho =  5.8207660913E-11  0.0000000000E+00 -1.7462298274E-10
HessDelSqRho_EigVals =  1.0606876357E+05  1.0830992110E+05  2.4100273639E+07
HessDelSqRho_EigVec1 =  3.6480687280E-01  8.1942266818E-01 -4.4211133940E-01
HessDelSqRho_EigVec2 = -7.2717358887E-01 -4.5806125761E-02 -6.8492362384E-01
HessDelSqRho_EigVec3 =  5.8149335096E-01 -5.7135653467E-01 -5.7915213293E-01
</CP of DelSqRho>
<CP of DelSqRho>
CP# = 21      
Type = (3,+3)
Coords = -8.26636843162026E-02 -8.31212842232463E-02  8.23747759367520E-02
DistFromNuc =  1.4327608421E-01
Rho =  1.4014804850E+02
DelSqRho = -1.0626776037E+04
GradDelSqRho =  1.4551915228E-11  8.7311491370E-11  5.8207660913E-11
HessDelSqRho_EigVals =  1.0581321379E+05  1.0604556491E+05  2.4099464198E+07
HessDelSqRho_EigVec1 =  7.5632732297E-01 -6.4523370378E-01  1.0790017627E-01
HessDelSqRho_EigVec2 = -3.0837070884E-01 -4.9709403474E-01 -8.1105180263E-01
HessDelSqRho_EigVec3 =  5.7695449254E-01  5.8014738484E-01 -5.7493697516E-01
</CP of DelSqRho>
<CP of DelSqRho>
CP# = 22      
Type = (3,+3)
Coords =  8.26636843162033E-02  8.31212842232465E-02 -8.23747759367510E-02
DistFromNuc =  1.4327608421E-01
Rho =  1.4014804850E+02
DelSqRho = -1.0626776037E+04
GradDelSqRho = -4.3655745685E-11 -1.0186340660E-10  2.0372681320E-10
HessDelSqRho_EigVals =  1.0581321379E+05  1.0604556491E+05  2.4099464198E+07
HessDelSqRho_EigVec1 =  7.5632732297E-01 -6.4523370378E-01  1.0790017627E-01
HessDelSqRho_EigVec2 = -3.0837070884E-01 -4.9709403474E-01 -8.1105180263E-01
HessDelSqRho_EigVec3 =  5.7695449254E-01  5.8014738484E-01 -5.7493697516E-01
</CP of DelSqRho>
<CP of DelSqRho>
CP# = 23      
Type = (3,+3)
Coords =  8.33138019624540E-02 -8.18599271556575E-02 -8.29781382586730E-02
DistFromNuc =  1.4327459196E-01
Rho =  1.4014636820E+02
DelSqRho = -1.0627424133E+04
GradDelSqRho = -6.5483618528E-11  2.1827872843E-10  1.1641532183E-10
HessDelSqRho_EigVals =  1.0606876357E+05  1.0830992110E+05  2.4100273639E+07
HessDelSqRho_EigVec1 =  3.6480687279E-01  8.1942266818E-01 -4.4211133941E-01
HessDelSqRho_EigVec2 = -7.2717358887E-01 -4.5806125765E-02 -6.8492362384E-01
HessDelSqRho_EigVec3 =  5.8149335096E-01 -5.7135653467E-01 -5.7915213293E-01
</CP of DelSqRho>
<CP of DelSqRho>
CP# = 24      
Type = (3,+3)
Coords = -8.26054334687079E-02 -8.28612498470934E-02 -8.26917257200479E-02
DistFromNuc =  1.4327444248E-01
Rho =  1.4014618160E+02
DelSqRho = -1.0627474726E+04
GradDelSqRho =  1.3096723706E-10  8.7311491370E-11  2.3283064365E-10
HessDelSqRho_EigVals =  1.0623061808E+05  1.0838251640E+05  2.4100359152E+07
HessDelSqRho_EigVec1 = -3.9757126429E-01 -4.1855004871E-01  8.1654941463E-01
HessDelSqRho_EigVec2 =  7.1381133872E-01 -7.0024548610E-01 -1.1385601102E-02
HessDelSqRho_EigVec3 = -5.7655048566E-01 -5.7833564297E-01 -5.7716325382E-01
</CP of DelSqRho>
<CP of DelSqRho>
CP# = 25      
Type = (3,-3)
Coords =  2.55443793651800E-01  3.23840644342600E-04  7.59222287348683E-04
DistFromNuc =  2.5544512719E-01
Rho =  3.3650982453E+01
DelSqRho =  3.4197878754E+03
GradDelSqRho = -7.2759576142E-12  2.7284841053E-12  3.4319214137E-12
HessDelSqRho_EigVals = -1.3581968725E+06 -4.2110502236E+04 -4.1823312548E+04
HessDelSqRho_EigVec1 =  9.9999472324E-01  1.2432951062E-03  3.0012829970E-03
HessDelSqRho_EigVec2 = -2.9926392826E-03  7.1201265044E-01  7.0216025929E-01
HessDelSqRho_EigVec3 = -1.2639590472E-03 -7.0216553592E-01  7.1201261406E-01
</CP of DelSqRho>
<CP of DelSqRho>
CP# = 26      
Type = (3,-3)
Coords = -2.55443793651800E-01 -3.23840644342667E-04 -7.59222287348367E-04
DistFromNuc =  2.5544512719E-01
Rho =  3.3650982453E+01
DelSqRho =  3.4197878754E+03
GradDelSqRho =  1.0913936421E-11  4.5474735089E-12 -5.0235371418E-12
HessDelSqRho_EigVals = -1.3581968725E+06 -4.2110502236E+04 -4.1823312548E+04
HessDelSqRho_EigVec1 =  9.9999472324E-01  1.2432951062E-03  3.0012829970E-03
HessDelSqRho_EigVec2 = -2.9926392826E-03  7.1201265044E-01  7.0216025929E-01
HessDelSqRho_EigVec3 = -1.2639590472E-03 -7.0216553592E-01  7.1201261406E-01
</CP of DelSqRho>
<CP of DelSqRho>
CP# = 27      
Type = (3,-3)
Coords = -7.82689134044004E-04  2.55441915950841E-01  1.02440626582357E-03
DistFromNuc =  2.5544516914E-01
Rho =  3.3650834527E+01
DelSqRho =  3.4197990897E+03
GradDelSqRho =  4.5474735089E-12 -5.4569682106E-12  6.3948846218E-12
HessDelSqRho_EigVals = -1.3581933599E+06 -4.2104076644E+04 -4.1832438546E+04
HessDelSqRho_EigVec1 = -3.0879928218E-03  9.9998706413E-01  4.0417658304E-03
HessDelSqRho_EigVec2 =  7.1124971423E-01 -6.4478970774E-04  7.0293913553E-01
HessDelSqRho_EigVec3 =  7.0293264849E-01  5.0453757966E-03 -7.1123852249E-01
</CP of DelSqRho>
<CP of DelSqRho>
CP# = 28      
Type = (3,-3)
Coords =  7.82689134043836E-04 -2.55441915950841E-01 -1.02440626582370E-03
DistFromNuc =  2.5544516914E-01
Rho =  3.3650834527E+01
DelSqRho =  3.4197990897E+03
GradDelSqRho =  9.5496943686E-12 -2.7284841053E-12 -2.2737367544E-12
HessDelSqRho_EigVals = -1.3581933599E+06 -4.2104076644E+04 -4.1832438546E+04
HessDelSqRho_EigVec1 = -3.0879928218E-03  9.9998706413E-01  4.0417658304E-03
HessDelSqRho_EigVec2 =  7.1124971423E-01 -6.4478970775E-04  7.0293913553E-01
HessDelSqRho_EigVec3 =  7.0293264849E-01  5.0453757966E-03 -7.1123852249E-01
</CP of DelSqRho>
<CP of DelSqRho>
CP# = 29      
Type = (3,-3)
Coords = -2.02723470393842E-04 -4.36306735611094E-04  2.55444725902148E-01
DistFromNuc =  2.5544517896E-01
Rho =  3.3650985806E+01
DelSqRho =  3.4197730349E+03
GradDelSqRho =  2.9558577808E-12 -1.0942358131E-12  2.5465851650E-11
HessDelSqRho_EigVals = -1.3581957158E+06 -4.2075494399E+04 -4.1852430957E+04
HessDelSqRho_EigVec1 = -7.6393098879E-04 -1.6769674779E-03  9.9999830209E-01
HessDelSqRho_EigVec2 = -7.0668864743E-01  7.0752437234E-01  6.4663510296E-04
HessDelSqRho_EigVec3 =  7.0752425542E-01  7.0668695355E-01  1.7255936721E-03
</CP of DelSqRho>
<CP of DelSqRho>
CP# = 30      
Type = (3,-3)
Coords =  2.02723470394213E-04  4.36306735611245E-04 -2.55444725902148E-01
DistFromNuc =  2.5544517896E-01
Rho =  3.3650985806E+01
DelSqRho =  3.4197730349E+03
GradDelSqRho = -1.2448708731E-11 -1.5852208435E-11  1.6370904632E-11
HessDelSqRho_EigVals = -1.3581957158E+06 -4.2075494399E+04 -4.1852430957E+04
HessDelSqRho_EigVec1 = -7.6393098879E-04 -1.6769674779E-03  9.9999830209E-01
HessDelSqRho_EigVec2 = -7.0668864743E-01  7.0752437234E-01  6.4663510296E-04
HessDelSqRho_EigVec3 =  7.0752425542E-01  7.0668695355E-01  1.7255936721E-03
</CP of DelSqRho>
<CP of DelSqRho>
CP# = 31      
Type = (3,-1)
Coords =  1.81041545482600E-01 -2.16645331896085E-04  1.81726545747694E-01
DistFromNuc =  2.5651632610E-01
Rho =  3.4229641193E+01
DelSqRho =  3.0797541778E+03
GradDelSqRho = -7.2759576142E-12  4.0927261580E-12  1.4551915228E-11
HessDelSqRho_EigVals = -1.3213269108E+06 -2.0941115713E+04  4.1336340955E+04
HessDelSqRho_EigVec1 =  7.0576989151E-01 -8.3969995860E-04  7.0844065040E-01
HessDelSqRho_EigVec2 =  1.0960622122E-04  9.9999941501E-01  1.0760854789E-03
HessDelSqRho_EigVec3 =  7.0844113956E-01  6.8181922903E-04 -7.0576957068E-01
</CP of DelSqRho>
<CP of DelSqRho>
CP# = 32      
Type = (3,-1)
Coords = -1.81732869093969E-01 -1.66134661604189E-03  1.81051617573742E-01
DistFromNuc =  2.5653320254E-01
Rho =  3.4235867696E+01
DelSqRho =  3.0768113235E+03
GradDelSqRho = -1.8189894035E-11  3.2542857298E-12  2.1600499167E-12
HessDelSqRho_EigVals = -1.3208020930E+06 -2.0488333386E+04  4.1504760501E+04
HessDelSqRho_EigVec1 =  7.0841887525E-01  6.4370962024E-03 -7.0576289289E-01
HessDelSqRho_EigVec2 = -4.4677611934E-03  9.9997927309E-01  4.6359995046E-03
HessDelSqRho_EigVec3 =  7.0577810699E-01 -1.3104949013E-04  7.0843295133E-01
</CP of DelSqRho>
<CP of DelSqRho>
CP# = 33      
Type = (3,-1)
Coords =  1.81732869093969E-01  1.66134661604142E-03 -1.81051617573742E-01
DistFromNuc =  2.5653320254E-01
Rho =  3.4235867696E+01
DelSqRho =  3.0768113235E+03
GradDelSqRho = -1.4551915228E-11  8.5833562480E-12  7.6170181273E-12
HessDelSqRho_EigVals = -1.3208020930E+06 -2.0488333386E+04  4.1504760501E+04
HessDelSqRho_EigVec1 =  7.0841887525E-01  6.4370962024E-03 -7.0576289289E-01
HessDelSqRho_EigVec2 = -4.4677611934E-03  9.9997927309E-01  4.6359995046E-03
HessDelSqRho_EigVec3 =  7.0577810699E-01 -1.3104949013E-04  7.0843295133E-01
</CP of DelSqRho>
<CP of DelSqRho>
CP# = 34      
Type = (3,-1)
Coords = -1.81041545482600E-01  2.16645331896399E-04 -1.81726545747694E-01
DistFromNuc =  2.5651632610E-01
Rho =  3.4229641193E+01
DelSqRho =  3.0797541778E+03
GradDelSqRho =  2.5465851650E-11 -5.2295945352E-12  1.2732925825E-11
HessDelSqRho_EigVals = -1.3213269108E+06 -2.0941115713E+04  4.1336340955E+04
HessDelSqRho_EigVec1 =  7.0576989151E-01 -8.3969995860E-04  7.0844065040E-01
HessDelSqRho_EigVec2 =  1.0960622122E-04  9.9999941501E-01  1.0760854789E-03
HessDelSqRho_EigVec3 =  7.0844113956E-01  6.8181922903E-04 -7.0576957068E-01
</CP of DelSqRho>
<CP of DelSqRho>
CP# = 35      
Type = (3,-1)
Coords =  1.81002505423334E-01  1.81787441560585E-01  4.29971799682883E-05
DistFromNuc =  2.5653183570E-01
Rho =  3.4235293831E+01
DelSqRho =  3.0770421314E+03
GradDelSqRho =  3.8653524825E-12  1.1098677533E-11 -2.5011104299E-12
HessDelSqRho_EigVals = -1.3208427236E+06 -2.0523986952E+04  4.1494967740E+04
HessDelSqRho_EigVec1 =  7.0557531440E-01  7.0863490701E-01  2.1044230555E-04
HessDelSqRho_EigVec2 =  4.0218165982E-04 -6.9741369434E-04  9.9999967593E-01
HessDelSqRho_EigVec3 =  7.0863482413E-01 -7.0557500111E-01 -7.7707784976E-04
</CP of DelSqRho>
<CP of DelSqRho>
CP# = 36      
Type = (3,-1)
Coords = -1.81778974680427E-01  1.80991345204419E-01  1.54866291248878E-04
DistFromNuc =  2.5651800455E-01
Rho =  3.4230232679E+01
DelSqRho =  3.0794502789E+03
GradDelSqRho = -1.0913936421E-11  0.0000000000E+00  5.2295945352E-12
HessDelSqRho_EigVals = -1.3212730652E+06 -2.0895807436E+04  4.1357972572E+04
HessDelSqRho_EigVec1 =  7.0864061315E-01 -7.0556935530E-01 -6.0518435658E-04
HessDelSqRho_EigVec2 = -4.1592730106E-03 -5.0350843616E-03  9.9997867396E-01
HessDelSqRho_EigVec3 =  7.0555735545E-01  7.0862298353E-01  6.5027208459E-03
</CP of DelSqRho>
<CP of DelSqRho>
CP# = 37      
Type = (3,-1)
Coords =  1.81778974680428E-01 -1.80991345204419E-01 -1.54866291248954E-04
DistFromNuc =  2.5651800455E-01
Rho =  3.4230232679E+01
DelSqRho =  3.0794502789E+03
GradDelSqRho =  0.0000000000E+00  9.0949470177E-12 -4.3200998334E-12
HessDelSqRho_EigVals = -1.3212730652E+06 -2.0895807436E+04  4.1357972572E+04
HessDelSqRho_EigVec1 =  7.0864061315E-01 -7.0556935530E-01 -6.0518435658E-04
HessDelSqRho_EigVec2 = -4.1592730106E-03 -5.0350843616E-03  9.9997867396E-01
HessDelSqRho_EigVec3 =  7.0555735545E-01  7.0862298353E-01  6.5027208459E-03
</CP of DelSqRho>
<CP of DelSqRho>
CP# = 38      
Type = (3,-1)
Coords = -1.81002505423334E-01 -1.81787441560585E-01 -4.29971799679271E-05
DistFromNuc =  2.5653183570E-01
Rho =  3.4235293831E+01
DelSqRho =  3.0770421314E+03
GradDelSqRho =  1.2050804798E-11  6.2385652200E-12 -8.4128259914E-12
HessDelSqRho_EigVals = -1.3208427236E+06 -2.0523986952E+04  4.1494967740E+04
HessDelSqRho_EigVec1 =  7.0557531440E-01  7.0863490701E-01  2.1044230555E-04
HessDelSqRho_EigVec2 =  4.0218165982E-04 -6.9741369434E-04  9.9999967593E-01
HessDelSqRho_EigVec3 =  7.0863482413E-01 -7.0557500111E-01 -7.7707784976E-04
</CP of DelSqRho>
<CP of DelSqRho>
CP# = 39      
Type = (3,+1)
Coords =  1.48077235841466E-01  1.48544838363220E-01  1.48319869931745E-01
DistFromNuc =  2.5688756411E-01
Rho =  3.4427953507E+01
DelSqRho =  2.9643583440E+03
GradDelSqRho = -3.8653524825E-12  5.9117155615E-12  1.0459189070E-11
HessDelSqRho_EigVals = -1.3086896037E+06  2.7363358846E+04  2.7863759774E+04
HessDelSqRho_EigVec1 =  5.7641742367E-01  5.7823863174E-01  5.7739331348E-01
HessDelSqRho_EigVec2 =  3.9855416146E-01  4.1790716010E-01 -8.1639952592E-01
HessDelSqRho_EigVec3 =  7.1337054472E-01 -7.0070941930E-01 -1.0429555558E-02
</CP of DelSqRho>
<CP of DelSqRho>
CP# = 40      
Type = (3,+1)
Coords = -1.49343699527431E-01  1.46839369026226E-01  1.48748645578048E-01
DistFromNuc =  2.5688810881E-01
Rho =  3.4427929247E+01
DelSqRho =  2.9644693145E+03
GradDelSqRho =  0.0000000000E+00  5.4569682106E-12  2.0463630790E-11
HessDelSqRho_EigVals = -1.3086774696E+06  2.7321225669E+04  2.7838995872E+04
HessDelSqRho_EigVec1 =  5.8134469352E-01 -5.7162963849E-01 -5.7903186763E-01
HessDelSqRho_EigVec2 =  3.6414482328E-01  8.1917903997E-01 -4.4310749051E-01
HessDelSqRho_EigVec3 = -7.2762414405E-01 -4.6746731154E-02 -6.8438136162E-01
</CP of DelSqRho>
<CP of DelSqRho>
CP# = 41      
Type = (3,+1)
Coords =  1.47617821231505E-01 -1.48840949825651E-01  1.48482158464534E-01
DistFromNuc =  2.5688830427E-01
Rho =  3.4427924774E+01
DelSqRho =  2.9645031302E+03
GradDelSqRho = -1.8189894035E-11  1.4551915228E-11 -5.4569682106E-12
HessDelSqRho_EigVals = -1.3086729633E+06  2.7305792903E+04  2.7833050399E+04
HessDelSqRho_EigVec1 =  5.7466010698E-01 -5.7938667657E-01  5.7799380659E-01
HessDelSqRho_EigVec2 = -8.1768079855E-01 -3.7704011560E-01  4.3501593408E-01
HessDelSqRho_EigVec3 =  3.4115584655E-02  7.2260074055E-01  6.9042327353E-01
</CP of DelSqRho>
<CP of DelSqRho>
CP# = 42      
Type = (3,+1)
Coords = -1.48219653648753E-01 -1.49041952056160E-01  1.47687683549207E-01
DistFromNuc =  2.5689340410E-01
Rho =  3.4427218719E+01
DelSqRho =  2.9657279933E+03
GradDelSqRho =  1.3642420527E-12  8.1854523160E-12 -1.3187673176E-11
HessDelSqRho_EigVals = -1.3085613570E+06  2.7195322551E+04  2.7247902812E+04
HessDelSqRho_EigVec1 =  5.7697125260E-01  5.8017081824E-01 -5.7489650837E-01
HessDelSqRho_EigVec2 =  7.6056006358E-01 -6.3822765296E-01  1.1922186327E-01
HessDelSqRho_EigVec3 = -2.9774580327E-01 -5.0603091274E-01 -8.0949376278E-01
</CP of DelSqRho>
<CP of DelSqRho>
CP# = 43      
Type = (3,+1)
Coords =  1.48219653648753E-01  1.49041952056160E-01 -1.47687683549207E-01
DistFromNuc =  2.5689340410E-01
Rho =  3.4427218719E+01
DelSqRho =  2.9657279933E+03
GradDelSqRho = -6.3664629124E-12 -4.0927261580E-12 -1.4438228391E-11
HessDelSqRho_EigVals = -1.3085613570E+06  2.7195322551E+04  2.7247902812E+04
HessDelSqRho_EigVec1 =  5.7697125260E-01  5.8017081824E-01 -5.7489650837E-01
HessDelSqRho_EigVec2 =  7.6056006358E-01 -6.3822765296E-01  1.1922186327E-01
HessDelSqRho_EigVec3 = -2.9774580327E-01 -5.0603091274E-01 -8.0949376278E-01
</CP of DelSqRho>
<CP of DelSqRho>
CP# = 44      
Type = (3,+1)
Coords = -1.47617821231506E-01  1.48840949825651E-01 -1.48482158464534E-01
DistFromNuc =  2.5688830427E-01
Rho =  3.4427924774E+01
DelSqRho =  2.9645031302E+03
GradDelSqRho = -2.1827872843E-11  7.2759576142E-12 -1.0913936421E-11
HessDelSqRho_EigVals = -1.3086729633E+06  2.7305792903E+04  2.7833050399E+04
HessDelSqRho_EigVec1 =  5.7466010698E-01 -5.7938667657E-01  5.7799380659E-01
HessDelSqRho_EigVec2 = -8.1768079855E-01 -3.7704011560E-01  4.3501593408E-01
HessDelSqRho_EigVec3 =  3.4115584655E-02  7.2260074055E-01  6.9042327354E-01
</CP of DelSqRho>
<CP of DelSqRho>
CP# = 45      
Type = (3,+1)
Coords =  1.49343699527431E-01 -1.46839369026226E-01 -1.48748645578047E-01
DistFromNuc =  2.5688810881E-01
Rho =  3.4427929247E+01
DelSqRho =  2.9644693145E+03
GradDelSqRho = -7.2759576142E-12  9.0949470177E-13 -1.5006662579E-11
HessDelSqRho_EigVals = -1.3086774696E+06  2.7321225669E+04  2.7838995872E+04
HessDelSqRho_EigVec1 =  5.8134469352E-01 -5.7162963849E-01 -5.7903186763E-01
HessDelSqRho_EigVec2 =  3.6414482328E-01  8.1917903997E-01 -4.4310749051E-01
HessDelSqRho_EigVec3 = -7.2762414405E-01 -4.6746731154E-02 -6.8438136162E-01
</CP of DelSqRho>
<CP of DelSqRho>
CP# = 46      
Type = (3,+1)
Coords = -1.48077235841466E-01 -1.48544838363220E-01 -1.48319869931745E-01
DistFromNuc =  2.5688756411E-01
Rho =  3.4427953507E+01
DelSqRho =  2.9643583440E+03
GradDelSqRho = -1.4779288904E-11 -1.3187673176E-11 -1.0459189070E-11
HessDelSqRho_EigVals = -1.3086896037E+06  2.7363358846E+04  2.7863759774E+04
HessDelSqRho_EigVec1 =  5.7641742367E-01  5.7823863174E-01  5.7739331348E-01
HessDelSqRho_EigVec2 =  3.9855416146E-01  4.1790716010E-01 -8.1639952592E-01
HessDelSqRho_EigVec3 =  7.1337054472E-01 -7.0070941930E-01 -1.0429555558E-02
</CP of DelSqRho>
<CP of DelSqRho>
CP# = 47      
Type = (3,+1)
Coords = -3.97684052005908E-01 -4.35629501502400E-03  3.96180892617272E-01
DistFromNuc =  5.6136519504E-01
Rho =  5.1809500635E+00
DelSqRho = -5.8087592415E+01
GradDelSqRho =  4.8849813084E-13 -2.8421709430E-14 -3.1263880373E-13
HessDelSqRho_EigVals = -7.2134799463E+02  1.4583265102E+03  1.0245760132E+04
HessDelSqRho_EigVec1 = -5.3670787286E-03  9.9997010733E-01  5.5658705044E-03
HessDelSqRho_EigVec2 =  7.0577169014E-01 -1.5515403477E-04  7.0843933920E-01
HessDelSqRho_EigVec3 =  7.0841902562E-01  7.7304835410E-03 -7.0574976002E-01
</CP of DelSqRho>
<CP of DelSqRho>
CP# = 48      
Type = (3,+1)
Coords =  3.97684052005908E-01  4.35629501502384E-03 -3.96180892617272E-01
DistFromNuc =  5.6136519504E-01
Rho =  5.1809500635E+00
DelSqRho = -5.8087592415E+01
GradDelSqRho = -6.2705396431E-13  0.0000000000E+00  5.1159076975E-13
HessDelSqRho_EigVals = -7.2134799463E+02  1.4583265102E+03  1.0245760132E+04
HessDelSqRho_EigVec1 = -5.3670787286E-03  9.9997010733E-01  5.5658705044E-03
HessDelSqRho_EigVec2 =  7.0577169014E-01 -1.5515403477E-04  7.0843933920E-01
HessDelSqRho_EigVec3 =  7.0841902562E-01  7.7304835410E-03 -7.0574976002E-01
</CP of DelSqRho>
<CP of DelSqRho>
CP# = 49      
Type = (3,+1)
Coords = -1.84249911134192E-03  3.95926201702615E-01  3.98187863822065E-01
DistFromNuc =  5.6152874093E-01
Rho =  5.1722025411E+00
DelSqRho = -5.7806090588E+01
GradDelSqRho =  0.0000000000E+00 -6.5369931690E-13 -5.1514348343E-13
HessDelSqRho_EigVals = -7.3491206075E+02  1.4525184418E+03  1.0228013954E+04
HessDelSqRho_EigVec1 =  9.9999129275E-01  4.1412511503E-03  5.1426836009E-04
HessDelSqRho_EigVec2 = -2.5740803116E-03  7.0912339602E-01 -7.0507969998E-01
HessDelSqRho_EigVec3 = -3.2845918446E-03  7.0507223691E-01  7.0912788142E-01
</CP of DelSqRho>
<CP of DelSqRho>
CP# = 50      
Type = (3,+1)
Coords =  1.84249911134177E-03 -3.95926201702615E-01 -3.98187863822065E-01
DistFromNuc =  5.6152874093E-01
Rho =  5.1722025411E+00
DelSqRho = -5.7806090588E+01
GradDelSqRho =  5.6843418861E-14  3.4106051316E-13 -2.4868995752E-14
HessDelSqRho_EigVals = -7.3491206075E+02  1.4525184418E+03  1.0228013954E+04
HessDelSqRho_EigVec1 =  9.9999129275E-01  4.1412511503E-03  5.1426836009E-04
HessDelSqRho_EigVec2 = -2.5740803116E-03  7.0912339602E-01 -7.0507969998E-01
HessDelSqRho_EigVec3 = -3.2845918446E-03  7.0507223691E-01  7.0912788142E-01
</CP of DelSqRho>
<CP of DelSqRho>
CP# = 51      
Type = (3,+1)
Coords =  1.01066634070629E-01  1.01502200872107E-01  1.12660708222286E-04
DistFromNuc =  1.4323817228E-01
Rho =  1.4003128595E+02
DelSqRho = -1.0491888937E+04
GradDelSqRho =  1.1641532183E-10  8.7311491370E-11 -5.0931703299E-11
HessDelSqRho_EigVals = -7.9444655064E+04  1.6072556708E+05  2.4145072563E+07
HessDelSqRho_EigVec1 = -6.7681114688E-06 -1.1223250768E-03  9.9999937017E-01
HessDelSqRho_EigVec2 =  7.0862540455E-01 -7.0558445029E-01 -7.8709956235E-04
HessDelSqRho_EigVec3 =  7.0558488928E-01  7.0862495291E-01  8.0008353578E-04
</CP of DelSqRho>
<CP of DelSqRho>
CP# = 52      
Type = (3,-1)
Coords =  6.03530472123804E-01  1.00802314180014E-03  1.53534348394241E-03
DistFromNuc =  6.0353326683E-01
Rho =  3.8845687143E+00
DelSqRho = -7.2652762561E+00
GradDelSqRho = -1.1546319456E-13 -4.2632564146E-14 -2.8421709430E-14
HessDelSqRho_EigVals = -9.7027357969E+02 -9.6269422857E+02  5.3828483219E+03
HessDelSqRho_EigVec1 = -2.9993312991E-03  7.1455021901E-01  6.9957772158E-01
HessDelSqRho_EigVec2 = -7.5570589975E-04 -6.9958228816E-01  7.1455164334E-01
HessDelSqRho_EigVec3 =  9.9999521645E-01  1.6145020972E-03  2.6382688693E-03
</CP of DelSqRho>
<CP of DelSqRho>
CP# = 53      
Type = (3,-1)
Coords = -6.03530472123804E-01 -1.00802314180011E-03 -1.53534348394236E-03
DistFromNuc =  6.0353326683E-01
Rho =  3.8845687143E+00
DelSqRho = -7.2652762561E+00
GradDelSqRho =  3.6770586576E-13 -2.8421709430E-14  4.3520742565E-14
HessDelSqRho_EigVals = -9.7027357969E+02 -9.6269422857E+02  5.3828483219E+03
HessDelSqRho_EigVec1 = -2.9993312991E-03  7.1455021901E-01  6.9957772158E-01
HessDelSqRho_EigVec2 = -7.5570589975E-04 -6.9958228816E-01  7.1455164334E-01
HessDelSqRho_EigVec3 =  9.9999521645E-01  1.6145020972E-03  2.6382688693E-03
</CP of DelSqRho>
<CP of DelSqRho>
CP# = 54      
Type = (3,-1)
Coords = -1.63649503084316E-03  6.03531527024811E-01  2.11048049225681E-03
DistFromNuc =  6.0353743575E-01
Rho =  3.8844286399E+00
DelSqRho = -7.2623909566E+00
GradDelSqRho =  1.4210854715E-14  7.6738615462E-13  9.4146912488E-14
HessDelSqRho_EigVals = -9.7007274256E+02 -9.6291202003E+02  5.3824868123E+03
HessDelSqRho_EigVec1 =  7.0587004419E-01 -5.5991438271E-04  7.0834113759E-01
HessDelSqRho_EigVec2 = -7.0833586694E-01 -4.4957764773E-03  7.0586123820E-01
HessDelSqRho_EigVec3 = -2.7893215648E-03  9.9998973719E-01  3.5700413804E-03
</CP of DelSqRho>
<CP of DelSqRho>
CP# = 55      
Type = (3,-1)
Coords =  1.63649503084322E-03 -6.03531527024811E-01 -2.11048049225685E-03
DistFromNuc =  6.0353743575E-01
Rho =  3.8844286399E+00
DelSqRho = -7.2623909566E+00
GradDelSqRho =  2.8421709430E-14 -1.4210854715E-13  3.5527136788E-15
HessDelSqRho_EigVals = -9.7007274256E+02 -9.6291202003E+02  5.3824868123E+03
HessDelSqRho_EigVec1 =  7.0587004419E-01 -5.5991438271E-04  7.0834113759E-01
HessDelSqRho_EigVec2 = -7.0833586694E-01 -4.4957764773E-03  7.0586123820E-01
HessDelSqRho_EigVec3 = -2.7893215648E-03  9.9998973719E-01  3.5700413804E-03
</CP of DelSqRho>
<CP of DelSqRho>
CP# = 56      
Type = (3,-1)
Coords = -7.73004550974205E-04 -1.30807375432043E-03  6.03528337812631E-01
DistFromNuc =  6.0353025039E-01
Rho =  3.8846230807E+00
DelSqRho = -7.2673842285E+00
GradDelSqRho =  6.7501559897E-14  8.8373752760E-14 -5.9685589804E-13
HessDelSqRho_EigVals = -9.6938538282E+02 -9.6350651345E+02  5.3831181316E+03
HessDelSqRho_EigVec1 =  7.1209907977E-01 -7.0207873816E-01 -5.8822500292E-04
HessDelSqRho_EigVec2 =  7.0207793679E-01  7.1209631960E-01  2.3242815699E-03
HessDelSqRho_EigVec3 = -1.2129558121E-03 -2.0680985635E-03  9.9999712585E-01
</CP of DelSqRho>
<CP of DelSqRho>
CP# = 57      
Type = (3,-1)
Coords =  7.73004550974133E-04  1.30807375432038E-03 -6.03528337812631E-01
DistFromNuc =  6.0353025039E-01
Rho =  3.8846230807E+00
DelSqRho = -7.2673842285E+00
GradDelSqRho = -1.7763568394E-14 -1.0214051827E-14  2.2737367544E-13
HessDelSqRho_EigVals = -9.6938538282E+02 -9.6350651345E+02  5.3831181316E+03
HessDelSqRho_EigVec1 =  7.1209907977E-01 -7.0207873816E-01 -5.8822500292E-04
HessDelSqRho_EigVec2 =  7.0207793679E-01  7.1209631960E-01  2.3242815699E-03
HessDelSqRho_EigVec3 = -1.2129558121E-03 -2.0680985635E-03  9.9999712585E-01
</CP of DelSqRho>
<CP of DelSqRho>
CP# = 58      
Type = (3,+1)
Coords = -2.17761424066999E-03 -3.98065114588911E-01  3.95809289425576E-01
DistFromNuc =  5.6136046445E-01
Rho =  5.1811901734E+00
DelSqRho = -5.8096435727E+01
GradDelSqRho = -9.9475983006E-14  0.0000000000E+00  1.3855583347E-13
HessDelSqRho_EigVals = -7.2093619594E+02  1.4585716613E+03  1.0246287458E+04
HessDelSqRho_EigVec1 =  9.9998905017E-01 -8.5602600290E-04  4.6007352554E-03
HessDelSqRho_EigVec2 = -2.6588552902E-03  7.0509716311E-01  7.0910571925E-01
HessDelSqRho_EigVec3 =  3.8509783113E-03  7.0911018735E-01 -7.0508716636E-01
</CP of DelSqRho>
<CP of DelSqRho>
CP# = 59      
Type = (3,+1)
Coords =  2.17761424066993E-03  3.98065114588911E-01 -3.95809289425576E-01
DistFromNuc =  5.6136046445E-01
Rho =  5.1811901734E+00
DelSqRho = -5.8096435727E+01
GradDelSqRho = -4.2632564146E-14 -5.6843418861E-13  2.1938006967E-13
HessDelSqRho_EigVals = -7.2093619594E+02  1.4585716613E+03  1.0246287458E+04
HessDelSqRho_EigVec1 =  9.9998905017E-01 -8.5602600290E-04  4.6007352554E-03
HessDelSqRho_EigVec2 = -2.6588552902E-03  7.0509716311E-01  7.0910571925E-01
HessDelSqRho_EigVec3 =  3.8509783113E-03  7.0911018735E-01 -7.0508716636E-01
</CP of DelSqRho>
<CP of DelSqRho>
CP# = 60      
Type = (3,+1)
Coords =  3.96294231621059E-01 -5.50961796153733E-04  3.97818867200380E-01
DistFromNuc =  5.6152406242E-01
Rho =  5.1724729878E+00
DelSqRho = -5.7813536363E+01
GradDelSqRho = -2.3447910280E-13  8.5265128291E-14 -5.8264504332E-13
HessDelSqRho_EigVals = -7.3456032988E+02  1.4526228806E+03  1.0228504294E+04
HessDelSqRho_EigVec1 = -9.6627052665E-05  9.9999891679E-01  1.4686982471E-03
