AIMSum (Version 19.02.13, Professional)
Copyright (c) 1997-2019 by Todd A. Keith
AIMSum is a component of the AIMAll package ( http://aim.tkgristmill.com )

TP:  64-bit Linux

Licensed To:  Research Group of Fernando Cortes Guzman, UNAM, fercor@unam.mx

Much of the Quantum Theory of Atoms in Molecules (QTAIM) is described in the book:
  "Atoms in Molecules - A Quantum Theory"
  R.F.W. Bader, Oxford University Press, Oxford, 1990

For additional references see:  http://aim.tkgristmill.com/references.html

Wfx File:  /home/scratch/M_H2O_4_cuadrado_plano/Opt/Ni2_cuadrado_plano_cc-pvtz-def2-tzv_1.wfx
Sum File:  /home/scratch/M_H2O_4_cuadrado_plano/Opt/Ni2_cuadrado_plano_cc-pvtz-def2-tzv_1.sum

SumViz File:  /home/scratch/M_H2O_4_cuadrado_plano/Opt/Ni2_cuadrado_plano_cc-pvtz-def2-tzv_1.sumviz

Wfx Title:   Ni2_cuadrado_plano_cc-pvtz-def2-tzv_1                                         
 
Total memory allocated for AIMSum =        0.973 Megabytes

Atomic units (a.u.) used throughout, except where stated otherwise

Model:  Unrestricted SCF
 
Unrestricted, single-determinant wavefunction.
  Number of electrons (from MO Occs)                   =          66.0000000000
  Number of Alpha electrons (from MO Occs)             =          34.0000000000
  Number of Beta electrons (from MO Occs)              =          32.0000000000
  Number of electron pairs (N*(N-1)/2)                 =        2145.0000000000
  Number of electron pairs (from Muller 2EDM)          =        2145.0000000000
 
Nuclear Charges and Cartesian Coordinates:
-------------------------------------------------------------------------------
Atom      Charge                X                  Y                  Z
-------------------------------------------------------------------------------
Ni1       28.0           1.9231592417E-03  -2.8835789311E-03   1.3441095153E-04
O2         8.0          -3.5896789891E+00  -2.9380304675E-01  -1.5977600892E-03
H3         1.0          -4.7752209329E+00   7.4904074049E-01  -9.6668301345E-01
O4         8.0           2.9243884085E-01  -3.5749206459E+00  -1.2286062530E-03
H5         1.0           1.5196059141E+00  -4.5783961773E+00   9.5380119496E-01
O6         8.0           3.5838409284E+00   2.8742958883E-01   1.2083334975E-03
H7         1.0           4.5854821252E+00   1.5164977797E+00   9.5558903123E-01
O8         8.0          -2.9008020618E-01   3.5873206114E+00   9.7474760076E-04
H9         1.0          -1.5144464522E+00   4.5888441388E+00   9.6125658327E-01
H10        1.0          -4.5955259758E+00  -1.5033087514E+00   9.7295913912E-01
H11        1.0          -7.6638785835E-01  -4.7624527561E+00  -9.4654468107E-01
H12        1.0           4.7717598026E+00  -7.5305267213E-01  -9.6366768876E-01
H13        1.0           7.4872032678E-01   4.7753558470E+00  -9.6532778999E-01
 
Some Atomic Properties:
----------------------
  q(A) = Net Charge of Atom A
  L(A) = Lagrangian of Atom A = -(1/4) Times Atomic Integral of the Laplacian of the Electron Density
  K(A) = Electronic Kinetic Energy of Atom A (Hamiltonian Form)
  K_Scaled(A) = K(A) * E(Mol)/K(Mol) = Approximation to Virial-Based Total Energy of Atom A.
  |Mu_Intra(A)| = Magnitude of Intraatomic Dipole Moment of Atom A
--------------------------------------------------------------------------------------------------
Atom A          q(A)              L(A)              K(A)          K_Scaled(A)      |Mu_Intra(A)|
--------------------------------------------------------------------------------------------------
Ni1       1.4230113150E+00  4.4036209150E-05  1.5062342822E+03 -1.5093387398E+03  2.5992878696E-03
O2       -1.1538008158E+00 -2.9872727649E-05  7.5348306752E+01 -7.5503605050E+01  2.4836485707E-01
H3        6.4873139480E-01  2.0099136902E-05  3.2906778164E-01 -3.2974601409E-01  1.2532153615E-01
O4       -1.1531593863E+00 -2.6106009753E-05  7.5352602664E+01 -7.5507909816E+01  2.5140444047E-01
H5        6.4919203422E-01  1.4818790303E-05  3.2874426554E-01 -3.2942183120E-01  1.2515419226E-01
O6       -1.1534072565E+00 -8.9937297122E-06  7.5350499429E+01 -7.5505802246E+01  2.4997123803E-01
H7        6.4892647032E-01  1.6739594338E-05  3.2892678947E-01 -3.2960473132E-01  1.2525044559E-01
O8       -1.1538563706E+00 -5.5610428287E-05  7.5348363321E+01 -7.5503661736E+01  2.4815944072E-01
H9        6.4876326694E-01  1.9289602519E-05  3.2905038575E-01 -3.2972858234E-01  1.2532289951E-01
H10       6.4872791592E-01  1.7418852455E-05  3.2907081310E-01 -3.2974905179E-01  1.2531381825E-01
H11       6.4915943639E-01  1.9042428064E-05  3.2876829367E-01 -3.2944590886E-01  1.2517516129E-01
H12       6.4896625243E-01  1.4223410777E-05  3.2890006851E-01 -3.2957795529E-01  1.2522735368E-01
H13       6.4879858380E-01  1.5117896613E-05  3.2902568942E-01 -3.2970383512E-01  1.2529875388E-01
--------------------------------------------------------------------------------------------------
Total     2.0000528406E+00  6.0203025720E-05  1.8102656085E+03 -1.8139966966E+03
 
1st Largest |L(A)| = 5.5610428287E-05, atom O8      
2nd Largest |L(A)| = 4.4036209150E-05, atom Ni1     
 
Molecular charge q(Mol) from the wfx file:   2.0000000000E+00
Molecular energy E(Mol) from the wfx file:  -1.8139966836E+03
Molecular virial ratio (-V(Mol)/T(Mol)) from the wfx file:   2.0020610722E+00
Full molecular virial ratio ((-V(Mol)+W(Mol))/T(Mol)) from the wfx file:   2.0020610055E+00
Note.  K_Scaled(A) = (1+V(Mol)/T(Mol))*K(A) = (E(Mol)/T(Mol))*K(A)
       Only use K_Scaled(A) data with caution.
 
N_AIMInt(SumA)     =         65.999947
N_Analytic(Mol)    =         66.000000
 
G_AIMInt(SumA)     =       1810.265548
G_Analytic(Mol)    =       1810.265596
 
K_AIMInt(SumA)     =       1810.265608
K_Analytic(Mol)    =       1810.265596
 
L_AIMInt(SumA)     =          0.000060
L_Analytic(Mol)    =          0.000000
 
VenT_AIMInt(SumA)  =      -5157.259875
VenT_Analytic(Mol) =      -5157.261101
 
Some Information About the Atomic Calculations:
----------------------------------------------
  Time(sec) = "Elapsed User Time", in Seconds, for Atom A by AIMInt and, if used, by TWOe
  NProc = Number of Processors Used for AIMInt Job
  BIM = Basin Integration Method
  OAQ = Angular Quadrature Outside of Beta Sphere
  ORQ = Multiple of Default for Radial Quadrature Outside of Beta Sphere
  IAQ = Multiple of Default for Angular Quadrature Inside of Beta Sphere
  IRQ = Multiple of Default for Radial Quadrature Inside of Beta Sphere
  MIR = Maximum Integration Radius
------------------------------------------------------------------------------------------------------
Atom A     Time(sec)   NProc      BIM          OAQ                     ORQ      IAQ      IRQ      MIR
------------------------------------------------------------------------------------------------------
Ni1           341        1     Proaim(5)    4500(GS4)                  1.00     1.00     1.00    13.00
O2            185        1     Proaim(5)    4500(GS4)                  1.00     1.00     1.00    13.00
H3             63        1     Proaim(5)    1800(GS4)                  1.00     1.00     1.00    13.00
O4            189        1     Proaim(5)    4500(GS4)                  1.00     1.00     1.00    13.00
H5             66        1     Proaim(5)    1800(GS4)                  1.00     1.00     1.00    13.00
O6            187        1     Proaim(5)    4500(GS4)                  1.00     1.00     1.00    13.00
H7             70        1     Proaim(5)    1800(GS4)                  1.00     1.00     1.00    13.00
O8            191        1     Proaim(5)    4500(GS4)                  1.00     1.00     1.00    13.00
H9             65        1     Proaim(5)    1800(GS4)                  1.00     1.00     1.00    13.00
H10            64        1     Proaim(5)    1800(GS4)                  1.00     1.00     1.00    13.00
H11            68        1     Proaim(5)    1800(GS4)                  1.00     1.00     1.00    13.00
H12            66        1     Proaim(5)    1800(GS4)                  1.00     1.00     1.00    13.00
H13            66        1     Proaim(5)    1800(GS4)                  1.00     1.00     1.00    13.00
------------------------------------------------------------------------------------------------------
Total        1621
Note:  Total wall clock time is less than total of atomic times if more than one atom
       was calculated at a time
 
Electron Density Critical Point Analysis of Molecular Structure:               
---------------------------------------------------------------                
  NACP = Nuclear Attractor Critical Point                                      
  NNACP = Non-Nuclear Attractor Critical Point                                 
  BCP = Bond Critical Point                                                    
  RCP = Ring Critical Point                                                    
  CCP = Cage Critical Point                                                    
  Rho = Electron Density                                                       
  GradRho = Gradient of Electron Density                                       
  HessRho_EigVals = Eigenvalues of the Hessian of Rho, Ascending Order         
  HessRho_EigVecs = Eigenvectors of the Hessian of Rho                         
  DelSqRho = Laplacian of Rho = Trace of Hessian of Rho                        
  Bond Ellipticity = (HessRho_EigVal(1) / HessRho_EigVal(2)) - 1               
  V = Virial Field = Potential Energy Density = Trace of Stress Tensor         
  G = Lagrangian Form of Kinetic Energy Density                                
  K = Hamiltonian Form of Kinetic Energy Density                               
  L = K - G = Lagrangian Density = (-1/4)DelSqRho                              
  Vnuc = Electrostatic Potential from Nuclei                                   
  Ven = Electron-nuclear attractive contribution to Virial Field V             
  Vrep = V - Ven = Repulsive contribution to Virial Field V                    
  DelSqV = Laplacian of V                                                      
  DelSqVen = Laplacian of Ven                                                  
  DelSqVrep = Laplacian of Vrep                                                
  DelSqG = Laplacian of G                                                      
  DelSqK = Laplacian of K                                                      
  Stress_EigVals = Eigenvalues of Stress Tensor, Ascending Order               
  Stress_EigVecs = Eigenvectors of Stress Tensor                               
  -DivStress = Ehrenfest Force Density = Minus Divergence of Stress Tensor     
  ESP = Total Electrostatic Potential                                          
  ESPe = Electrostatic Potential from Electrons                                
  ESPn = Electrostatic Potential from Nuclei                                   
  BP = Bond Path                                                               
  BPL = Bond Path Length                                                       
  GBL = Geometric Bond Length                                                  
  GBL_I = Distance Between Nuclear Attractors                                  
  GBL_II = Distance Between Nuclei                                             
  GBL_III = Sum of Distances Between BCP and Nuclear Attractors                
  GBL_IV = Sum of Distances Between BCP and Nuclei                             

CP# 1      Coords =  1.92315915129851E-03 -2.88357879019091E-03  1.34410951973665E-04
           Type = (3,-3) NACP Ni1
           Rho =  1.4830516769E+04     Rho at Nucleus =  1.4830516769E+04
           GradRho =  1.9308039429E-10  7.6999700889E-10  2.0838942912E-11
           HessRho_EigVals = -3.5697238083E+09 -3.5697230379E+09 -3.5697230307E+09
           HessRho_EigVec1 = -9.4829501191E-04 -1.1810230739E-03  9.9999885296E-01
           HessRho_EigVec2 =  9.9467978310E-01  1.0300968432E-01  1.0649079123E-03
           HessRho_EigVec3 = -1.0301082384E-01  9.9467965201E-01  1.0770562051E-03
           DelSqRho = -1.0709169877E+10
           Bond Ellipticity = NA
           V = -2.6779232960E+09
           G =  3.1541336133E+05
           K =  2.6776078826E+09
           L =  2.6772924692E+09
           Vnuc =  2.8000000105E+09
           Ven = -4.1525447109E+13
           Vrep =  4.1522769186E+13
           DelSqV =  9.4753183709E+16
           DelSqVen =  1.2454143653E+30
           DelSqVrep = -1.2454143653E+30
           DelSqG =  6.4456930453E+14
           DelSqK = -9.5397753013E+16
           Stress_EigVals = -8.9264114729E+08 -8.9264114629E+08 -8.9264100238E+08
           Stress_EigVec1 = -7.4317212608E-02  9.9723243615E-01 -2.1024276834E-03
           Stress_EigVec2 =  9.9723193937E-01  7.4311927522E-02 -2.4892837344E-03
           Stress_EigVec3 =  2.3261590291E-03  2.2816046646E-03  9.9999469162E-01
           -DivStress =  2.8445701776E+06 -4.4347252308E+06 -1.4054672335E+04
           ESP =  -1.2818025592E+02     ESP at Nucleus =  -1.2818025592E+02
           ESPe = -1.3870411128E+02     ESPe at Nucleus = -1.3870411128E+02
           ESPn =  1.0523855364E+01     ESPn at Nucleus =  1.0523855364E+01

CP# 2      Coords = -3.58968313530876E+00 -2.93803347135637E-01 -1.59772286197523E-03
           Type = (3,-3) NACP O2
           Rho =  2.9727048246E+02     Rho at Nucleus =  2.9727047287E+02
           GradRho =  1.5348436443E-10 -3.0521637152E-11 -9.6213659327E-14
           HessRho_EigVals = -1.1097236986E+06 -1.1097144234E+06 -1.1096866899E+06
           HessRho_EigVec1 = -5.9790818656E-02  7.5213319403E-01 -6.5629316349E-01
           HessRho_EigVec2 =  9.9698711902E-01  7.7542442443E-02 -1.9631944986E-03
           HessRho_EigVec3 = -4.9413991108E-02  6.5443321131E-01  7.5450343234E-01
           DelSqRho = -3.3291248120E+06
           Bond Ellipticity = NA
           V = -8.3241778824E+05
           G =  6.8292626378E+01
           K =  8.3234949562E+05
           L =  8.3228120299E+05
           Vnuc =  1.9243539818E+06
           Ven = -5.7205363659E+08
           Vrep =  5.7122121880E+08
           DelSqV =  9.3079221514E+10
           DelSqVen =  6.4064145695E+12
           DelSqVrep = -6.3133353480E+12
           DelSqG =  3.1074422989E+09
           DelSqK = -9.6186663813E+10
           Stress_EigVals = -2.7747781031E+05 -2.7747095981E+05 -2.7746901812E+05
           Stress_EigVec1 = -4.9129971448E-02  6.5433985698E-01  7.5460294028E-01
           Stress_EigVec2 =  9.9700307332E-01  7.7332203519E-02 -2.1452480214E-03
           Stress_EigVec3 = -5.9758829437E-02  7.5223605462E-01 -6.5617817736E-01
           -DivStress =  1.2632746295E+05  9.1520055436E+03 -1.1344033111E+03
           ESP =  -2.1921372462E+01     ESP at Nucleus =  -2.1921372557E+01
           ESPe = -3.5934308248E+01     ESPe at Nucleus = -3.5934318702E+01
           ESPn =  1.4012935786E+01     ESPn at Nucleus =  1.4012946145E+01

CP# 3      Coords = -4.74227483319557E+00  7.19794271816801E-01 -9.39413828658076E-01
           Type = (3,-3) NACP H3
           Rho =  3.9967681201E-01     Rho at Nucleus =  3.9034376470E-01
           GradRho =  2.1254157288E-14 -2.0713682505E-14  1.9420662994E-14
           HessRho_EigVals = -7.9009592528E+00 -7.8817382038E+00 -6.2258781619E+00
           HessRho_EigVec1 =  7.6792462256E-01  5.2079744174E-01 -3.7290990701E-01
           HessRho_EigVec2 =  6.3070700016E-02 -6.4082958649E-01 -7.6508792167E-01
           HessRho_EigVec3 =  6.3742753382E-01 -5.6401016459E-01  5.2495587754E-01
           DelSqRho = -2.2008575619E+01
           Bond Ellipticity = NA
           V = -5.5564137011E+00
           G =  2.7134898215E-02
           K =  5.5292788029E+00
           L =  5.5021439046E+00
           Vnuc =  3.4259959599E+01
           Ven = -1.3692911432E+01
           Vrep =  8.1364977307E+00
           DelSqV =  1.3364813316E+03
           DelSqVen =  7.5401291151E+02
           DelSqVrep =  5.8246842009E+02
           DelSqG =  1.0311107261E+02
           DelSqK = -1.4395924042E+03
           Stress_EigVals = -1.9981640926E+00 -1.9922743775E+00 -1.5659752310E+00
           Stress_EigVec1 = -4.1218960343E-02  6.5567009225E-01  7.5392156584E-01
           Stress_EigVec2 =  7.7150068979E-01  5.0035939071E-01 -3.9297222013E-01
           Stress_EigVec3 =  6.3489186715E-01 -5.6545310173E-01  5.2647422233E-01
           -DivStress = -1.5088187520E+01  1.3392501671E+01 -1.2488086618E+01
           ESP =  -6.0589595529E-01     ESP at Nucleus =  -6.0864919257E-01
           ESPe = -1.5565043228E+01     ESPe at Nucleus = -1.5370018613E+01
           ESPn =  1.4959147272E+01     ESPn at Nucleus =  1.4761369421E+01

CP# 4      Coords =  2.92439143177915E-01 -3.57492477732219E+00 -1.22856872409847E-03
           Type = (3,-3) NACP O4
           Rho =  2.9726765818E+02     Rho at Nucleus =  2.9726764866E+02
           GradRho =  6.1827168819E-12 -1.3140045656E-10  2.0463231803E-14
           HessRho_EigVals = -1.1097119418E+06 -1.1097026940E+06 -1.1096749871E+06
           HessRho_EigVec1 =  7.6329306676E-01  6.1357056408E-02  6.4313218381E-01
           HessRho_EigVec2 = -7.8289288615E-02  9.9692826947E-01 -2.1938147366E-03
           HessRho_EigVec3 = -6.4129126106E-01 -4.8675837578E-02  7.6575203644E-01
           DelSqRho = -3.3290896229E+06
           Bond Ellipticity = NA
           V = -8.3240901723E+05
           G =  6.8305753262E+01
           K =  8.3234071148E+05
           L =  8.3227240572E+05
           Vnuc =  1.9311468328E+06
           Ven = -5.7406749660E+08
           Vrep =  5.7323508758E+08
           DelSqV =  9.3078239297E+10
           DelSqVen =  6.4289608909E+12
           DelSqVrep = -6.3358826516E+12
           DelSqG =  3.1074061231E+09
           DelSqK = -9.6185645420E+10
           Stress_EigVals = -2.7747487854E+05 -2.7746803876E+05 -2.7746609993E+05
           Stress_EigVec1 = -6.4118881622E-01 -4.8394158045E-02  7.6585567010E-01
           Stress_EigVec2 = -7.8110647886E-02  9.9694180877E-01 -2.3992959363E-03
           Stress_EigVec3 =  7.6339742509E-01  6.1359884299E-02  6.4300803724E-01
           -DivStress = -9.2108883044E+03  1.2587263139E+05 -1.1435800393E+03
           ESP =  -2.1920262438E+01     ESP at Nucleus =  -2.1920262531E+01
           ESPe = -3.5983388700E+01     ESPe at Nucleus = -3.5983399215E+01
           ESPn =  1.4063126262E+01     ESPn at Nucleus =  1.4063136685E+01

CP# 5      Coords =  1.48521553337439E+00 -4.55052927207225E+00  9.26825811545380E-01
           Type = (3,-3) NACP H5
           Rho =  3.9950792862E-01     Rho at Nucleus =  3.9017103692E-01
           GradRho = -3.5203220547E-13  2.8464874229E-13 -2.7665413363E-13
           HessRho_EigVals = -7.8974061968E+00 -7.8781400703E+00 -6.2218859853E+00
           HessRho_EigVec1 =  4.0020768398E-01  8.4157269418E-01  3.6275227096E-01
           HessRho_EigVec2 =  6.3247762779E-01  3.2802488375E-02 -7.7388374263E-01
           HessRho_EigVec3 =  6.6317860342E-01 -5.3914691612E-01  5.1914809333E-01
           DelSqRho = -2.1997432253E+01
           Bond Ellipticity = NA
           V = -5.5535643001E+00
           G =  2.7103118485E-02
           K =  5.5264611816E+00
           L =  5.4993580631E+00
           Vnuc =  3.4278784982E+01
           Ven = -1.3694646384E+01
           Vrep =  8.1410820836E+00
           DelSqV =  1.3356776508E+03
           DelSqVen =  7.5404525034E+02
           DelSqVrep =  5.8163240049E+02
           DelSqG =  1.0305150637E+02
           DelSqK = -1.4387291572E+03
           Stress_EigVals = -1.9972354900E+00 -1.9913565363E+00 -1.5649722738E+00
           Stress_EigVec1 =  6.4239818669E-01  5.3580947349E-02 -7.6449568463E-01
           Stress_EigVec2 =  3.8220279272E-01  8.4224436881E-01  3.8019133137E-01
           Stress_EigVec3 =  6.6426319707E-01 -5.3642660756E-01  5.2057746755E-01
           -DivStress =  1.5740256756E+01 -1.2755672032E+01  1.2346966999E+01
           ESP =  -6.0483014990E-01     ESP at Nucleus =  -6.0758342129E-01
           ESPe = -1.5591870700E+01     ESPe at Nucleus = -1.5396315017E+01
           ESPn =  1.4987040550E+01     ESPn at Nucleus =  1.4788731595E+01

CP# 6      Coords =  3.58384506259252E+00  2.87429961332325E-01  1.20829358171698E-03
           Type = (3,-3) NACP O6
           Rho =  2.9726929834E+02     Rho at Nucleus =  2.9726928878E+02
           GradRho = -1.0112499081E-10  2.8196847906E-11  5.6120642259E-14
           HessRho_EigVals = -1.1097186483E+06 -1.1097093864E+06 -1.1096816670E+06
           HessRho_EigVec1 = -6.2606974729E-02  7.5783875826E-01  6.4943112275E-01
           HessRho_EigVec2 =  9.9644764210E-01  8.4186390430E-02 -2.1790413005E-03
           HessRho_EigVec3 =  5.6324624011E-02 -6.4698768779E-01  7.6041729898E-01
           DelSqRho = -3.3291097016E+06
           Bond Ellipticity = NA
           V = -8.3241402312E+05
           G =  6.8298860278E+01
           K =  8.3234572426E+05
           L =  8.3227742540E+05
           Vnuc =  1.9271917806E+06
           Ven = -5.7289494840E+08
           Vrep =  5.7206253437E+08
           DelSqV =  9.3078799316E+10
           DelSqVen =  6.4158328504E+12
           DelSqVrep = -6.3227540511E+12
           DelSqG =  3.1074264637E+09
           DelSqK = -9.6186225780E+10
           Stress_EigVals = -2.7747655121E+05 -2.7746970604E+05 -2.7746776587E+05
           Stress_EigVec1 =  5.6608055513E-02 -6.4684227072E-01  7.6051995691E-01
           Stress_EigVec2 =  9.9642884151E-01  8.4403183855E-02 -2.3804136336E-03
           Stress_EigVec3 = -6.2650553589E-02  7.5793877020E-01  6.4931019457E-01
           -DivStress = -1.2595926971E+05 -1.1349388986E+04  1.2163269503E+03
           ESP =  -2.1920831494E+01     ESP at Nucleus =  -2.1920831588E+01
           ESPe = -3.5958906715E+01     ESPe at Nucleus = -3.5958917203E+01
           ESPn =  1.4038075221E+01     ESPn at Nucleus =  1.4038085616E+01

CP# 7      Coords =  4.55768161160397E+00  1.48207367391520E+00  9.28617116522730E-01
           Type = (3,-3) NACP H7
           Rho =  3.9959896752E-01     Rho at Nucleus =  3.9026472072E-01
           GradRho = -3.0023095013E-13 -3.6917734494E-13 -2.8876315401E-13
           HessRho_EigVals = -7.8993957816E+00 -7.8801743141E+00 -6.2241776853E+00
           HessRho_EigVec1 =  8.4190419417E-01 -3.9336362479E-01 -3.6940815710E-01
           HessRho_EigVec2 =  4.1110044049E-02 -6.3581874265E-01  7.7074281753E-01
           HessRho_EigVec3 =  5.3805881846E-01  6.6407799632E-01  5.1912727022E-01
           DelSqRho = -2.2003747781E+01
           Bond Ellipticity = NA
           V = -5.5551712285E+00
           G =  2.7117141637E-02
           K =  5.5280540869E+00
           L =  5.5009369452E+00
           Vnuc =  3.4271349192E+01
           Ven = -1.3694795753E+01
           Vrep =  8.1396245242E+00
           DelSqV =  1.3361399335E+03
           DelSqVen =  7.5409812375E+02
           DelSqVrep =  5.8204180980E+02
           DelSqG =  1.0308624026E+02
           DelSqK = -1.4392261738E+03
           Stress_EigVals = -1.9977549737E+00 -1.9918670308E+00 -1.5655492240E+00
           Stress_EigVec1 =  6.4319340507E-02 -6.4670875360E-01  7.6002026977E-01
           Stress_EigVec2 = -8.4219024972E-01  3.7337493140E-01  3.8898167551E-01
           Stress_EigVec3 =  5.3533037063E-01  6.6510070562E-01  5.2063657734E-01
           -DivStress =  1.2729078102E+01  1.5760160983E+01  1.2349208092E+01
           ESP =  -6.0540141313E-01     ESP at Nucleus =  -6.0815497242E-01
           ESPe = -1.5579395526E+01     ESPe at Nucleus = -1.5384146579E+01
           ESPn =  1.4973994113E+01     ESPn at Nucleus =  1.4775991607E+01

CP# 8      Coords = -2.90080566820844E-01  3.58732474860932E+00  9.74723856364052E-04
           Type = (3,-3) NACP O8
           Rho =  2.9726982478E+02     Rho at Nucleus =  2.9726981521E+02
           GradRho = -1.6643578063E-12  1.6983772130E-10  4.3435659800E-14
           HessRho_EigVals = -1.1097211577E+06 -1.1097118899E+06 -1.1096841582E+06
           HessRho_EigVec1 =  7.5570813730E-01  6.2390670474E-02 -6.5192991606E-01
           HessRho_EigVec2 = -8.3322990835E-02  9.9652184880E-01 -1.2182228322E-03
           HessRho_EigVec3 =  6.4958639950E-01  5.5241371328E-02  7.5827824740E-01
           DelSqRho = -3.3291172057E+06
           Bond Ellipticity = NA
           V = -8.3241588852E+05
           G =  6.8293543320E+01
           K =  8.3234759497E+05
           L =  8.3227930143E+05
           Vnuc =  1.9263593378E+06
           Ven = -5.7264850281E+08
           Vrep =  5.7181608692E+08
           DelSqV =  9.3079009796E+10
           DelSqVen =  6.4130760212E+12
           DelSqVrep = -6.3199970115E+12
           DelSqG =  3.1074349694E+09
           DelSqK = -9.6186444765E+10
           Stress_EigVals = -2.7747717584E+05 -2.7747032660E+05 -2.7746838607E+05
           Stress_EigVec1 =  6.4945604929E-01  5.5409487718E-02  7.5837762935E-01
           Stress_EigVec2 = -8.3429818485E-02  9.9651272580E-01 -1.3611415935E-03
           Stress_EigVec3 =  7.5580837877E-01  6.2387306318E-02 -6.5181402147E-01
           -DivStress =  1.0987961494E+04 -1.2605114566E+05  7.2356745968E+02
           ESP =  -2.1921354329E+01     ESP at Nucleus =  -2.1921354424E+01
           ESPe = -3.5936841172E+01     ESPe at Nucleus = -3.5936851619E+01
           ESPn =  1.4015486843E+01     ESPn at Nucleus =  1.4015497196E+01

CP# 9      Coords = -1.48014993670861E+00  4.56105197725926E+00  9.34122500627318E-01
           Type = (3,-3) NACP H9
           Rho =  3.9969443185E-01     Rho at Nucleus =  3.9035958676E-01
           GradRho =  3.0475968971E-13 -2.4634368980E-13 -2.4048059551E-13
           HessRho_EigVals = -7.9011479476E+00 -7.8819204107E+00 -6.2257660610E+00
           HessRho_EigVec1 = -3.9285188207E-01 -8.4205143429E-01  3.6961707316E-01
           HessRho_EigVec2 =  6.3865864166E-01  3.9363481323E-02  7.6848269712E-01
           HessRho_EigVec3 =  6.6165137209E-01 -5.3795901178E-01 -5.2231940750E-01
           DelSqRho = -2.2008834419E+01
           Bond Ellipticity = NA
           V = -5.5564769813E+00
           G =  2.7134188220E-02
           K =  5.5293427931E+00
           L =  5.5022086048E+00
           Vnuc =  3.4260698129E+01
           Ven = -1.3693810273E+01
           Vrep =  8.1373332922E+00
           DelSqV =  1.3364682567E+03
           DelSqVen =  7.5403803222E+02
           DelSqVrep =  5.8243022451E+02
           DelSqG =  1.0310939202E+02
           DelSqK = -1.4395776488E+03
           Stress_EigVals = -1.9982105718E+00 -1.9923212821E+00 -1.5659451274E+00
           Stress_EigVec1 =  6.4972731420E-01  6.3052730936E-02  7.5754786668E-01
           Stress_EigVec2 = -3.7243314564E-01 -8.4235082105E-01  3.8953645055E-01
           Stress_EigVec3 =  6.6268240448E-01 -5.3522840676E-01 -5.2381540965E-01
           -DivStress = -1.5705402694E+01  1.2728204448E+01  1.2426278950E+01
           ESP =  -6.0591074043E-01     ESP at Nucleus =  -6.0866469293E-01
           ESPe = -1.5567607478E+01     ESPe at Nucleus = -1.5372555736E+01
           ESPn =  1.4961696737E+01     ESPn at Nucleus =  1.4763891043E+01

CP# 10     Coords = -4.56760857215456E+00 -1.46942519398483E+00  9.45443528942499E-01
           Type = (3,-3) NACP H10
           Rho =  3.9967708876E-01     Rho at Nucleus =  3.9034360121E-01
           GradRho =  1.2437063369E-13  1.5461026556E-13 -1.2527652526E-13
           HessRho_EigVals = -7.9008079321E+00 -7.8815538057E+00 -6.2257203761E+00
           HessRho_EigVec1 =  8.4074784293E-01 -3.9419312830E-01  3.7115339445E-01
           HessRho_EigVec2 =  3.3783344144E-02 -6.4597972370E-01 -7.6260663663E-01
           HessRho_EigVec3 =  5.4037186295E-01  6.5369868760E-01 -5.2978889716E-01
           DelSqRho = -2.2008082114E+01
           Bond Ellipticity = NA
           V = -5.5563027390E+00
           G =  2.7141105267E-02
           K =  5.5291616337E+00
           L =  5.5020205285E+00
           Vnuc =  3.4255808775E+01
           Ven = -1.3691261924E+01
           Vrep =  8.1349591852E+00
           DelSqV =  1.3364408117E+03
           DelSqVen =  7.5390465240E+02
           DelSqVrep =  5.8253615928E+02
           DelSqG =  1.0310668477E+02
           DelSqK = -1.4395474965E+03
           Stress_EigVals = -1.9981257482E+00 -1.9922420357E+00 -1.5659349551E+00
           Stress_EigVec1 =  5.4237930154E-02 -6.5560338114E-01 -7.5315499970E-01
           Stress_EigVec2 =  8.4142931925E-01 -3.7611138101E-01  3.8799088878E-01
           Stress_EigVec3 =  5.3763830559E-01  6.5477052142E-01 -5.3124440387E-01
           -DivStress = -1.2785053114E+01 -1.5515930526E+01  1.2600420898E+01
           ESP =  -6.0583053907E-01     ESP at Nucleus =  -6.0858296582E-01
           ESPe = -1.5561459088E+01     ESPe at Nucleus = -1.5366340161E+01
           ESPn =  1.4955628549E+01     ESPn at Nucleus =  1.4757757195E+01

CP# 11     Coords = -7.36686204489107E-01 -4.72943102033666E+00 -9.19823624247220E-01
           Type = (3,-3) NACP H11
           Rho =  3.9952085306E-01     Rho at Nucleus =  3.9018450587E-01
           GradRho =  2.4703112819E-14  2.8155483587E-14  2.2421517767E-14
           HessRho_EigVals = -7.8977789848E+00 -7.8785398759E+00 -6.2222876758E+00
           HessRho_EigVec1 =  5.2731033503E-01 -7.6705528339E-01  3.6547230100E-01
           HessRho_EigVec2 = -6.2779000993E-01 -6.1877035644E-02  7.7591941327E-01
           HessRho_EigVec3 =  5.7255874284E-01  6.3859018524E-01  5.1417804437E-01
           DelSqRho = -2.1998606537E+01
           Bond Ellipticity = NA
           V = -5.5538517150E+00
           G =  2.7100040429E-02
           K =  5.5267516746E+00
           L =  5.4996516341E+00
           Vnuc =  3.4281977513E+01
           Ven = -1.3696364901E+01
           Vrep =  8.1425131856E+00
           DelSqV =  1.3357642936E+03
           DelSqVen =  7.5415573460E+02
           DelSqVrep =  5.8160855900E+02
           DelSqG =  1.0305885147E+02
           DelSqK = -1.4388231451E+03
           Stress_EigVals = -1.9973307265E+00 -1.9914467535E+00 -1.5650742351E+00
           Stress_EigVec1 = -6.4223292984E-01 -4.0956721483E-02  7.6541453526E-01
           Stress_EigVec2 =  5.0798015850E-01 -7.7054072040E-01  3.8499760619E-01
           Stress_EigVec3 =  5.7401482768E-01  6.3607353755E-01  5.1567182630E-01
           -DivStress = -1.3594650663E+01 -1.5115849440E+01 -1.2231442674E+01
           ESP =  -6.0487785376E-01     ESP at Nucleus =  -6.0763192197E-01
           ESPe = -1.5594048761E+01     ESPe at Nucleus = -1.5398562833E+01
           ESPn =  1.4989170907E+01     ESPn at Nucleus =  1.4790930911E+01

CP# 12     Coords =  4.73872882538220E+00 -7.23858894073511E-01 -9.36420773918687E-01
           Type = (3,-3) NACP H12
           Rho =  3.9958242015E-01     Rho at Nucleus =  3.9024755321E-01
           GradRho = -3.0182507969E-14  2.4220859693E-14  2.3280422728E-14
           HessRho_EigVals = -7.8989369347E+00 -7.8796711412E+00 -6.2237009359E+00
           HessRho_EigVec1 = -7.6611832309E-01 -5.2762435033E-01 -3.6698128013E-01
           HessRho_EigVec2 =  7.0195479263E-02 -6.3627702482E-01  7.6826046519E-01
           HessRho_EigVec3 =  6.3885468592E-01 -5.6281799245E-01 -5.2450033142E-01
           DelSqRho = -2.2002309012E+01
           Bond Ellipticity = NA
           V = -5.5548222697E+00
           G =  2.7122508373E-02
           K =  5.5276997613E+00
           L =  5.5005772530E+00
           Vnuc =  3.4267245622E+01
           Ven = -1.3692588938E+01
           Vrep =  8.1377666679E+00
           DelSqV =  1.3360352571E+03
           DelSqVen =  7.5395852717E+02
           DelSqVrep =  5.8207672991E+02
           DelSqG =  1.0307745931E+02
           DelSqK = -1.4391127164E+03
           Stress_EigVals = -1.9976368238E+00 -1.9917565739E+00 -1.5654288720E+00
           Stress_EigVec1 =  5.2075062460E-02 -6.4880989365E-01  7.5916658895E-01
           Stress_EigVec2 =  7.6965194898E-01  5.1047376235E-01  3.8347413912E-01
           Stress_EigVec3 =  6.3633644033E-01 -5.6432460504E-01 -5.2594075222E-01
           -DivStress =  1.5122618208E+01 -1.3364660141E+01 -1.2474059079E+01
           ESP =  -6.0532229575E-01     ESP at Nucleus =  -6.0807487621E-01
           ESPe = -1.5576451248E+01     ESPe at Nucleus = -1.5381108188E+01
           ESPn =  1.4971128953E+01     ESPn at Nucleus =  1.4773033311E+01

CP# 13     Coords =  7.19572179894775E-01  4.74232903643941E+00 -9.38036811957003E-01
           Type = (3,-3) NACP H13
           Rho =  3.9968151877E-01     Rho at Nucleus =  3.9034614835E-01
           GradRho = -2.4866827347E-14 -2.6996200414E-14  2.2964269375E-14
           HessRho_EigVals = -7.9008325484E+00 -7.8815798329E+00 -6.2254210494E+00
           HessRho_EigVec1 =  5.2629368534E-01 -7.6619508371E-01 -3.6872761013E-01
           HessRho_EigVec2 =  6.3811273189E-01  6.9286982858E-02  7.6681904998E-01
           HessRho_EigVec3 =  5.6198496259E-01  6.3886180642E-01 -5.2538413958E-01
           DelSqRho = -2.2007833431E+01
           Bond Ellipticity = NA
           V = -5.5562320667E+00
           G =  2.7136854508E-02
           K =  5.5290952122E+00
           L =  5.5019583577E+00
           Vnuc =  3.4256333643E+01
           Ven = -1.3691623458E+01
           Vrep =  8.1353913910E+00
           DelSqV =  1.3363947184E+03
           DelSqVen =  7.5390768476E+02
           DelSqVrep =  5.8248703365E+02
           DelSqG =  1.0310360324E+02
           DelSqK = -1.4394983216E+03
           Stress_EigVals = -1.9981289843E+00 -1.9922445665E+00 -1.5658585159E+00
           Stress_EigVec1 = -6.5141464625E-01 -4.9968409304E-02 -7.5707471013E-01
           Stress_EigVec2 =  5.0808318149E-01 -7.6978760832E-01 -3.8636578363E-01
           Stress_EigVec3 =  5.6348064682E-01  6.3634125761E-01 -5.2683903094E-01
           -DivStress =  1.3347093980E+01  1.5124536099E+01 -1.2497409067E+01
           ESP =  -6.0587178646E-01     ESP at Nucleus =  -6.0862508390E-01
           ESPe = -1.5564168955E+01     ESPe at Nucleus = -1.5369044403E+01
           ESPn =  1.4958297169E+01     ESPn at Nucleus =  1.4760419319E+01

CP# 14     Coords = -1.73637637426614E+00 -1.43600341295983E-01 -1.83601965742976E-03
           Type = (3,-1) BCP Ni1 O2
           Rho =  9.4594890899E-02
           GradRho =  2.2534568714E-14  1.8089167859E-15 -1.5591335460E-17
           HessRho_EigVals = -1.1946264686E-01 -1.0872029395E-01  7.6578642957E-01
           HessRho_EigVec1 = -7.2336964183E-02  8.8986621192E-01 -4.5045031745E-01
           HessRho_EigVec2 = -3.5710916551E-02  4.4903308809E-01  8.9280121877E-01
           HessRho_EigVec3 =  9.9674073562E-01  8.0668523482E-02 -7.0375237473E-04
           DelSqRho =  5.3760348877E-01
           Bond Ellipticity =  9.8807246751E-02
           V = -1.8287574549E-01
           G =  1.5863830884E-01
           K =  2.4237436651E-02
           L = -1.3440087219E-01
           Vnuc =  2.7541712061E+01
           Ven = -2.6053052476E+00
           Vrep =  2.4224295021E+00
           DelSqV = -2.1375778824E+00
           DelSqVen = -1.4806520491E+01
           DelSqVrep =  1.2668942608E+01
           DelSqG =  2.0931331743E+00
           DelSqK =  4.4444708035E-02
           Stress_EigVals = -9.1753019596E-02 -8.9664025336E-02 -1.4587005613E-03
           Stress_EigVec1 = -7.2050985900E-02  8.8861222988E-01  4.5296463475E-01
           Stress_EigVec2 =  3.6087428873E-02 -4.5152505371E-01  8.9152836374E-01
           Stress_EigVec3 =  9.9674788834E-01  8.0581826604E-02  4.6509463630E-04
           -DivStress =  6.0463397041E-02  4.8888315791E-03  1.0570922042E-04
           ESP =   8.7289678625E-01
           ESPe = -2.6668815275E+01
           ESPn =  2.7541712061E+01
           BPL =  3.6043837344E+00 =  1.7450000000E+00 +  1.8593837344E+00                
           GBL_I =  3.6043695467E+00                                                      
           GBL_II =  3.6033655281E+00                                                     
           GBL_III =  3.6043702684E+00 =  1.7449867818E+00 +  1.8593834866E+00            
           GBL_IV =  3.6033662442E+00 =  1.7439869145E+00 +  1.8593793297E+00             
             71 sample points along path from BCP to atom Ni1
            -1.7363763743E+00  -1.4360034130E-01  -1.8360196574E-03   9.4594890899E-02    
            -1.7114578570E+00  -1.4158361405E-01  -1.8536421716E-03   9.4838536438E-02    
            -1.6865393426E+00  -1.3956685299E-01  -1.8712814769E-03   9.5588654523E-02    
            -1.6616208315E+00  -1.3755004908E-01  -1.8888701749E-03   9.6878427716E-02    
            -1.6367023245E+00  -1.3553319489E-01  -1.9063360500E-03   9.8747482720E-02    
            -1.6117838219E+00  -1.3351628374E-01  -1.9236044658E-03   1.0124268102E-01    
            -1.5868653242E+00  -1.3149930981E-01  -1.9405994171E-03   1.0441901895E-01    
            -1.5619468317E+00  -1.2948226819E-01  -1.9572447142E-03   1.0834064425E-01    
            -1.5370283448E+00  -1.2746515495E-01  -1.9734652445E-03   1.1308199626E-01    
            -1.5121098636E+00  -1.2544796715E-01  -1.9891882534E-03   1.1872907666E-01    
            -1.4871913882E+00  -1.2343070281E-01  -2.0043445895E-03   1.2538085802E-01    
            -1.4622729187E+00  -1.2141336093E-01  -2.0188698535E-03   1.3315083693E-01    
            -1.4373544552E+00  -1.1939594141E-01  -2.0327053981E-03   1.4216873930E-01    
            -1.4124359974E+00  -1.1737844498E-01  -2.0457991328E-03   1.5258238540E-01    
            -1.3875175454E+00  -1.1536087312E-01  -2.0581061002E-03   1.6455972296E-01    
            -1.3625990989E+00  -1.1334322798E-01  -2.0695888080E-03   1.7829103768E-01    
            -1.3376806577E+00  -1.1132551227E-01  -2.0802173132E-03   1.9399135174E-01    
            -1.3127622216E+00  -1.0930772917E-01  -2.0899690773E-03   2.1190302195E-01    
            -1.2878437904E+00  -1.0728988220E-01  -2.0988286212E-03   2.3229855057E-01    
            -1.2629253637E+00  -1.0527197517E-01  -2.1067870290E-03   2.5548362189E-01    
            -1.2380069413E+00  -1.0325401207E-01  -2.1138413567E-03   2.8180037539E-01    
            -1.2130885229E+00  -1.0123599702E-01  -2.1199940151E-03   3.1163092098E-01    
            -1.1881701081E+00  -9.9217934188E-02  -2.1252522030E-03   3.4540108896E-01    
            -1.1632516967E+00  -9.7199827722E-02  -2.1296274732E-03   3.8358438524E-01    
            -1.1383332884E+00  -9.5181681725E-02  -2.1331355162E-03   4.2670608477E-01    
            -1.1134148828E+00  -9.3163500186E-02  -2.1357962499E-03   4.7534733866E-01    
            -1.0884964797E+00  -9.1145286938E-02  -2.1376343016E-03   5.3014908581E-01    
            -1.0635780789E+00  -8.9127045594E-02  -2.1386799654E-03   5.9181544178E-01    
            -1.0386596800E+00  -8.7108779482E-02  -2.1389707134E-03   6.6111607959E-01    
            -1.0137412829E+00  -8.5090491562E-02  -2.1385533337E-03   7.3888691526E-01    
            -9.8882288740E-01  -8.3072184325E-02  -2.1374867646E-03   8.2602816288E-01    
            -9.6390449334E-01  -8.1053859672E-02  -2.1358457010E-03   9.2349853549E-01    
            -9.3898610062E-01  -7.9035518763E-02  -2.1337250689E-03   1.0323040495E+00    
            -9.1406770924E-01  -7.7017161839E-02  -2.1312455123E-03   1.1534795688E+00    
            -8.8914931925E-01  -7.4998788008E-02  -2.1285601202E-03   1.2880609395E+00    
            -8.6423093081E-01  -7.2980394981E-02  -2.1258627663E-03   1.4370453893E+00    
            -8.3931254423E-01  -7.0961978748E-02  -2.1233986512E-03   1.6013378932E+00    
            -8.1439415998E-01  -6.8943533172E-02  -2.1214779672E-03   1.7816816009E+00    
            -7.8947577876E-01  -6.6925049448E-02  -2.1204940814E-03   1.9785713796E+00    
            -7.6455740161E-01  -6.4906515388E-02  -2.1209483275E-03   2.1921513482E+00    
            -7.3963903001E-01  -6.2887914426E-02  -2.1234844829E-03   2.4221003327E+00    
            -7.1472066611E-01  -6.0869224237E-02  -2.1289373790E-03   2.6675139403E+00    
