AIMSum (Version 16.05.18, Professional)
Copyright (c) 1997-2016 by Todd A. Keith
AIMSum is a component of the AIMAll package ( http://aim.tkgristmill.com )

TP:  64-bit Linux

Licensed To:  Research Group of Fernando Cortes Guzman, UNAM, fercor@unam.mx

Much of the Quantum Theory of Atoms in Molecules (QTAIM) is described in the book:
  "Atoms in Molecules - A Quantum Theory"
  R.F.W. Bader, Oxford University Press, Oxford, 1990

For additional references see:  http://aim.tkgristmill.com/references.html

Wfx File:  /home/david/David/max_int/V24.wfx
Sum File:  /home/david/David/max_int/V24.sum

SumViz File:  /home/david/David/max_int/V24.sumviz

Wfx Title:   V[H2O]6 (2+)                                                                  
 
Total memory allocated for AIMSum =        1.167 Megabytes

Atomic units (a.u.) used throughout, except where stated otherwise

Model:  Unrestricted SCF
 
Unrestricted, single-determinant wavefunction.
  Number of electrons (from MO Occs)                   =          81.0000000000
  Number of Alpha electrons (from MO Occs)             =          42.0000000000
  Number of Beta electrons (from MO Occs)              =          39.0000000000
  Number of electron pairs (N*(N-1)/2)                 =        3240.0000000000
  Number of electron pairs (from Muller 2EDM)          =        3240.0000000000
 
Nuclear Charges and Cartesian Coordinates:
-------------------------------------------------------------------------------
Atom      Charge                X                  Y                  Z
-------------------------------------------------------------------------------
V1        23.0           0.0000000000E+00   0.0000000000E+00   0.0000000000E+00
O2         8.0          -4.0636198098E+00   1.8278378055E-02   2.8273973286E-02
O3         8.0           2.0121753445E-02   4.0546743400E+00  -2.9832919117E-01
H4         1.0          -5.1390912037E+00   1.4844546521E+00  -7.8156692312E-02
H5         1.0           4.2592685087E-02   5.2715718415E+00   1.0560905487E+00
H6         1.0           6.7987069189E-03   4.9890223568E+00  -1.8621237896E+00
O7         8.0           4.0636198098E+00  -1.8278378055E-02  -2.8273973286E-02
O8         8.0          -2.0121753445E-02  -4.0546743400E+00   2.9832919117E-01
O9         8.0          -3.8956586178E-02  -2.1513957999E-01  -4.0556338484E+00
O10        8.0           3.8956586178E-02   2.1513957999E-01   4.0556338484E+00
H11        1.0          -5.1489954877E+00  -1.4368876880E+00   1.7543556757E-01
H12        1.0           5.1390912037E+00  -1.4844546521E+00   7.8156692312E-02
H13        1.0           5.1489954877E+00   1.4368876880E+00  -1.7543556757E-01
H14        1.0          -4.2592685087E-02  -5.2715718415E+00  -1.0560905487E+00
H15        1.0          -6.7987069189E-03  -4.9890223568E+00   1.8621237896E+00
H16        1.0           1.4119588252E+00  -3.6660627601E-01  -5.1461143241E+00
H17        1.0          -1.5196905421E+00  -3.4806421001E-01  -5.1080785258E+00
H18        1.0          -1.4119588252E+00   3.6660627601E-01   5.1461143241E+00
H19        1.0           1.5196905421E+00   3.4806421001E-01   5.1080785258E+00
 
Some Atomic Properties:
----------------------
  q(A) = Net Charge of Atom A
  L(A) = Lagrangian of Atom A = -(1/4) Times Atomic Integral of the Laplacian of the Electron Density
  K(A) = Electronic Kinetic Energy of Atom A (Hamiltonian Form)
  K_Scaled(A) = K(A) * E(Mol)/K(Mol) = Approximation to Virial-Based Total Energy of Atom A.
  |Mu_Intra(A)| = Magnitude of Intraatomic Dipole Moment of Atom A
--------------------------------------------------------------------------------------------------
Atom A          q(A)              L(A)              K(A)          K_Scaled(A)      |Mu_Intra(A)|
--------------------------------------------------------------------------------------------------
V1        1.6425533760E+00 -6.9423531921E-04  9.4251509495E+02 -9.4411114879E+02  2.4539476057E-05
O2       -1.2427936390E+00 -3.3089864039E-06  7.5557427988E+01 -7.5685376839E+01  2.4323862779E-01
O3       -1.2426532002E+00  1.5838266406E-05  7.5557487276E+01 -7.5685436227E+01  2.4332272031E-01
H4        6.5115202145E-01  1.5750025674E-05  3.2630091393E-01 -3.2685347148E-01  1.3028626171E-01
H5        6.5133409310E-01  1.6746893175E-05  3.2631334612E-01 -3.2686592472E-01  1.3019271619E-01
H6        6.5073594096E-01  1.8226100767E-05  3.2646707286E-01 -3.2701991178E-01  1.3050053582E-01
O7       -1.2427925204E+00 -5.8625199216E-06  7.5557425008E+01 -7.5685373854E+01  2.4323928442E-01
O8       -1.2426509662E+00  1.6071373022E-05  7.5557485893E+01 -7.5685434842E+01  2.4331687798E-01
O9       -1.2425352689E+00 -2.1536569795E-05  7.5557566971E+01 -7.5685516057E+01  2.4406388498E-01
O10      -1.2425388270E+00 -2.2610882160E-05  7.5557569269E+01 -7.5685518359E+01  2.4406956387E-01
H11       6.5113195967E-01  1.6577066833E-05  3.2633521529E-01 -3.2688783092E-01  1.3030529828E-01
H12       6.5115399452E-01  1.7378531472E-05  3.2630080052E-01 -3.2685335788E-01  1.3028566346E-01
H13       6.5113372348E-01  1.8115172003E-05  3.2633515913E-01 -3.2688777467E-01  1.3030427999E-01
H14       6.5133150602E-01  1.5190477378E-05  3.2631406887E-01 -3.2686664870E-01  1.3019353463E-01
H15       6.5073094380E-01  1.3594647577E-05  3.2646691575E-01 -3.2701975441E-01  1.3050260509E-01
H16       6.5115183163E-01  1.7281596848E-05  3.2632923116E-01 -3.2688183666E-01  1.3028585152E-01
H17       6.5103751320E-01  1.7444677169E-05  3.2635867155E-01 -3.2691132690E-01  1.3033461148E-01
H18       6.5115093112E-01  1.5621563712E-05  3.2632854141E-01 -3.2688114575E-01  1.3028644124E-01
H19       6.5103578199E-01  1.4959619169E-05  3.2635790887E-01 -3.2691056293E-01  1.3033566208E-01
--------------------------------------------------------------------------------------------------
Total     1.9996691952E+00 -5.1875826629E-04  1.3997762652E+03 -1.4021466445E+03
 
Molecular charge q(Mol) from the wfx file:   2.0000000000E+00
Molecular energy E(Mol) from the wfx file:  -1.4021468742E+03
Molecular virial ratio (-V(Mol)/T(Mol)) from the wfx file:   2.0016933987E+00
Full molecular virial ratio ((-V(Mol)+W(Mol))/T(Mol)) from the wfx file:   2.0016933641E+00
Note.  K_Scaled(A) = (1+V(Mol)/T(Mol))*K(A) = (E(Mol)/T(Mol))*K(A)
       Only use K_Scaled(A) data with caution.
 
N_AIMInt(SumA)     =         81.000331
N_Analytic(Mol)    =         81.000000
 
G_AIMInt(SumA)     =       1399.776784
G_Analytic(Mol)    =       1399.776494
 
K_AIMInt(SumA)     =       1399.776265
K_Analytic(Mol)    =       1399.776494
 
L_AIMInt(SumA)     =         -0.000519
L_Analytic(Mol)    =          0.000000
 
VenT_AIMInt(SumA)  =      -4519.714999
VenT_Analytic(Mol) =      -4519.710210
 
Some Information About the Atomic Calculations:
----------------------------------------------
  Time(sec) = "Elapsed User Time", in Seconds, for Atom A by AIMInt and, if used, by TWOe
  NProc = Number of Processors Used for AIMInt Job
  BIM = Basin Integration Method
  OAQ = Angular Quadrature Outside of Beta Sphere
  ORQ = Multiple of Default for Radial Quadrature Outside of Beta Sphere
  IAQ = Multiple of Default for Angular Quadrature Inside of Beta Sphere
  IRQ = Multiple of Default for Radial Quadrature Inside of Beta Sphere
  MIR = Maximum Integration Radius
------------------------------------------------------------------------------------------------------
Atom A     Time(sec)   NProc      BIM              OAQ                 ORQ      IAQ      IRQ      MIR
------------------------------------------------------------------------------------------------------
V1           1266        8     Proaim(5)    4334      (Very High)      Auto     Auto     Auto    13.00
O2            670        8     Proaim(5)    4334      (Very High)      Auto     Auto     Auto    13.00
O3            962        8     Proaim(5)    4334      (Very High)      Auto     Auto     Auto    13.00
H4            317        8     Proaim(5)    2030      (Very High)      Auto     Auto     Auto    13.00
H5            368        8     Proaim(5)    2030      (Very High)      Auto     Auto     Auto    13.00
H6            171        8     Proaim(5)    2030      (Very High)      Auto     Auto     Auto    13.00
O7            970        8     Proaim(5)    4334      (Very High)      Auto     Auto     Auto    13.00
O8            640        8     Proaim(5)    4334      (Very High)      Auto     Auto     Auto    13.00
O9            630        8     Proaim(5)    4334      (Very High)      Auto     Auto     Auto    13.00
O10           583        8     Proaim(5)    4334      (Very High)      Auto     Auto     Auto    13.00
H11           214        8     Proaim(5)    2030      (Very High)      Auto     Auto     Auto    13.00
H12           230        8     Proaim(5)    2030      (Very High)      Auto     Auto     Auto    13.00
H13           209        8     Proaim(5)    2030      (Very High)      Auto     Auto     Auto    13.00
H14           203        8     Proaim(5)    2030      (Very High)      Auto     Auto     Auto    13.00
H15           157        8     Proaim(5)    2030      (Very High)      Auto     Auto     Auto    13.00
H16           195        8     Proaim(5)    2030      (Very High)      Auto     Auto     Auto    13.00
H17           187        8     Proaim(5)    2030      (Very High)      Auto     Auto     Auto    13.00
H18           199        8     Proaim(5)    2030      (Very High)      Auto     Auto     Auto    13.00
H19           218        8     Proaim(5)    2030      (Very High)      Auto     Auto     Auto    13.00
------------------------------------------------------------------------------------------------------
Total        8389
Note:  Total wall clock time is less than total of atomic times if more than one atom
       was calculated at a time
Note:  Total time does not include times for diatomic interaction energy calculations (7589 seconds)
 
Electron Density Critical Point Analysis of Molecular Structure:               
---------------------------------------------------------------                
  NACP = Nuclear Attractor Critical Point                                      
  NNACP = Non-Nuclear Attractor Critical Point                                 
  BCP = Bond Critical Point                                                    
  RCP = Ring Critical Point                                                    
  CCP = Cage Critical Point                                                    
  Rho = Electron Density                                                       
  GradRho = Gradient of Electron Density                                       
  HessRho_EigVals = Eigenvalues of the Hessian of Rho, Ascending Order         
  HessRho_EigVecs = Eigenvectors of the Hessian of Rho                         
  DelSqRho = Laplacian of Rho = Trace of Hessian of Rho                        
  Bond Ellipticity = (HessRho_EigVal(1) / HessRho_EigVal(2)) - 1               
  V = Virial Field = Potential Energy Density = Trace of Stress Tensor         
  G = Lagrangian Form of Kinetic Energy Density                                
  K = Hamiltonian Form of Kinetic Energy Density                               
  L = K - G = Lagrangian Density = (-1/4)DelSqRho                              
  Vnuc = Electrostatic Potential from Nuclei                                   
  Ven = Electron-nuclear attractive contribution to Virial Field V             
  Vrep = V - Ven = Repulsive contribution to Virial Field V                    
  DelSqV = Laplacian of V                                                      
  DelSqVen = Laplacian of Ven                                                  
  DelSqVrep = Laplacian of Vrep                                                
  DelSqG = Laplacian of G                                                      
  DelSqK = Laplacian of K                                                      
  Stress_EigVals = Eigenvalues of Stress Tensor, Ascending Order               
  Stress_EigVecs = Eigenvectors of Stress Tensor                               
  -DivStress = Ehrenfest Force Density = Minus Divergence of Stress Tensor     
  ESP = Total Electrostatic Potential                                          
  ESPe = Electrostatic Potential from Electrons                                
  ESPn = Electrostatic Potential from Nuclei                                   
  BP = Bond Path                                                               
  BPL = Bond Path Length                                                       
  GBL = Geometric Bond Length                                                  
  GBL_I = Distance Between Nuclear Attractors                                  
  GBL_II = Distance Between Nuclei                                             
  GBL_III = Sum of Distances Between BCP and Nuclear Attractors                
  GBL_IV = Sum of Distances Between BCP and Nuclei                             

CP# 1      Coords =  2.12725771172379E-25 -1.39386585331232E-25  9.50982180111567E-26
           Type = (3,-3) NACP V1
           Rho =  7.9758624168E+03     Rho at Nucleus =  7.9758624168E+03
           GradRho = -2.1236929246E-17  5.8560984527E-17 -5.8711826023E-17
           HessRho_EigVals = -3.3171783056E+08 -3.3171782723E+08 -3.3171782466E+08
           HessRho_EigVec1 = -9.3586730619E-02  8.5295773740E-01  5.1352178343E-01
           HessRho_EigVec2 =  9.9504411353E-01  9.7536813505E-02  1.9333445955E-02
           HessRho_EigVec3 =  3.3596666103E-02 -5.1278618177E-01  8.5785872719E-01
           DelSqRho = -9.9515348244E+08
           Bond Ellipticity = NA
           V = -2.4896912173E+08
           G =  9.0375558780E+04
           K =  2.4887874617E+08
           L =  2.4878837061E+08
           Vnuc =  2.3000000141E+09
           Ven = -1.8344483671E+13
           Vrep =  1.8344234702E+13
           DelSqV =  4.0582847499E+14
           DelSqVen =  5.5033450676E+29
           DelSqVrep = -5.5033450676E+29
           DelSqG =  1.0360180568E+13
           DelSqK = -4.1618865556E+14
           Stress_EigVals = -8.2989707684E+07 -8.2989707288E+07 -8.2989706756E+07
           Stress_EigVec1 =  5.7661740049E-02 -3.4939061195E-01  9.3520122114E-01
           Stress_EigVec2 =  9.9565043114E-01  8.8792284605E-02 -2.8216115515E-02
           Stress_EigVec3 = -7.3180207124E-02  9.3276048934E-01  3.5299083106E-01
           -DivStress = -2.7255047346E-11  1.8024195720E-11 -1.2098377661E-11
           ESP =  -9.7059620550E+01     ESP at Nucleus =  -9.7059620550E+01
           ESPe = -1.1111537974E+02     ESPe at Nucleus = -1.1111537974E+02
           ESPn =  1.4055759193E+01     ESPn at Nucleus =  1.4055759193E+01

CP# 2      Coords = -4.06362718186894E+00  1.82784177531334E-02  2.82741453425920E-02
           Type = (3,-3) NACP O2
           Rho =  2.9547672841E+02     Rho at Nucleus =  2.9547670606E+02
           GradRho = -1.7210344261E-10 -5.0877357882E-13 -1.0668965711E-12
           HessRho_EigVals = -8.2186908702E+05 -8.2185550228E+05 -8.2183337958E+05
           HessRho_EigVec1 =  3.3939104109E-03  9.9622723376E-01 -8.6716665575E-02
           HessRho_EigVec2 =  9.9985176353E-01 -4.8444325966E-03 -1.6522180202E-02
           HessRho_EigVec3 =  1.6879938920E-02  8.6647736203E-02  9.9609599812E-01
           DelSqRho = -2.4655579689E+06
           Bond Ellipticity = NA
           V = -6.1652907989E+05
           G =  6.9793832134E+01
           K =  6.1645928606E+05
           L =  6.1638949222E+05
           Vnuc =  1.0848818048E+06
           Ven = -3.2055732638E+08
           Vrep =  3.1994079730E+08
           DelSqV =  3.9214746832E+10
           DelSqVen =  2.6748389786E+12
           DelSqVrep = -2.6356242317E+12
           DelSqG =  1.7148431040E+09
           DelSqK = -4.0929589936E+10
           Stress_EigVals = -2.0551420510E+05 -2.0550880523E+05 -2.0550606956E+05
           Stress_EigVec1 =  1.7280486930E-02  8.6594189326E-02  9.9609378632E-01
           Stress_EigVec2 =  9.9984486662E-01 -4.8942055016E-03 -1.6920089879E-02
           Stress_EigVec3 =  3.4099062228E-03  9.9623164632E-01 -8.6665329931E-02
           -DivStress =  9.4111905752E+04 -5.0680613885E+02 -2.1963787419E+03
           ESP =  -2.2018880222E+01     ESP at Nucleus =  -2.2018880417E+01
           ESPe = -3.6751268867E+01     ESPe at Nucleus = -3.6751283590E+01
           ESPn =  1.4732388645E+01     ESPn at Nucleus =  1.4732403174E+01

CP# 3      Coords =  2.01217824184195E-02  4.05468168654209E+00 -2.98329901118974E-01
           Type = (3,-3) NACP O3
           Rho =  2.9547719086E+02     Rho at Nucleus =  2.9547716847E+02
           GradRho =  2.5934809855E-13  1.7688883691E-10  2.2178273107E-11
           HessRho_EigVals = -8.2187048478E+05 -8.2185690284E+05 -8.2183477680E+05
           HessRho_EigVec1 =  1.2231442163E-02  9.5843013701E-02  9.9532130920E-01
           HessRho_EigVec2 =  4.5144339752E-03  9.9538033389E-01 -9.5904174999E-02
           HessRho_EigVec3 =  9.9991500224E-01 -5.6663587041E-03 -1.1742260027E-02
           DelSqRho = -2.4655621644E+06
           Bond Ellipticity = NA
           V = -6.1653012643E+05
           G =  6.9792665360E+01
           K =  6.1646033377E+05
           L =  6.1639054110E+05
           Vnuc =  1.0839098388E+06
           Ven = -3.2027063430E+08
           Vrep =  3.1965410418E+08
           DelSqV =  3.9214813422E+10
           DelSqVen =  2.6724470825E+12
           DelSqVrep = -2.6332322691E+12
           DelSqG =  1.7148462533E+09
           DelSqK = -4.0929659676E+10
           Stress_EigVals = -2.0551455460E+05 -2.0550915298E+05 -2.0550641885E+05
           Stress_EigVec1 =  9.9991507431E-01 -5.6423493828E-03 -1.1747683138E-02
           Stress_EigVec2 =  4.5045582031E-03  9.9549370474E-01 -9.4720603809E-02
           Stress_EigVec3 =  1.2229191349E-02  9.4659641474E-02  9.9543457804E-01
           -DivStress = -3.6986893563E+02 -9.3785773893E+04  9.0633453580E+03
           ESP =  -2.2019099839E+01     ESP at Nucleus =  -2.2019100034E+01
           ESPe = -3.6747928898E+01     ESPe at Nucleus = -3.6747943620E+01
           ESPn =  1.4728829059E+01     ESPn at Nucleus =  1.4728843586E+01

CP# 4      Coords = -5.10859898715112E+00  1.44164300900909E+00 -7.50245856354767E-02
           Type = (3,-3) NACP H4
           Rho =  4.0626538507E-01     Rho at Nucleus =  3.9655561773E-01
           GradRho =  1.4831885720E-15  7.2858385991E-16  1.8214596498E-17
           HessRho_EigVals = -7.9995351200E+00 -7.9760938417E+00 -6.2406677012E+00
           HessRho_EigVec1 =  8.1330405364E-01  5.7831354220E-01 -6.3952820414E-02
           HessRho_EigVec2 =  1.7606258954E-02  8.5403455166E-02  9.9619088005E-01
           HessRho_EigVec3 = -5.8157246837E-01  8.1133205086E-01 -5.9277038301E-02
           DelSqRho = -2.2216296663E+01
           Bond Ellipticity = NA
           V = -5.6139879358E+00
           G =  2.9956885054E-02
           K =  5.5840310508E+00
           L =  5.5540741657E+00
           Vnuc =  3.5185615023E+01
           Ven = -1.4294697436E+01
           Vrep =  8.6807095005E+00
           DelSqV =  1.3484979354E+03
           DelSqVen =  7.8169406162E+02
           DelSqVrep =  5.6680387376E+02
           DelSqG =  1.0354658054E+02
           DelSqK = -1.4520445159E+03
           Stress_EigVals = -2.0253554690E+00 -2.0197556823E+00 -1.5688767845E+00
           Stress_EigVec1 =  1.7634299997E-02  8.5488655952E-02  9.9618307613E-01
           Stress_EigVec2 =  8.1549562692E-01  5.7523594817E-01 -6.3800363727E-02
           Stress_EigVec3 = -5.7849452369E-01  8.1350801695E-01 -5.9571741801E-02
           -DivStress = -1.4138952659E+01  1.9861316434E+01 -1.4535613475E+00
           ESP =  -6.6103070716E-01     ESP at Nucleus =  -6.6468800045E-01
           ESPe = -1.6854662392E+01     ESPe at Nucleus = -1.6660692897E+01
           ESPn =  1.6193631685E+01     ESPn at Nucleus =  1.5996004896E+01

CP# 5      Coords =  4.19383943960703E-02  5.23689571639890E+00  1.01644398310469E+00
           Type = (3,-3) NACP H5
           Rho =  4.0648786146E-01     Rho at Nucleus =  3.9676561840E-01
           GradRho = -1.8214596498E-17 -2.3071822230E-15  4.3021142204E-16
           HessRho_EigVals = -8.0038177230E+00 -7.9803666655E+00 -6.2428483836E+00
           HessRho_EigVec1 = -3.4667082937E-03  7.5089514786E-01 -6.6041234003E-01
           HessRho_EigVec2 =  9.9991705141E-01 -5.5892499830E-03 -1.1603904051E-02
           HessRho_EigVec3 =  1.2404524908E-02  6.6039778710E-01  7.5081348586E-01
           DelSqRho = -2.2227032772E+01
           Bond Ellipticity = NA
           V = -5.6167595400E+00
           G =  3.0000673472E-02
           K =  5.5867588665E+00
           L =  5.5567581930E+00
           Vnuc =  3.5124539196E+01
           Ven = -1.4277698823E+01
           Vrep =  8.6609392826E+00
           DelSqV =  1.3490401528E+03
           DelSqVen =  7.8071428382E+02
           DelSqVrep =  5.6832586903E+02
           DelSqG =  1.0359172653E+02
           DelSqK = -1.4526318794E+03
           Stress_EigVals = -2.0264702755E+00 -2.0208616368E+00 -1.5694276277E+00
           Stress_EigVec1 =  9.9991655416E-01 -5.4920929279E-03 -1.1692802517E-02
           Stress_EigVec2 = -3.5519390871E-03  7.5336033375E-01 -6.5759835101E-01
           Stress_EigVec3 =  1.2420484859E-02  6.5758500929E-01  7.5327796139E-01
           -DivStress =  3.0365347382E-01  1.6087141815E+01  1.8402634316E+01
           ESP =  -6.6115884102E-01     ESP at Nucleus =  -6.6483265450E-01
           ESPe = -1.6801552692E+01     ESPe at Nucleus = -1.6606667500E+01
           ESPn =  1.6140393851E+01     ESPn at Nucleus =  1.5941834845E+01

CP# 6      Coords =  7.19133002431669E-03  4.96267395379146E+00 -1.81655906564734E+00
           Type = (3,-3) NACP H6
           Rho =  4.0622228085E-01     Rho at Nucleus =  3.9652013556E-01
           GradRho = -2.3852447795E-18 -3.1294411507E-15 -1.2490009027E-16
           HessRho_EigVals = -7.9981375494E+00 -7.9746962810E+00 -6.2405897425E+00
           HessRho_EigVec1 =  1.0733155888E-02  8.6410723243E-01  5.0319329311E-01
           HessRho_EigVec2 =  9.9991480582E-01 -5.5365467828E-03 -1.1820649142E-02
           HessRho_EigVec3 =  7.4283552073E-03 -5.0327729684E-01  8.6409304015E-01
           DelSqRho = -2.2213423573E+01
           Bond Ellipticity = NA
           V = -5.6132246698E+00
           G =  2.9934388297E-02
           K =  5.5832902815E+00
           L =  5.5533558932E+00
           Vnuc =  3.5245685983E+01
           Ven = -1.4317582950E+01
           Vrep =  8.7043582804E+00
           DelSqV =  1.3483935349E+03
           DelSqVen =  7.8292735186E+02
           DelSqVrep =  5.6546618306E+02
           DelSqG =  1.0352989053E+02
           DelSqK = -1.4519234255E+03
           Stress_EigVals = -2.0249821156E+00 -2.0193810143E+00 -1.5688615399E+00
           Stress_EigVec1 =  9.9991493329E-01 -5.5274184004E-03 -1.1814136769E-02
           Stress_EigVec2 =  1.0693531977E-02  8.6602404517E-01  4.9988798901E-01
           Stress_EigVec3 =  7.4682364461E-03 -4.9997180004E-01  8.6600948298E-01
           -DivStress = -1.8216227129E-01  1.2215165725E+01 -2.1135031582E+01
           ESP =  -6.6135920203E-01     ESP at Nucleus =  -6.6500841439E-01
           ESPe = -1.6908600122E+01     ESPe at Nucleus = -1.6715616856E+01
           ESPn =  1.6247240920E+01     ESPn at Nucleus =  1.6050608441E+01

CP# 7      Coords =  4.06362718186894E+00 -1.82784177531334E-02 -2.82741453425920E-02
           Type = (3,-3) NACP O7
           Rho =  2.9547672841E+02     Rho at Nucleus =  2.9547670606E+02
           GradRho =  1.7210166625E-10  5.0873888435E-13  1.0669243267E-12
           HessRho_EigVals = -8.2186908702E+05 -8.2185550228E+05 -8.2183337958E+05
           HessRho_EigVec1 =  3.3939104109E-03  9.9622723376E-01 -8.6716665575E-02
           HessRho_EigVec2 =  9.9985176353E-01 -4.8444325966E-03 -1.6522180202E-02
           HessRho_EigVec3 =  1.6879938920E-02  8.6647736203E-02  9.9609599812E-01
           DelSqRho = -2.4655579689E+06
           Bond Ellipticity = NA
           V = -6.1652907989E+05
           G =  6.9793832134E+01
           K =  6.1645928606E+05
           L =  6.1638949222E+05
           Vnuc =  1.0848818048E+06
           Ven = -3.2055732638E+08
           Vrep =  3.1994079730E+08
           DelSqV =  3.9214746832E+10
           DelSqVen =  2.6748389786E+12
           DelSqVrep = -2.6356242317E+12
           DelSqG =  1.7148431040E+09
           DelSqK = -4.0929589936E+10
           Stress_EigVals = -2.0551420510E+05 -2.0550880523E+05 -2.0550606956E+05
           Stress_EigVec1 =  1.7280486930E-02  8.6594189326E-02  9.9609378632E-01
           Stress_EigVec2 =  9.9984486662E-01 -4.8942055016E-03 -1.6920089879E-02
           Stress_EigVec3 =  3.4099062228E-03  9.9623164632E-01 -8.6665329931E-02
           -DivStress = -9.4111905752E+04  5.0680613885E+02  2.1963787419E+03
           ESP =  -2.2018880222E+01     ESP at Nucleus =  -2.2018880417E+01
           ESPe = -3.6751268867E+01     ESPe at Nucleus = -3.6751283590E+01
           ESPn =  1.4732388645E+01     ESPn at Nucleus =  1.4732403174E+01

CP# 8      Coords = -2.01217824184195E-02 -4.05468168654209E+00  2.98329901118974E-01
           Type = (3,-3) NACP O8
           Rho =  2.9547719086E+02     Rho at Nucleus =  2.9547716847E+02
           GradRho = -2.5929258740E-13 -1.7688439602E-10 -2.2180174364E-11
           HessRho_EigVals = -8.2187048478E+05 -8.2185690284E+05 -8.2183477680E+05
           HessRho_EigVec1 =  1.2231442163E-02  9.5843013700E-02  9.9532130920E-01
           HessRho_EigVec2 =  4.5144339752E-03  9.9538033389E-01 -9.5904174997E-02
           HessRho_EigVec3 =  9.9991500224E-01 -5.6663587041E-03 -1.1742260027E-02
           DelSqRho = -2.4655621644E+06
           Bond Ellipticity = NA
           V = -6.1653012643E+05
           G =  6.9792665360E+01
           K =  6.1646033377E+05
           L =  6.1639054110E+05
           Vnuc =  1.0839098388E+06
           Ven = -3.2027063430E+08
           Vrep =  3.1965410418E+08
           DelSqV =  3.9214813422E+10
           DelSqVen =  2.6724470825E+12
           DelSqVrep = -2.6332322691E+12
           DelSqG =  1.7148462533E+09
           DelSqK = -4.0929659676E+10
           Stress_EigVals = -2.0551455460E+05 -2.0550915298E+05 -2.0550641885E+05
           Stress_EigVec1 =  9.9991507431E-01 -5.6423493828E-03 -1.1747683138E-02
           Stress_EigVec2 =  4.5045582031E-03  9.9549370474E-01 -9.4720603809E-02
           Stress_EigVec3 =  1.2229191349E-02  9.4659641474E-02  9.9543457804E-01
           -DivStress =  3.6986893563E+02  9.3785773893E+04 -9.0633453580E+03
           ESP =  -2.2019099839E+01     ESP at Nucleus =  -2.2019100034E+01
           ESPe = -3.6747928898E+01     ESPe at Nucleus = -3.6747943620E+01
           ESPn =  1.4728829059E+01     ESPn at Nucleus =  1.4728843586E+01

CP# 9      Coords = -3.89566889971761E-02 -2.15140774132785E-01 -4.05564113640208E+00
           Type = (3,-3) NACP O9
           Rho =  2.9547765071E+02     Rho at Nucleus =  2.9547762829E+02
           GradRho =  1.8436294158E-12  6.4854233095E-12 -1.4787815417E-10
           HessRho_EigVals = -8.2187180375E+05 -8.2185821826E+05 -8.2183612502E+05
           HessRho_EigVec1 =  9.9989591743E-01 -6.3414037553E-03 -1.2959201837E-02
           HessRho_EigVec2 =  1.3604952437E-02  1.1546682709E-01  9.9321816189E-01
           HessRho_EigVec3 =  4.8020394640E-03  9.9329109451E-01 -1.1554108350E-01
           DelSqRho = -2.4655661470E+06
           Bond Ellipticity = NA
           V = -6.1653111882E+05
           G =  6.9791030888E+01
           K =  6.1646132779E+05
           L =  6.1639153676E+05
           Vnuc =  1.0831545782E+06
           Ven = -3.2004797014E+08
           Vrep =  3.1943143902E+08
           DelSqV =  3.9214876430E+10
           DelSqVen =  2.6705892659E+12
           DelSqVrep = -2.6313743895E+12
           DelSqG =  1.7148491163E+09
           DelSqK = -4.0929725546E+10
           Stress_EigVals = -2.0551488017E+05 -2.0550948719E+05 -2.0550675146E+05
           Stress_EigVec1 =  4.7720270329E-03  9.9297684505E-01 -1.1821257523E-01
           Stress_EigVec2 =  1.3420843985E-02  1.1813967794E-01  9.9290628835E-01
           Stress_EigVec3 =  9.9989854921E-01 -6.3246881783E-03 -1.2762821581E-02
           -DivStress =  1.3126026039E+03  1.5243963018E+04  9.3039584481E+04
           ESP =  -2.2018721484E+01     ESP at Nucleus =  -2.2018721679E+01
           ESPe = -3.6756173867E+01     ESPe at Nucleus = -3.6756188536E+01
           ESPn =  1.4737452383E+01     ESPn at Nucleus =  1.4737466858E+01

CP# 10     Coords =  3.89566889971761E-02  2.15140774132785E-01  4.05564113640208E+00
           Type = (3,-3) NACP O10
           Rho =  2.9547765071E+02     Rho at Nucleus =  2.9547762829E+02
           GradRho = -1.8436710492E-12 -6.4857008653E-12  1.4787682190E-10
           HessRho_EigVals = -8.2187180375E+05 -8.2185821826E+05 -8.2183612502E+05
           HessRho_EigVec1 =  9.9989591743E-01 -6.3414037553E-03 -1.2959201837E-02
           HessRho_EigVec2 =  1.3604952438E-02  1.1546682709E-01  9.9321816189E-01
           HessRho_EigVec3 =  4.8020394640E-03  9.9329109451E-01 -1.1554108350E-01
           DelSqRho = -2.4655661470E+06
           Bond Ellipticity = NA
           V = -6.1653111882E+05
           G =  6.9791030888E+01
           K =  6.1646132779E+05
           L =  6.1639153676E+05
           Vnuc =  1.0831545782E+06
           Ven = -3.2004797014E+08
           Vrep =  3.1943143902E+08
           DelSqV =  3.9214876430E+10
           DelSqVen =  2.6705892659E+12
           DelSqVrep = -2.6313743895E+12
           DelSqG =  1.7148491163E+09
           DelSqK = -4.0929725546E+10
           Stress_EigVals = -2.0551488017E+05 -2.0550948719E+05 -2.0550675146E+05
           Stress_EigVec1 =  4.7720270329E-03  9.9297684505E-01 -1.1821257523E-01
           Stress_EigVec2 =  1.3420843984E-02  1.1813967794E-01  9.9290628835E-01
           Stress_EigVec3 =  9.9989854921E-01 -6.3246881783E-03 -1.2762821580E-02
           -DivStress = -1.3126026039E+03 -1.5243963018E+04 -9.3039584481E+04
           ESP =  -2.2018721484E+01     ESP at Nucleus =  -2.2018721679E+01
           ESPe = -3.6756173867E+01     ESPe at Nucleus = -3.6756188536E+01
           ESPn =  1.4737452383E+01     ESPn at Nucleus =  1.4737466858E+01

CP# 11     Coords = -5.11820973819514E+00 -1.39438061436152E+00  1.71163274693818E-01
           Type = (3,-3) NACP H11
           Rho =  4.0633557209E-01     Rho at Nucleus =  3.9662283548E-01
           GradRho =  6.8348104953E-16 -3.2092384306E-16 -4.0766001685E-17
           HessRho_EigVals = -8.0008213816E+00 -7.9773754937E+00 -6.2414494785E+00
           HessRho_EigVec1 =  8.0932551228E-01 -5.8620531116E-01  3.6817772094E-02
           HessRho_EigVec2 =  1.7870268384E-02  8.7229496291E-02  9.9602794563E-01
           HessRho_EigVec3 =  5.8708846751E-01  8.0545288388E-01 -8.1072703010E-02
           DelSqRho = -2.2219646354E+01
           Bond Ellipticity = NA
           V = -5.6148445158E+00
           G =  2.9966463683E-02
           K =  5.5848780521E+00
           L =  5.5549115884E+00
           Vnuc =  3.5187441142E+01
           Ven = -1.4297909027E+01
           Vrep =  8.6830645108E+00
           DelSqV =  1.3486763952E+03
           DelSqVen =  7.8185249827E+02
           DelSqVrep =  5.6682389690E+02
           DelSqG =  1.0356052084E+02
           DelSqK = -1.4522369160E+03
           Stress_EigVals = -2.0256853010E+00 -2.0200840906E+00 -1.5690751242E+00
           Stress_EigVec1 =  1.7433619374E-02  8.7495656277E-02  9.9601233880E-01
           Stress_EigVec2 =  8.1154891532E-01 -5.8311058098E-01  3.7019027411E-02
           Stress_EigVec3 =  5.8402433764E-01  8.0766735757E-01 -8.1172732869E-02
           -DivStress = -1.4277210011E+01 -1.9723019452E+01  1.9819881090E+00
           ESP =  -6.6106135983E-01     ESP at Nucleus =  -6.6472357233E-01
           ESPe = -1.6858039842E+01     ESPe at Nucleus = -1.6664086113E+01
           ESPn =  1.6196978482E+01     ESPn at Nucleus =  1.5999362541E+01

CP# 12     Coords =  5.10859898715112E+00 -1.44164300900909E+00  7.50245856354767E-02
           Type = (3,-3) NACP H12
           Rho =  4.0626538507E-01     Rho at Nucleus =  3.9655561773E-01
           GradRho = -1.5022705302E-15 -7.2164496601E-16 -1.9081958236E-17
           HessRho_EigVals = -7.9995351200E+00 -7.9760938417E+00 -6.2406677012E+00
           HessRho_EigVec1 =  8.1330405364E-01  5.7831354220E-01 -6.3952820414E-02
           HessRho_EigVec2 =  1.7606258954E-02  8.5403455166E-02  9.9619088005E-01
           HessRho_EigVec3 = -5.8157246837E-01  8.1133205086E-01 -5.9277038301E-02
           DelSqRho = -2.2216296663E+01
           Bond Ellipticity = NA
           V = -5.6139879358E+00
           G =  2.9956885054E-02
           K =  5.5840310508E+00
           L =  5.5540741657E+00
           Vnuc =  3.5185615023E+01
           Ven = -1.4294697436E+01
           Vrep =  8.6807095005E+00
           DelSqV =  1.3484979354E+03
           DelSqVen =  7.8169406162E+02
           DelSqVrep =  5.6680387376E+02
           DelSqG =  1.0354658054E+02
           DelSqK = -1.4520445159E+03
           Stress_EigVals = -2.0253554690E+00 -2.0197556823E+00 -1.5688767845E+00
           Stress_EigVec1 =  1.7634299997E-02  8.5488655952E-02  9.9618307613E-01
           Stress_EigVec2 =  8.1549562692E-01  5.7523594817E-01 -6.3800363727E-02
           Stress_EigVec3 = -5.7849452369E-01  8.1350801695E-01 -5.9571741801E-02
           -DivStress =  1.4138952659E+01 -1.9861316434E+01  1.4535613475E+00
           ESP =  -6.6103070716E-01     ESP at Nucleus =  -6.6468800045E-01
           ESPe = -1.6854662392E+01     ESPe at Nucleus = -1.6660692897E+01
           ESPn =  1.6193631685E+01     ESPn at Nucleus =  1.5996004896E+01

CP# 13     Coords =  5.11820973819514E+00  1.39438061436152E+00 -1.71163274693818E-01
           Type = (3,-3) NACP H13
           Rho =  4.0633557209E-01     Rho at Nucleus =  3.9662283548E-01
           GradRho = -6.9041994344E-16  2.8969882049E-16  3.7296554734E-17
           HessRho_EigVals = -8.0008213816E+00 -7.9773754937E+00 -6.2414494785E+00
           HessRho_EigVec1 =  8.0932551228E-01 -5.8620531116E-01  3.6817772094E-02
           HessRho_EigVec2 =  1.7870268384E-02  8.7229496291E-02  9.9602794563E-01
           HessRho_EigVec3 =  5.8708846751E-01  8.0545288388E-01 -8.1072703010E-02
           DelSqRho = -2.2219646354E+01
           Bond Ellipticity = NA
           V = -5.6148445158E+00
           G =  2.9966463683E-02
           K =  5.5848780521E+00
           L =  5.5549115884E+00
           Vnuc =  3.5187441142E+01
           Ven = -1.4297909027E+01
           Vrep =  8.6830645108E+00
           DelSqV =  1.3486763952E+03
           DelSqVen =  7.8185249827E+02
           DelSqVrep =  5.6682389690E+02
           DelSqG =  1.0356052084E+02
           DelSqK = -1.4522369160E+03
           Stress_EigVals = -2.0256853010E+00 -2.0200840906E+00 -1.5690751242E+00
           Stress_EigVec1 =  1.7433619374E-02  8.7495656277E-02  9.9601233880E-01
           Stress_EigVec2 =  8.1154891532E-01 -5.8311058098E-01  3.7019027411E-02
           Stress_EigVec3 =  5.8402433764E-01  8.0766735757E-01 -8.1172732869E-02
           -DivStress =  1.4277210011E+01  1.9723019452E+01 -1.9819881090E+00
           ESP =  -6.6106135983E-01     ESP at Nucleus =  -6.6472357233E-01
           ESPe = -1.6858039842E+01     ESPe at Nucleus = -1.6664086113E+01
           ESPn =  1.6196978482E+01     ESPn at Nucleus =  1.5999362541E+01

CP# 14     Coords = -4.19383943960703E-02 -5.23689571639890E+00 -1.01644398310469E+00
           Type = (3,-3) NACP H14
           Rho =  4.0648786146E-01     Rho at Nucleus =  3.9676561840E-01
           GradRho =  1.9732479539E-17  2.3731017151E-15 -4.1286418728E-16
           HessRho_EigVals = -8.0038177230E+00 -7.9803666655E+00 -6.2428483836E+00
           HessRho_EigVec1 = -3.4667082937E-03  7.5089514786E-01 -6.6041234003E-01
           HessRho_EigVec2 =  9.9991705141E-01 -5.5892499830E-03 -1.1603904051E-02
           HessRho_EigVec3 =  1.2404524908E-02  6.6039778710E-01  7.5081348586E-01
           DelSqRho = -2.2227032772E+01
           Bond Ellipticity = NA
           V = -5.6167595400E+00
           G =  3.0000673472E-02
           K =  5.5867588665E+00
           L =  5.5567581930E+00
           Vnuc =  3.5124539196E+01
           Ven = -1.4277698823E+01
           Vrep =  8.6609392826E+00
           DelSqV =  1.3490401528E+03
           DelSqVen =  7.8071428382E+02
           DelSqVrep =  5.6832586903E+02
           DelSqG =  1.0359172653E+02
           DelSqK = -1.4526318794E+03
           Stress_EigVals = -2.0264702755E+00 -2.0208616368E+00 -1.5694276277E+00
           Stress_EigVec1 =  9.9991655416E-01 -5.4920929279E-03 -1.1692802517E-02
           Stress_EigVec2 = -3.5519390871E-03  7.5336033375E-01 -6.5759835101E-01
           Stress_EigVec3 =  1.2420484859E-02  6.5758500929E-01  7.5327796139E-01
           -DivStress = -3.0365347382E-01 -1.6087141815E+01 -1.8402634316E+01
           ESP =  -6.6115884102E-01     ESP at Nucleus =  -6.6483265450E-01
           ESPe = -1.6801552692E+01     ESPe at Nucleus = -1.6606667500E+01
           ESPn =  1.6140393851E+01     ESPn at Nucleus =  1.5941834845E+01

CP# 15     Coords = -7.19133002431669E-03 -4.96267395379146E+00  1.81655906564734E+00
           Type = (3,-3) NACP H15
           Rho =  4.0622228085E-01     Rho at Nucleus =  3.9652013556E-01
           GradRho =  3.2526065175E-18  3.1433189385E-15  2.0816681712E-17
           HessRho_EigVals = -7.9981375494E+00 -7.9746962810E+00 -6.2405897425E+00
           HessRho_EigVec1 =  1.0733155888E-02  8.6410723243E-01  5.0319329311E-01
           HessRho_EigVec2 =  9.9991480582E-01 -5.5365467828E-03 -1.1820649142E-02
           HessRho_EigVec3 =  7.4283552073E-03 -5.0327729684E-01  8.6409304015E-01
           DelSqRho = -2.2213423573E+01
           Bond Ellipticity = NA
           V = -5.6132246698E+00
           G =  2.9934388297E-02
           K =  5.5832902815E+00
           L =  5.5533558932E+00
           Vnuc =  3.5245685983E+01
           Ven = -1.4317582950E+01
           Vrep =  8.7043582804E+00
           DelSqV =  1.3483935349E+03
           DelSqVen =  7.8292735186E+02
           DelSqVrep =  5.6546618306E+02
           DelSqG =  1.0352989053E+02
           DelSqK = -1.4519234255E+03
           Stress_EigVals = -2.0249821156E+00 -2.0193810143E+00 -1.5688615399E+00
           Stress_EigVec1 =  9.9991493329E-01 -5.5274184004E-03 -1.1814136769E-02
           Stress_EigVec2 =  1.0693531977E-02  8.6602404517E-01  4.9988798901E-01
           Stress_EigVec3 =  7.4682364461E-03 -4.9997180004E-01  8.6600948298E-01
           -DivStress =  1.8216227129E-01 -1.2215165725E+01  2.1135031582E+01
           ESP =  -6.6135920203E-01     ESP at Nucleus =  -6.6500841439E-01
           ESPe = -1.6908600122E+01     ESPe at Nucleus = -1.6715616856E+01
           ESPn =  1.6247240920E+01     ESPn at Nucleus =  1.6050608441E+01

CP# 16     Coords =  1.36957075474720E+00 -3.62355661639374E-01 -5.11516179338581E+00
           Type = (3,-3) NACP H16
           Rho =  4.0633401411E-01     Rho at Nucleus =  3.9662133398E-01
           GradRho = -4.8572257327E-17  1.5785983631E-16  3.0322966360E-15
           HessRho_EigVals = -8.0007430642E+00 -7.9773419092E+00 -6.2413862049E+00
           HessRho_EigVec1 =  5.9563436145E-01  9.1328897224E-02  7.9804682819E-01
           HessRho_EigVec2 =  1.0918481130E-02  9.9250298303E-01 -1.2173173558E-01
           HessRho_EigVec3 =  8.0318148275E-01 -8.1221063824E-02 -5.9017170770E-01
           DelSqRho = -2.2219471178E+01
           Bond Ellipticity = NA
           V = -5.6147922696E+00
           G =  2.9962237523E-02
           K =  5.5848300321E+00
           L =  5.5548677946E+00
           Vnuc =  3.5184360185E+01
           Ven = -1.4296602308E+01
           Vrep =  8.6818100383E+00
