AIMSum (Version 16.05.18, Professional)
Copyright (c) 1997-2016 by Todd A. Keith
AIMSum is a component of the AIMAll package ( http://aim.tkgristmill.com )

TP:  64-bit Linux

Licensed To:  Research Group of Fernando Cortes Guzman, UNAM, fercor@unam.mx

Much of the Quantum Theory of Atoms in Molecules (QTAIM) is described in the book:
  "Atoms in Molecules - A Quantum Theory"
  R.F.W. Bader, Oxford University Press, Oxford, 1990

For additional references see:  http://aim.tkgristmill.com/references.html

Wfx File:  /home/david/David/max_int/V24_beta.wfx
Sum File:  /home/david/David/max_int/V24_beta.sum

SumViz File:  /home/david/David/max_int/V24_beta.sumviz

Wfx Title:   V[H2O]6 (2+)                                                                  
 
Total memory allocated for AIMSum =        1.167 Megabytes

Atomic units (a.u.) used throughout, except where stated otherwise

Model:  Unknown
 
Unrestricted, natural orbital wavefunction.
  Number of electrons (from MO Occs)                   =          39.0000000000
  Number of Alpha electrons (from MO Occs)             =           0.0000000000
  Number of Beta electrons (from MO Occs)              =          39.0000000000
  Number of electron pairs (N*(N-1)/2)                 =         741.0000000000
  Number of electron pairs (from Muller 2EDM)          =         741.0000000000
  Number of electron pairs (from Muller 2EDM, no SOSI) =         741.0000000000
 
Nuclear Charges and Cartesian Coordinates:
-------------------------------------------------------------------------------
Atom      Charge                X                  Y                  Z
-------------------------------------------------------------------------------
V1        23.0           0.0000000000E+00   0.0000000000E+00   0.0000000000E+00
O2         8.0          -4.0636198098E+00   1.8278378055E-02   2.8273973286E-02
O3         8.0           2.0121753445E-02   4.0546743400E+00  -2.9832919117E-01
H4         1.0          -5.1390912037E+00   1.4844546521E+00  -7.8156692312E-02
H5         1.0           4.2592685087E-02   5.2715718415E+00   1.0560905487E+00
H6         1.0           6.7987069189E-03   4.9890223568E+00  -1.8621237896E+00
O7         8.0           4.0636198098E+00  -1.8278378055E-02  -2.8273973286E-02
O8         8.0          -2.0121753445E-02  -4.0546743400E+00   2.9832919117E-01
O9         8.0          -3.8956586178E-02  -2.1513957999E-01  -4.0556338484E+00
O10        8.0           3.8956586178E-02   2.1513957999E-01   4.0556338484E+00
H11        1.0          -5.1489954877E+00  -1.4368876880E+00   1.7543556757E-01
H12        1.0           5.1390912037E+00  -1.4844546521E+00   7.8156692312E-02
H13        1.0           5.1489954877E+00   1.4368876880E+00  -1.7543556757E-01
H14        1.0          -4.2592685087E-02  -5.2715718415E+00  -1.0560905487E+00
H15        1.0          -6.7987069189E-03  -4.9890223568E+00   1.8621237896E+00
H16        1.0           1.4119588252E+00  -3.6660627601E-01  -5.1461143241E+00
H17        1.0          -1.5196905421E+00  -3.4806421001E-01  -5.1080785258E+00
H18        1.0          -1.4119588252E+00   3.6660627601E-01   5.1461143241E+00
H19        1.0           1.5196905421E+00   3.4806421001E-01   5.1080785258E+00
 
Some Atomic Properties:
----------------------
  q(A) = Net Charge of Atom A
  L(A) = Lagrangian of Atom A = -(1/4) Times Atomic Integral of the Laplacian of the Electron Density
  K(A) = Electronic Kinetic Energy of Atom A (Hamiltonian Form)
  K_Scaled(A) = K(A) * E(Mol)/K(Mol) = Approximation to Virial-Based Total Energy of Atom A.
  |Mu_Intra(A)| = Magnitude of Intraatomic Dipole Moment of Atom A
--------------------------------------------------------------------------------------------------
Atom A          q(A)              L(A)              K(A)          K_Scaled(A)      |Mu_Intra(A)|
--------------------------------------------------------------------------------------------------
V1        1.3813849887E+01 -3.1732133043E-04  4.6448280847E+02 -4.6526936306E+02  7.5851475201E-06
O2        3.3777834508E+00 -8.2977343692E-06  3.7767462289E+01 -3.7831417661E+01  1.0801759064E-01
O3        3.3779231956E+00 -8.4341586405E-07  3.7768617160E+01 -3.7832574487E+01  1.0844340160E-01
H4        8.2659553735E-01  9.4805872680E-06  1.6229448220E-01 -1.6256931146E-01  6.4764858202E-02
H5        8.2659382955E-01  9.2439094506E-06  1.6236659888E-01 -1.6264155027E-01  6.4748566041E-02
H6        8.2639653321E-01  1.1832648466E-05  1.6237658336E-01 -1.6265155166E-01  6.4864728901E-02
O7        3.3777848872E+00 -7.6591428000E-06  3.7767461759E+01 -3.7831417130E+01  1.0801775894E-01
O8        3.3779211063E+00 -3.1847929612E-06  3.7768616997E+01 -3.7832574325E+01  1.0844224538E-01
O9        3.3778986284E+00 -3.3774233946E-05  3.7767650741E+01 -3.7831606433E+01  1.0858276643E-01
O10       3.3778987619E+00 -3.2344369199E-05  3.7767652286E+01 -3.7831607979E+01  1.0858305788E-01
H11       8.2659031210E-01  1.0248106008E-05  1.6230888025E-01 -1.6258373390E-01  6.4772241122E-02
H12       8.2659612725E-01  1.0112438405E-05  1.6229461392E-01 -1.6256944341E-01  6.4764607428E-02
H13       8.2659012648E-01  1.0538021742E-05  1.6230930897E-01 -1.6258416334E-01  6.4771650316E-02
H14       8.2659474955E-01  9.8213914395E-06  1.6236636953E-01 -1.6264132053E-01  6.4748766296E-02
H15       8.2639407274E-01  8.8635053084E-06  1.6237588289E-01 -1.6265085000E-01  6.4866112431E-02
H16       8.2661181151E-01  1.1148004811E-05  1.6229668746E-01 -1.6257152046E-01  6.4760131265E-02
H17       8.2656449601E-01  1.1294252012E-05  1.6230402061E-01 -1.6257886603E-01  6.4780868033E-02
H18       8.2661010202E-01  9.4750787382E-06  1.6229667339E-01 -1.6257150637E-01  6.4760550778E-02
H19       8.2656214197E-01  8.7522334239E-06  1.6230395235E-01 -1.6257879765E-01  6.4782119047E-02
--------------------------------------------------------------------------------------------------
Total     4.3999759757E+01 -2.8261484250E-04  6.9303816376E+02 -6.9421175369E+02
 
Molecular charge q(Mol) from the wfx file:   4.4000000000E+01
Molecular energy E(Mol) from the wfx file:  -1.4021468742E+03
Molecular virial ratio (-V(Mol)/T(Mol)) from the wfx file:   2.0016933987E+00
Full molecular virial ratio ((-V(Mol)+W(Mol))/T(Mol)) from the wfx file:   2.0016933641E+00
Note.  K_Scaled(A) = (1+V(Mol)/T(Mol))*K(A) = (E(Mol)/T(Mol))*K(A)
       Only use K_Scaled(A) data with caution.
 
N_AIMInt(SumA)     =         39.000240
N_Analytic(Mol)    =         39.000000
 
G_AIMInt(SumA)     =        693.038446
G_Analytic(Mol)    =        693.038215
 
K_AIMInt(SumA)     =        693.038164
K_Analytic(Mol)    =        693.038215
 
L_AIMInt(SumA)     =         -0.000283
L_Analytic(Mol)    =          0.000000
 
VenT_AIMInt(SumA)  =      -2205.247198
VenT_Analytic(Mol) =      -2205.242309
 
Some Information About the Atomic Calculations:
----------------------------------------------
  Time(sec) = "Elapsed User Time", in Seconds, for Atom A by AIMInt and, if used, by TWOe
  NProc = Number of Processors Used for AIMInt Job
  BIM = Basin Integration Method
  OAQ = Angular Quadrature Outside of Beta Sphere
  ORQ = Multiple of Default for Radial Quadrature Outside of Beta Sphere
  IAQ = Multiple of Default for Angular Quadrature Inside of Beta Sphere
  IRQ = Multiple of Default for Radial Quadrature Inside of Beta Sphere
  MIR = Maximum Integration Radius
------------------------------------------------------------------------------------------------------
Atom A     Time(sec)   NProc      BIM              OAQ                 ORQ      IAQ      IRQ      MIR
------------------------------------------------------------------------------------------------------
V1           1555        8     Proaim(5)    4334      (Very High)      Auto     Auto     Auto    13.00
O2            845        8     Proaim(5)    4334      (Very High)      Auto     Auto     Auto    13.00
O3            811        8     Proaim(5)    4334      (Very High)      Auto     Auto     Auto    13.00
H4            179        8     Proaim(5)    2030      (Very High)      Auto     Auto     Auto    13.00
H5            249        8     Proaim(5)    2030      (Very High)      Auto     Auto     Auto    13.00
H6            236        8     Proaim(5)    2030      (Very High)      Auto     Auto     Auto    13.00
O7           1113        8     Proaim(5)    4334      (Very High)      Auto     Auto     Auto    13.00
O8            969        8     Proaim(5)    4334      (Very High)      Auto     Auto     Auto    13.00
O9            782        8     Proaim(5)    4334      (Very High)      Auto     Auto     Auto    13.00
O10           971        8     Proaim(5)    4334      (Very High)      Auto     Auto     Auto    13.00
H11           211        8     Proaim(5)    2030      (Very High)      Auto     Auto     Auto    13.00
H12           257        8     Proaim(5)    2030      (Very High)      Auto     Auto     Auto    13.00
H13           180        8     Proaim(5)    2030      (Very High)      Auto     Auto     Auto    13.00
H14           195        8     Proaim(5)    2030      (Very High)      Auto     Auto     Auto    13.00
H15           191        8     Proaim(5)    2030      (Very High)      Auto     Auto     Auto    13.00
H16           178        8     Proaim(5)    2030      (Very High)      Auto     Auto     Auto    13.00
H17           198        8     Proaim(5)    2030      (Very High)      Auto     Auto     Auto    13.00
H18           166        8     Proaim(5)    2030      (Very High)      Auto     Auto     Auto    13.00
H19           193        8     Proaim(5)    2030      (Very High)      Auto     Auto     Auto    13.00
------------------------------------------------------------------------------------------------------
Total        9479
Note:  Total wall clock time is less than total of atomic times if more than one atom
       was calculated at a time
Note:  Total time does not include times for diatomic interaction energy calculations (3955 seconds)
 
Electron Density Critical Point Analysis of Molecular Structure:               
---------------------------------------------------------------                
  NACP = Nuclear Attractor Critical Point                                      
  NNACP = Non-Nuclear Attractor Critical Point                                 
  BCP = Bond Critical Point                                                    
  RCP = Ring Critical Point                                                    
  CCP = Cage Critical Point                                                    
  Rho = Electron Density                                                       
  GradRho = Gradient of Electron Density                                       
  HessRho_EigVals = Eigenvalues of the Hessian of Rho, Ascending Order         
  HessRho_EigVecs = Eigenvectors of the Hessian of Rho                         
  DelSqRho = Laplacian of Rho = Trace of Hessian of Rho                        
  Bond Ellipticity = (HessRho_EigVal(1) / HessRho_EigVal(2)) - 1               
  V = Virial Field = Potential Energy Density = Trace of Stress Tensor         
  G = Lagrangian Form of Kinetic Energy Density                                
  K = Hamiltonian Form of Kinetic Energy Density                               
  L = K - G = Lagrangian Density = (-1/4)DelSqRho                              
  Vnuc = Electrostatic Potential from Nuclei                                   
  Ven = Electron-nuclear attractive contribution to Virial Field V             
  Vrep = V - Ven = Repulsive contribution to Virial Field V                    
  DelSqV = Laplacian of V                                                      
  DelSqVen = Laplacian of Ven                                                  
  DelSqVrep = Laplacian of Vrep                                                
  DelSqG = Laplacian of G                                                      
  DelSqK = Laplacian of K                                                      
  Stress_EigVals = Eigenvalues of Stress Tensor, Ascending Order               
  Stress_EigVecs = Eigenvectors of Stress Tensor                               
  -DivStress = Ehrenfest Force Density = Minus Divergence of Stress Tensor     
  ESP = Total Electrostatic Potential                                          
  ESPe = Electrostatic Potential from Electrons                                
  ESPn = Electrostatic Potential from Nuclei                                   
  BP = Bond Path                                                               
  BPL = Bond Path Length                                                       
  GBL = Geometric Bond Length                                                  
  GBL_I = Distance Between Nuclear Attractors                                  
  GBL_II = Distance Between Nuclei                                             
  GBL_III = Sum of Distances Between BCP and Nuclear Attractors                
  GBL_IV = Sum of Distances Between BCP and Nuclei                             

CP# 1      Coords =  2.95526279373289E-25  1.07137911807370E-26 -2.82722882961278E-25
           Type = (3,-3) NACP V1
           Rho =  3.9882632907E+03     Rho at Nucleus =  3.9882632907E+03
           GradRho = -6.0191535750E-17  1.4343697858E-17  3.4359221605E-17
           HessRho_EigVals = -1.6587514460E+08 -1.6587514318E+08 -1.6587514267E+08
           HessRho_EigVec1 = -5.9503885207E-02  9.0653368015E-01  4.1791862175E-01
           HessRho_EigVec2 =  9.7834313131E-01  1.3610933951E-01 -1.5594539146E-01
           HessRho_EigVec3 =  1.9825237720E-01 -3.9958845636E-01  8.9500003379E-01
           DelSqRho = -4.9762543045E+08
           Bond Ellipticity = NA
           V = -1.2449682993E+08
           G =  4.5236156543E+04
           K =  1.2445159377E+08
           L =  1.2440635761E+08
           Vnuc =  2.3000000141E+09
           Ven = -9.1730056247E+12
           Vrep =  9.1728811278E+12
           DelSqV =  2.0293422504E+14
           DelSqVen =  2.7519016706E+29
           DelSqVrep = -2.7519016706E+29
           DelSqG =  5.1806860201E+12
           DelSqK = -2.0811491106E+14
           Stress_EigVals = -4.1498943531E+07 -4.1498943382E+07 -4.1498943013E+07
           Stress_EigVec1 =  1.7100166991E-01 -3.7205016163E-01  9.1232510988E-01
           Stress_EigVec2 =  9.8359157059E-01  1.1849950286E-01 -1.3603488552E-01
           Stress_EigVec3 = -5.7498270820E-02  9.2061748031E-01  3.8620901569E-01
           -DivStress = -1.8985197755E-11 -5.7299977202E-13  1.8112332416E-11
           ESP =  -4.0040463101E+01     ESP at Nucleus =  -4.0040463101E+01
           ESPe = -5.4096222294E+01     ESPe at Nucleus = -5.4096222294E+01
           ESPn =  1.4055759193E+01     ESPn at Nucleus =  1.4055759193E+01

CP# 2      Coords = -4.06362734209882E+00  1.82784181118511E-02  2.82741414445530E-02
           Type = (3,-3) NACP O2
           Rho =  1.4774482522E+02     Rho at Nucleus =  1.4774481355E+02
           GradRho =  8.6911589037E-11  2.9691873960E-13 -3.5624281303E-14
           HessRho_EigVals = -4.1095381686E+05 -4.1094673978E+05 -4.1093643249E+05
           HessRho_EigVec1 =  3.4003894544E-03  9.9622407524E-01 -8.6752690249E-02
           HessRho_EigVec2 =  9.9983810630E-01 -4.9199038043E-03 -1.7307678420E-02
           HessRho_EigVec3 =  1.7669140819E-02  8.6679792688E-02  9.9607952243E-01
           DelSqRho = -1.2328369891E+06
           Bond Ellipticity = NA
           V = -3.0827892255E+05
           G =  3.4837634623E+01
           K =  3.0824408492E+05
           L =  3.0820924728E+05
           Vnuc =  1.0618290297E+06
           Ven = -1.5687974440E+08
           Vrep =  1.5657146548E+08
           DelSqV =  1.9608291231E+10
           DelSqVen =  1.3090621030E+12
           DelSqVrep = -1.2894538118E+12
           DelSqG =  8.5746444386E+08
           DelSqK = -2.0465755675E+10
           Stress_EigVals = -1.0276179702E+05 -1.0275927891E+05 -1.0275784662E+05
           Stress_EigVec1 =  1.8055701874E-02  8.6627578896E-02  9.9607713266E-01
           Stress_EigVec2 =  9.9983116181E-01 -4.9637642741E-03 -1.7692058098E-02
           Stress_EigVec3 =  3.4116719266E-03  9.9622839932E-01 -8.6702577100E-02
           -DivStress =  4.8081488429E+04 -2.5570614645E+02 -1.0733512797E+03
           ESP =  -3.2759195305E+00     ESP at Nucleus =  -3.2759115682E+00
           ESPe = -1.8008307860E+01     ESPe at Nucleus = -1.8008314742E+01
           ESPn =  1.4732388329E+01     ESPn at Nucleus =  1.4732403174E+01

CP# 3      Coords =  2.01217825463502E-02  4.05468185717539E+00 -2.98329914676929E-01
           Type = (3,-3) NACP O3
           Rho =  1.4774590650E+02     Rho at Nucleus =  1.4774589478E+02
           GradRho = -3.3208158445E-13  4.9928450263E-11  1.6150795978E-12
           HessRho_EigVals = -4.1095696423E+05 -4.1094988095E+05 -4.1093957755E+05
           HessRho_EigVec1 =  1.2244114626E-02  9.5407960702E-02  9.9536295023E-01
           HessRho_EigVec2 =  4.5741744820E-03  9.9542181049E-01 -9.5469870234E-02
           HessRho_EigVec3 =  9.9991457564E-01 -5.7219078418E-03 -1.1751646090E-02
           DelSqRho = -1.2328464227E+06
           Bond Ellipticity = NA
           V = -3.0828128940E+05
           G =  3.4841857628E+01
           K =  3.0824644754E+05
           L =  3.0821160568E+05
           Vnuc =  1.0593460270E+06
           Ven = -1.5651403906E+08
           Vrep =  1.5620575777E+08
           DelSqV =  1.9608441126E+10
           DelSqVen =  1.3060109594E+12
           DelSqVrep = -1.2864025182E+12
           DelSqG =  8.5747131555E+08
           DelSqK = -2.0465912442E+10
           Stress_EigVals = -1.0276258624E+05 -1.0276006801E+05 -1.0275863515E+05
           Stress_EigVec1 =  9.9991466375E-01 -5.6905170361E-03 -1.1759389154E-02
           Stress_EigVec2 =  4.5559621631E-03  9.9552865560E-01 -9.4350087899E-02
           Stress_EigVec3 =  1.2243709657E-02  9.4288461085E-02  9.9546962670E-01
           -DivStress = -1.8575918582E+02 -4.7985130874E+04  4.6185000403E+03
           ESP =  -3.2782716234E+00     ESP at Nucleus =  -3.2782636505E+00
           ESPe = -1.8007100345E+01     ESPe at Nucleus = -1.8007107237E+01
           ESPn =  1.4728828721E+01     ESPn at Nucleus =  1.4728843586E+01

CP# 4      Coords = -5.10855140957442E+00  1.44153171679978E+00 -7.50177927281643E-02
           Type = (3,-3) NACP H4
           Rho =  2.0266376146E-01     Rho at Nucleus =  1.9780227535E-01
           GradRho =  2.3071822230E-15 -2.2161092406E-15  1.6609977282E-16
           HessRho_EigVals = -3.9883248941E+00 -3.9771381461E+00 -3.1087835712E+00
           HessRho_EigVec1 =  8.1352411748E-01  5.7795218137E-01 -6.4418835182E-02
           HessRho_EigVec2 =  1.8022439263E-02  8.5664258631E-02  9.9616104445E-01
           HessRho_EigVec3 = -5.8125184039E-01  8.1156201910E-01 -5.9273832317E-02
           DelSqRho = -1.1074246611E+01
           Bond Ellipticity = NA
           V = -2.7983646191E+00
           G =  1.4901483115E-02
           K =  2.7834631360E+00
           L =  2.7685616529E+00
           Vnuc =  3.5143412069E+01
           Ven = -7.1222960803E+00
           Vrep =  4.3239314612E+00
           DelSqV =  6.7187376290E+02
           DelSqVen =  3.8918681202E+02
           DelSqVrep =  2.8268695089E+02
           DelSqG =  5.1580354251E+01
           DelSqK = -7.2345411716E+02
           Stress_EigVals = -1.0098082640E+00 -1.0070607342E+00 -7.8149562088E-01
           Stress_EigVec1 =  1.7800786892E-02  8.5565298736E-02  9.9617353490E-01
           Stress_EigVec2 =  8.1574789648E-01  5.7486109337E-01 -6.3953832758E-02
           Stress_EigVec3 = -5.7813363627E-01  8.1376489417E-01 -5.9566732639E-02
           -DivStress = -7.0588705575E+00  9.9258096039E+00 -7.2611168152E-01
           ESP =   8.0496616095E+00     ESP at Nucleus =   7.9466259835E+00
           ESPe = -8.1443963792E+00     ESPe at Nucleus = -8.0493789129E+00
           ESPn =  1.6194057989E+01     ESPn at Nucleus =  1.5996004896E+01

CP# 5      Coords =  4.19367833116968E-02  5.23684456059681E+00  1.01633988097129E+00
           Type = (3,-3) NACP H5
           Rho =  2.0281140987E-01     Rho at Nucleus =  1.9794380966E-01
           GradRho = -5.0739431103E-13 -2.6927038724E-11 -3.0732933559E-11
           HessRho_EigVals = -3.9912107762E+00 -3.9800270821E+00 -3.1106453607E+00
           HessRho_EigVec1 = -3.4589446177E-03  7.5118645335E-01 -6.6008101625E-01
           HessRho_EigVec2 =  9.9991703989E-01 -5.5920045612E-03 -1.1603569180E-02
           HessRho_EigVec3 =  1.2407620032E-02  6.6006639196E-01  7.5110479240E-01
           DelSqRho = -1.1081883219E+01
           Bond Ellipticity = NA
           V = -2.8003171407E+00
           G =  1.4923167991E-02
           K =  2.7853939727E+00
           L =  2.7704708048E+00
           Vnuc =  3.5084639982E+01
           Ven = -7.1155652996E+00
           Vrep =  4.3152481588E+00
           DelSqV =  6.7229596320E+02
           DelSqVen =  3.8880388309E+02
           DelSqVrep =  2.8349208011E+02
           DelSqG =  5.1614356432E+01
           DelSqK = -7.2391031963E+02
           Stress_EigVals = -1.0105510841E+00 -1.0077999042E+00 -7.8196615237E-01
           Stress_EigVec1 =  9.9991651709E-01 -5.4903812981E-03 -1.1696775943E-02
           Stress_EigVec2 = -3.5496113667E-03  7.5369002144E-01 -6.5722047430E-01
           Stress_EigVec3 =  1.2424134312E-02  6.5720712663E-01  7.5360761249E-01
           -DivStress =  1.5176475703E-01  8.0324074254E+00  9.1988927243E+00
           ESP =   8.0214981130E+00     ESP at Nucleus =   7.9179948294E+00
           ESPe = -8.1192960167E+00     ESPe at Nucleus = -8.0238400157E+00
           ESPn =  1.6140794130E+01     ESPn at Nucleus =  1.5941834845E+01

CP# 6      Coords =  7.19261567689830E-03  4.96263405271275E+00 -1.81644158569660E+00
           Type = (3,-3) NACP H6
           Rho =  2.0264208033E-01     Rho at Nucleus =  1.9778402545E-01
           GradRho =  2.2792098070E-15 -1.5516234131E-13  2.6507095130E-13
           HessRho_EigVals = -3.9874754369E+00 -3.9762804259E+00 -3.1085592349E+00
           HessRho_EigVec1 =  1.0690673921E-02  8.6429222386E-01  5.0287638766E-01
           HessRho_EigVec2 =  9.9991521633E-01 -5.5011495186E-03 -1.1802436784E-02
           HessRho_EigVec3 =  7.4343561373E-03 -5.0295992795E-01  8.6427775699E-01
           DelSqRho = -1.1072315098E+01
           Bond Ellipticity = NA
           V = -2.7978617696E+00
           G =  1.4891497569E-02
           K =  2.7829702720E+00
           L =  2.7680787744E+00
           Vnuc =  3.5202302826E+01
           Ven = -7.1334678769E+00
           Vrep =  4.3356061073E+00
           DelSqV =  6.7178022733E+02
           DelSqVen =  3.8977098905E+02
           DelSqVrep =  2.8200923828E+02
           DelSqG =  5.1567632062E+01
           DelSqK = -7.2334785939E+02
           Stress_EigVals = -1.0095857681E+00 -1.0068347407E+00 -7.8144126082E-01
           Stress_EigVec1 =  9.9991512942E-01 -5.5095908471E-03 -1.1805861375E-02
           Stress_EigVec2 =  1.0670811865E-02  8.6623443162E-01  4.9952381650E-01
           Stress_EigVec3 =  7.4744717706E-03 -4.9960739975E-01  8.6621970561E-01
           -DivStress = -9.1091647662E-02  6.0978669191E+00 -1.0561633058E+01
           ESP =   8.0774665473E+00     ESP at Nucleus =   7.9749422600E+00
           ESPe = -8.1702114980E+00     ESPe at Nucleus = -8.0756661812E+00
           ESPn =  1.6247678045E+01     ESPn at Nucleus =  1.6050608441E+01

CP# 7      Coords =  4.06362734209882E+00 -1.82784181118511E-02 -2.82741414445530E-02
           Type = (3,-3) NACP O7
           Rho =  1.4774482522E+02     Rho at Nucleus =  1.4774481355E+02
           GradRho = -8.6908258368E-11 -2.9683547287E-13  3.5568770151E-14
           HessRho_EigVals = -4.1095381686E+05 -4.1094673978E+05 -4.1093643249E+05
           HessRho_EigVec1 =  3.4003894544E-03  9.9622407524E-01 -8.6752690250E-02
           HessRho_EigVec2 =  9.9983810630E-01 -4.9199038043E-03 -1.7307678420E-02
           HessRho_EigVec3 =  1.7669140820E-02  8.6679792689E-02  9.9607952243E-01
           DelSqRho = -1.2328369891E+06
           Bond Ellipticity = NA
           V = -3.0827892255E+05
           G =  3.4837634623E+01
           K =  3.0824408492E+05
           L =  3.0820924728E+05
           Vnuc =  1.0618290297E+06
           Ven = -1.5687974440E+08
           Vrep =  1.5657146548E+08
           DelSqV =  1.9608291231E+10
           DelSqVen =  1.3090621030E+12
           DelSqVrep = -1.2894538118E+12
           DelSqG =  8.5746444386E+08
           DelSqK = -2.0465755675E+10
           Stress_EigVals = -1.0276179702E+05 -1.0275927891E+05 -1.0275784662E+05
           Stress_EigVec1 =  1.8055701874E-02  8.6627578896E-02  9.9607713266E-01
           Stress_EigVec2 =  9.9983116181E-01 -4.9637642740E-03 -1.7692058098E-02
           Stress_EigVec3 =  3.4116719266E-03  9.9622839932E-01 -8.6702577100E-02
           -DivStress = -4.8081488429E+04  2.5570614645E+02  1.0733512797E+03
           ESP =  -3.2759195305E+00     ESP at Nucleus =  -3.2759115682E+00
           ESPe = -1.8008307860E+01     ESPe at Nucleus = -1.8008314742E+01
           ESPn =  1.4732388329E+01     ESPn at Nucleus =  1.4732403174E+01

CP# 8      Coords = -2.01217825463502E-02 -4.05468185717539E+00  2.98329914676929E-01
           Type = (3,-3) NACP O8
           Rho =  1.4774590650E+02     Rho at Nucleus =  1.4774589478E+02
           GradRho =  3.3212321782E-13 -4.9924453460E-11 -1.6157023636E-12
           HessRho_EigVals = -4.1095696423E+05 -4.1094988095E+05 -4.1093957755E+05
           HessRho_EigVec1 =  1.2244114626E-02  9.5407960699E-02  9.9536295023E-01
           HessRho_EigVec2 =  4.5741744820E-03  9.9542181049E-01 -9.5469870231E-02
           HessRho_EigVec3 =  9.9991457564E-01 -5.7219078418E-03 -1.1751646090E-02
           DelSqRho = -1.2328464227E+06
           Bond Ellipticity = NA
           V = -3.0828128940E+05
           G =  3.4841857628E+01
           K =  3.0824644754E+05
           L =  3.0821160568E+05
           Vnuc =  1.0593460270E+06
           Ven = -1.5651403906E+08
           Vrep =  1.5620575777E+08
           DelSqV =  1.9608441126E+10
           DelSqVen =  1.3060109594E+12
           DelSqVrep = -1.2864025182E+12
           DelSqG =  8.5747131555E+08
           DelSqK = -2.0465912442E+10
           Stress_EigVals = -1.0276258624E+05 -1.0276006801E+05 -1.0275863515E+05
           Stress_EigVec1 =  9.9991466375E-01 -5.6905170361E-03 -1.1759389154E-02
           Stress_EigVec2 =  4.5559621631E-03  9.9552865560E-01 -9.4350087900E-02
           Stress_EigVec3 =  1.2243709658E-02  9.4288461086E-02  9.9546962670E-01
           -DivStress =  1.8575918582E+02  4.7985130874E+04 -4.6185000403E+03
           ESP =  -3.2782716234E+00     ESP at Nucleus =  -3.2782636505E+00
           ESPe = -1.8007100345E+01     ESPe at Nucleus = -1.8007107237E+01
           ESPn =  1.4728828721E+01     ESPn at Nucleus =  1.4728843586E+01

CP# 9      Coords = -3.89566908482817E-02 -2.15140754788933E-01 -4.05564129804384E+00
           Type = (3,-3) NACP O9
           Rho =  1.4774523718E+02     Rho at Nucleus =  1.4774522550E+02
           GradRho = -1.1122179566E-12  5.5715432268E-12  7.2183814481E-11
           HessRho_EigVals = -4.1095502535E+05 -4.1094795196E+05 -4.1093764900E+05
           HessRho_EigVec1 =  9.9989666276E-01 -6.3555716635E-03 -1.2894592198E-02
           HessRho_EigVec2 =  1.3565210637E-02  1.2019202343E-01  9.9265797864E-01
           HessRho_EigVec3 =  4.7590817929E-03  9.9273031797E-01 -1.2026581779E-01
           DelSqRho = -1.2328406263E+06
           Bond Ellipticity = NA
           V = -3.0827983112E+05
           G =  3.4837273122E+01
           K =  3.0824499385E+05
           L =  3.0821015658E+05
           Vnuc =  1.0606755602E+06
           Ven = -1.5670976222E+08
           Vrep =  1.5640148239E+08
           DelSqV =  1.9608348913E+10
           DelSqVen =  1.3076439204E+12
           DelSqVrep = -1.2880355715E+12
           DelSqG =  8.5746711221E+08
           DelSqK = -2.0465816025E+10
           Stress_EigVals = -1.0276209900E+05 -1.0275958176E+05 -1.0275815036E+05
           Stress_EigVec1 =  4.7322138646E-03  9.9240925402E-01 -1.2288807379E-01
           Stress_EigVec2 =  1.3380855780E-02  1.2281560570E-01  9.9233929666E-01
           Stress_EigVec3 =  9.9989927435E-01 -6.3403093705E-03 -1.2698095390E-02
           -DivStress =  6.6815257429E+02  7.4988266006E+03  4.7554303613E+04
           ESP =  -3.2731484142E+00     ESP at Nucleus =  -3.2731404805E+00
           ESPe = -1.8010600480E+01     ESPe at Nucleus = -1.8010607338E+01
           ESPn =  1.4737452066E+01     ESPn at Nucleus =  1.4737466858E+01

CP# 10     Coords =  3.89566908482817E-02  2.15140754788933E-01  4.05564129804384E+00
           Type = (3,-3) NACP O10
           Rho =  1.4774523718E+02     Rho at Nucleus =  1.4774522550E+02
           GradRho =  1.1122647942E-12 -5.5713766933E-12 -7.2182704258E-11
           HessRho_EigVals = -4.1095502535E+05 -4.1094795196E+05 -4.1093764900E+05
           HessRho_EigVec1 =  9.9989666276E-01 -6.3555716635E-03 -1.2894592198E-02
           HessRho_EigVec2 =  1.3565210636E-02  1.2019202343E-01  9.9265797864E-01
           HessRho_EigVec3 =  4.7590817929E-03  9.9273031797E-01 -1.2026581779E-01
           DelSqRho = -1.2328406263E+06
           Bond Ellipticity = NA
           V = -3.0827983112E+05
           G =  3.4837273122E+01
           K =  3.0824499385E+05
           L =  3.0821015658E+05
           Vnuc =  1.0606755602E+06
           Ven = -1.5670976222E+08
           Vrep =  1.5640148239E+08
           DelSqV =  1.9608348913E+10
           DelSqVen =  1.3076439204E+12
           DelSqVrep = -1.2880355715E+12
           DelSqG =  8.5746711221E+08
           DelSqK = -2.0465816025E+10
           Stress_EigVals = -1.0276209900E+05 -1.0275958176E+05 -1.0275815036E+05
           Stress_EigVec1 =  4.7322138646E-03  9.9240925402E-01 -1.2288807378E-01
           Stress_EigVec2 =  1.3380855780E-02  1.2281560570E-01  9.9233929666E-01
           Stress_EigVec3 =  9.9989927435E-01 -6.3403093704E-03 -1.2698095391E-02
           -DivStress = -6.6815257429E+02 -7.4988266006E+03 -4.7554303613E+04
           ESP =  -3.2731484142E+00     ESP at Nucleus =  -3.2731404805E+00
           ESPe = -1.8010600480E+01     ESPe at Nucleus = -1.8010607338E+01
           ESPn =  1.4737452066E+01     ESPn at Nucleus =  1.4737466858E+01

CP# 11     Coords = -5.11816112592657E+00 -1.39426975959937E+00  1.71150111524991E-01
           Type = (3,-3) NACP H11
           Rho =  2.0269789573E-01     Rho at Nucleus =  1.9783486207E-01
           GradRho =  2.0790660860E-15  1.3773704399E-15 -1.3444106939E-16
           HessRho_EigVals = -3.9889442196E+00 -3.9777545339E+00 -3.1091427019E+00
           HessRho_EigVec1 =  8.0954463635E-01 -5.8594458134E-01  3.6144561972E-02
           HessRho_EigVec2 =  1.8413729764E-02  8.6882734769E-02  9.9604835473E-01
           HessRho_EigVec3 =  5.8676947459E-01  8.0568004692E-01 -8.1124877100E-02
           DelSqRho = -1.1075841455E+01
           Bond Ellipticity = NA
           V = -2.7987726809E+00
           G =  1.4906158509E-02
           K =  2.7838665223E+00
           L =  2.7689603638E+00
           Vnuc =  3.5145057391E+01
           Ven = -7.1238291786E+00
           Vrep =  4.3250564977E+00
           DelSqV =  6.7195670158E+02
           DelSqVen =  3.8926108360E+02
           DelSqVrep =  2.8269561798E+02
           DelSqG =  5.1586844086E+01
           DelSqK = -7.2354354567E+02
           Stress_EigVals = -1.0099671617E+00 -1.0072188436E+00 -7.8158667550E-01
           Stress_EigVec1 =  1.7646228112E-02  8.7397575695E-02  9.9601720587E-01
           Stress_EigVec2 =  8.1180269260E-01 -5.8277398693E-01  3.6754162402E-02
           Stress_EigVec3 =  5.8366514280E-01  8.0792087727E-01 -8.1233349987E-02
           -DivStress = -7.1279759356E+00 -9.8567051212E+00  9.9098840259E-01
           ESP =   8.0513800053E+00     ESP at Nucleus =   7.9483466268E+00
           ESPe = -8.1460266489E+00     ESPe at Nucleus = -8.0510159140E+00
           ESPn =  1.6197406654E+01     ESPn at Nucleus =  1.5999362541E+01

CP# 12     Coords =  5.10855140957442E+00 -1.44153171679978E+00  7.50177927281643E-02
           Type = (3,-3) NACP H12
           Rho =  2.0266376146E-01     Rho at Nucleus =  1.9780227535E-01
           GradRho = -2.2881002648E-15  2.2169766023E-15 -1.6609977282E-16
           HessRho_EigVals = -3.9883248941E+00 -3.9771381461E+00 -3.1087835712E+00
           HessRho_EigVec1 =  8.1352411748E-01  5.7795218137E-01 -6.4418835182E-02
           HessRho_EigVec2 =  1.8022439263E-02  8.5664258631E-02  9.9616104445E-01
           HessRho_EigVec3 = -5.8125184039E-01  8.1156201910E-01 -5.9273832317E-02
           DelSqRho = -1.1074246611E+01
           Bond Ellipticity = NA
           V = -2.7983646191E+00
           G =  1.4901483115E-02
           K =  2.7834631360E+00
           L =  2.7685616529E+00
           Vnuc =  3.5143412069E+01
           Ven = -7.1222960803E+00
           Vrep =  4.3239314612E+00
           DelSqV =  6.7187376290E+02
           DelSqVen =  3.8918681202E+02
           DelSqVrep =  2.8268695089E+02
           DelSqG =  5.1580354251E+01
           DelSqK = -7.2345411716E+02
           Stress_EigVals = -1.0098082640E+00 -1.0070607342E+00 -7.8149562088E-01
           Stress_EigVec1 =  1.7800786892E-02  8.5565298736E-02  9.9617353490E-01
           Stress_EigVec2 =  8.1574789648E-01  5.7486109337E-01 -6.3953832758E-02
           Stress_EigVec3 = -5.7813363627E-01  8.1376489417E-01 -5.9566732639E-02
           -DivStress =  7.0588705575E+00 -9.9258096039E+00  7.2611168152E-01
           ESP =   8.0496616095E+00     ESP at Nucleus =   7.9466259835E+00
           ESPe = -8.1443963792E+00     ESPe at Nucleus = -8.0493789129E+00
           ESPn =  1.6194057989E+01     ESPn at Nucleus =  1.5996004896E+01

CP# 13     Coords =  5.11816112592657E+00  1.39426975959937E+00 -1.71150111524991E-01
           Type = (3,-3) NACP H13
           Rho =  2.0269789573E-01     Rho at Nucleus =  1.9783486207E-01
           GradRho = -2.1250362581E-15 -5.7245874707E-16  1.3834419721E-16
           HessRho_EigVals = -3.9889442196E+00 -3.9777545339E+00 -3.1091427019E+00
           HessRho_EigVec1 =  8.0954463635E-01 -5.8594458134E-01  3.6144561972E-02
           HessRho_EigVec2 =  1.8413729764E-02  8.6882734769E-02  9.9604835473E-01
           HessRho_EigVec3 =  5.8676947459E-01  8.0568004692E-01 -8.1124877100E-02
           DelSqRho = -1.1075841455E+01
           Bond Ellipticity = NA
           V = -2.7987726809E+00
           G =  1.4906158509E-02
           K =  2.7838665223E+00
           L =  2.7689603638E+00
           Vnuc =  3.5145057391E+01
           Ven = -7.1238291786E+00
           Vrep =  4.3250564977E+00
           DelSqV =  6.7195670158E+02
           DelSqVen =  3.8926108360E+02
           DelSqVrep =  2.8269561798E+02
           DelSqG =  5.1586844086E+01
           DelSqK = -7.2354354567E+02
           Stress_EigVals = -1.0099671617E+00 -1.0072188436E+00 -7.8158667550E-01
           Stress_EigVec1 =  1.7646228112E-02  8.7397575695E-02  9.9601720587E-01
           Stress_EigVec2 =  8.1180269260E-01 -5.8277398693E-01  3.6754162402E-02
           Stress_EigVec3 =  5.8366514280E-01  8.0792087727E-01 -8.1233349987E-02
           -DivStress =  7.1279759356E+00  9.8567051212E+00 -9.9098840259E-01
           ESP =   8.0513800053E+00     ESP at Nucleus =   7.9483466268E+00
           ESPe = -8.1460266489E+00     ESPe at Nucleus = -8.0510159140E+00
           ESPn =  1.6197406654E+01     ESPn at Nucleus =  1.5999362541E+01

CP# 14     Coords = -4.19367833116968E-02 -5.23684456059681E+00 -1.01633988097129E+00
           Type = (3,-3) NACP H14
           Rho =  2.0281140987E-01     Rho at Nucleus =  1.9794380966E-01
           GradRho =  5.0739534102E-13  2.6927038724E-11  3.0733006418E-11
           HessRho_EigVals = -3.9912107762E+00 -3.9800270821E+00 -3.1106453607E+00
           HessRho_EigVec1 = -3.4589446177E-03  7.5118645335E-01 -6.6008101625E-01
           HessRho_EigVec2 =  9.9991703989E-01 -5.5920045612E-03 -1.1603569180E-02
           HessRho_EigVec3 =  1.2407620032E-02  6.6006639196E-01  7.5110479240E-01
           DelSqRho = -1.1081883219E+01
           Bond Ellipticity = NA
           V = -2.8003171407E+00
           G =  1.4923167991E-02
           K =  2.7853939727E+00
           L =  2.7704708048E+00
           Vnuc =  3.5084639982E+01
           Ven = -7.1155652996E+00
           Vrep =  4.3152481588E+00
           DelSqV =  6.7229596320E+02
           DelSqVen =  3.8880388309E+02
           DelSqVrep =  2.8349208011E+02
           DelSqG =  5.1614356432E+01
           DelSqK = -7.2391031963E+02
           Stress_EigVals = -1.0105510841E+00 -1.0077999042E+00 -7.8196615237E-01
           Stress_EigVec1 =  9.9991651709E-01 -5.4903812981E-03 -1.1696775943E-02
           Stress_EigVec2 = -3.5496113667E-03  7.5369002144E-01 -6.5722047430E-01
           Stress_EigVec3 =  1.2424134312E-02  6.5720712663E-01  7.5360761249E-01
           -DivStress = -1.5176475703E-01 -8.0324074254E+00 -9.1988927243E+00
           ESP =   8.0214981130E+00     ESP at Nucleus =   7.9179948294E+00
           ESPe = -8.1192960167E+00     ESPe at Nucleus = -8.0238400157E+00
           ESPn =  1.6140794130E+01     ESPn at Nucleus =  1.5941834845E+01

CP# 15     Coords = -7.19261567689830E-03 -4.96263405271275E+00  1.81644158569660E+00
           Type = (3,-3) NACP H15
           Rho =  2.0264208033E-01     Rho at Nucleus =  1.9778402545E-01
           GradRho = -2.2808361103E-15  1.5525601638E-13 -2.6460084124E-13
           HessRho_EigVals = -3.9874754369E+00 -3.9762804259E+00 -3.1085592349E+00
           HessRho_EigVec1 =  1.0690673921E-02  8.6429222386E-01  5.0287638766E-01
           HessRho_EigVec2 =  9.9991521633E-01 -5.5011495186E-03 -1.1802436784E-02
           HessRho_EigVec3 =  7.4343561373E-03 -5.0295992795E-01  8.6427775699E-01
           DelSqRho = -1.1072315098E+01
           Bond Ellipticity = NA
           V = -2.7978617696E+00
           G =  1.4891497569E-02
           K =  2.7829702720E+00
           L =  2.7680787744E+00
           Vnuc =  3.5202302826E+01
           Ven = -7.1334678769E+00
           Vrep =  4.3356061073E+00
           DelSqV =  6.7178022733E+02
           DelSqVen =  3.8977098905E+02
           DelSqVrep =  2.8200923828E+02
           DelSqG =  5.1567632062E+01
           DelSqK = -7.2334785939E+02
           Stress_EigVals = -1.0095857681E+00 -1.0068347407E+00 -7.8144126082E-01
           Stress_EigVec1 =  9.9991512942E-01 -5.5095908471E-03 -1.1805861375E-02
           Stress_EigVec2 =  1.0670811865E-02  8.6623443162E-01  4.9952381650E-01
           Stress_EigVec3 =  7.4744717706E-03 -4.9960739975E-01  8.6621970561E-01
           -DivStress =  9.1091647662E-02 -6.0978669191E+00  1.0561633058E+01
           ESP =   8.0774665473E+00     ESP at Nucleus =   7.9749422600E+00
           ESPe = -8.1702114980E+00     ESPe at Nucleus = -8.0756661812E+00
           ESPn =  1.6247678045E+01     ESPn at Nucleus =  1.6050608441E+01

CP# 16     Coords =  1.36945920764377E+00 -3.62333761969457E-01 -5.11511293598118E+00
           Type = (3,-3) NACP H16
           Rho =  2.0269211740E-01     Rho at Nucleus =  1.9782902874E-01
           GradRho = -1.2143064332E-15  3.8597597340E-17 -4.3715031595E-16
           HessRho_EigVals = -3.9887928111E+00 -3.9776182938E+00 -3.1089905447E+00
           HessRho_EigVec1 =  5.9536302037E-01  9.5018132793E-02  7.9781854354E-01
           HessRho_EigVec2 =  8.8973757608E-03  9.9214188514E-01 -1.2480110760E-01
           HessRho_EigVec3 =  8.0340756200E-01 -8.1400455738E-02 -5.8983917734E-01
           DelSqRho = -1.1075401650E+01
           Bond Ellipticity = NA
           V = -2.7986583825E+00
           G =  1.4903985027E-02
           K =  2.7837543974E+00
           L =  2.7688504124E+00
           Vnuc =  3.5141512808E+01
