AIMSum (Version 16.05.18, Professional)
Copyright (c) 1997-2016 by Todd A. Keith
AIMSum is a component of the AIMAll package ( http://aim.tkgristmill.com )

TP:  64-bit Linux

Licensed To:  Research Group of Fernando Cortes Guzman, UNAM, fercor@unam.mx

Much of the Quantum Theory of Atoms in Molecules (QTAIM) is described in the book:
  "Atoms in Molecules - A Quantum Theory"
  R.F.W. Bader, Oxford University Press, Oxford, 1990

For additional references see:  http://aim.tkgristmill.com/references.html

Wfx File:  /home/david/David/max_int/V24_alpha.wfx
Sum File:  /home/david/David/max_int/V24_alpha.sum

SumViz File:  /home/david/David/max_int/V24_alpha.sumviz

Wfx Title:   V[H2O]6 (2+)                                                                  
 
Total memory allocated for AIMSum =        1.433 Megabytes

Atomic units (a.u.) used throughout, except where stated otherwise

Model:  Unknown
 
Unrestricted, natural orbital wavefunction.
  Number of electrons (from MO Occs)                   =          42.0000000000
  Number of Alpha electrons (from MO Occs)             =          42.0000000000
  Number of Beta electrons (from MO Occs)              =           0.0000000000
  Number of electron pairs (N*(N-1)/2)                 =         861.0000000000
  Number of electron pairs (from Muller 2EDM)          =         861.0000000000
  Number of electron pairs (from Muller 2EDM, no SOSI) =         861.0000000000
 
Nuclear Charges and Cartesian Coordinates:
-------------------------------------------------------------------------------
Atom      Charge                X                  Y                  Z
-------------------------------------------------------------------------------
V1        23.0           0.0000000000E+00   0.0000000000E+00   0.0000000000E+00
O2         8.0          -4.0636198098E+00   1.8278378055E-02   2.8273973286E-02
O3         8.0           2.0121753445E-02   4.0546743400E+00  -2.9832919117E-01
H4         1.0          -5.1390912037E+00   1.4844546521E+00  -7.8156692312E-02
H5         1.0           4.2592685087E-02   5.2715718415E+00   1.0560905487E+00
H6         1.0           6.7987069189E-03   4.9890223568E+00  -1.8621237896E+00
O7         8.0           4.0636198098E+00  -1.8278378055E-02  -2.8273973286E-02
O8         8.0          -2.0121753445E-02  -4.0546743400E+00   2.9832919117E-01
O9         8.0          -3.8956586178E-02  -2.1513957999E-01  -4.0556338484E+00
O10        8.0           3.8956586178E-02   2.1513957999E-01   4.0556338484E+00
H11        1.0          -5.1489954877E+00  -1.4368876880E+00   1.7543556757E-01
H12        1.0           5.1390912037E+00  -1.4844546521E+00   7.8156692312E-02
H13        1.0           5.1489954877E+00   1.4368876880E+00  -1.7543556757E-01
H14        1.0          -4.2592685087E-02  -5.2715718415E+00  -1.0560905487E+00
H15        1.0          -6.7987069189E-03  -4.9890223568E+00   1.8621237896E+00
H16        1.0           1.4119588252E+00  -3.6660627601E-01  -5.1461143241E+00
H17        1.0          -1.5196905421E+00  -3.4806421001E-01  -5.1080785258E+00
H18        1.0          -1.4119588252E+00   3.6660627601E-01   5.1461143241E+00
H19        1.0           1.5196905421E+00   3.4806421001E-01   5.1080785258E+00
 
Some Atomic Properties:
----------------------
  q(A) = Net Charge of Atom A
  L(A) = Lagrangian of Atom A = -(1/4) Times Atomic Integral of the Laplacian of the Electron Density
  K(A) = Electronic Kinetic Energy of Atom A (Hamiltonian Form)
  K_Scaled(A) = K(A) * E(Mol)/K(Mol) = Approximation to Virial-Based Total Energy of Atom A.
  |Mu_Intra(A)| = Magnitude of Intraatomic Dipole Moment of Atom A
--------------------------------------------------------------------------------------------------
Atom A          q(A)              L(A)              K(A)          K_Scaled(A)      |Mu_Intra(A)|
--------------------------------------------------------------------------------------------------
V1        1.0803414089E+01 -3.2328677297E-04  4.7805014292E+02 -4.7885967242E+02  1.0893857916E-08
O2        3.3833627765E+00  1.7325358591E-04  3.7787354635E+01 -3.7851343692E+01  1.4071523181E-01
O3        3.3845237707E+00  9.3645365697E-04  3.7785955487E+01 -3.7849942175E+01  1.4163696591E-01
H4        8.2456238519E-01  1.0382934783E-05  1.6400625670E-01 -1.6428398468E-01  6.5519638868E-02
H5        8.2474444934E-01  1.0528796624E-05  1.6394694683E-01 -1.6422457438E-01  6.5442560590E-02
H6        8.2434682039E-01  1.2278661789E-05  1.6409066110E-01 -1.6436853202E-01  6.5633003280E-02
O7        3.3833627502E+00  1.7334524377E-04  3.7787354878E+01 -3.7851343937E+01  1.4071534918E-01
O8        3.3844991734E+00  8.9386492902E-04  3.7785951711E+01 -3.7849938393E+01  1.4159401376E-01
O9        3.3835073333E+00  1.8460473623E-04  3.7787309543E+01 -3.7851298524E+01  1.4094409332E-01
O10       3.3835072545E+00  1.8461411237E-04  3.7787309920E+01 -3.7851298902E+01  1.4094429784E-01
H11       8.2454854884E-01  1.1378074701E-05  1.6402604879E-01 -1.6430381029E-01  6.5530803924E-02
H12       8.2456272357E-01  1.0918484076E-05  1.6400652881E-01 -1.6428425725E-01  6.5519269358E-02
H13       8.2454795208E-01  1.0928070327E-05  1.6402615275E-01 -1.6430391443E-01  6.5530654641E-02
H14       8.2474372781E-01  1.0038841410E-05  1.6394715280E-01 -1.6422478070E-01  6.5443124661E-02
H15       8.2434439457E-01  8.9977866227E-06  1.6408962566E-01 -1.6436749482E-01  6.5634908890E-02
H16       8.2454719663E-01  1.1694454854E-05  1.6403269834E-01 -1.6431047110E-01  6.5523283501E-02
H17       8.2448050854E-01  1.2247091130E-05  1.6405465620E-01 -1.6433246615E-01  6.5550532711E-02
H18       8.2454503597E-01  9.2581149247E-06  1.6403231580E-01 -1.6431008791E-01  6.5524286664E-02
H19       8.2447797542E-01  9.2518235760E-06  1.6405424417E-01 -1.6433205341E-01  6.5552173258E-02
--------------------------------------------------------------------------------------------------
Total     4.1000628866E+01  2.3507526261E-03  7.0673969238E+02 -7.0793648447E+02
 
Molecular charge q(Mol) from the wfx file:   4.1000000000E+01
Molecular energy E(Mol) from the wfx file:  -1.4021468742E+03
Molecular virial ratio (-V(Mol)/T(Mol)) from the wfx file:   2.0016933987E+00
Full molecular virial ratio ((-V(Mol)+W(Mol))/T(Mol)) from the wfx file:   2.0016933641E+00
Note.  K_Scaled(A) = (1+V(Mol)/T(Mol))*K(A) = (E(Mol)/T(Mol))*K(A)
       Only use K_Scaled(A) data with caution.
 
Note.  Potentially significant cumulative integration error.
 
N_AIMInt(SumA)     =         41.999371
N_Analytic(Mol)    =         42.000000
 
G_AIMInt(SumA)     =        706.737342
G_Analytic(Mol)    =        706.738280
 
K_AIMInt(SumA)     =        706.739692
K_Analytic(Mol)    =        706.738280
 
L_AIMInt(SumA)     =          0.002351
L_Analytic(Mol)    =          0.000000
 
VenT_AIMInt(SumA)  =      -2314.451134
VenT_Analytic(Mol) =      -2314.467900
 
Some Information About the Atomic Calculations:
----------------------------------------------
  Time(sec) = "Elapsed User Time", in Seconds, for Atom A by AIMInt and, if used, by TWOe
  NProc = Number of Processors Used for AIMInt Job
  BIM = Basin Integration Method
  OAQ = Angular Quadrature Outside of Beta Sphere
  ORQ = Multiple of Default for Radial Quadrature Outside of Beta Sphere
  IAQ = Multiple of Default for Angular Quadrature Inside of Beta Sphere
  IRQ = Multiple of Default for Radial Quadrature Inside of Beta Sphere
  MIR = Maximum Integration Radius
------------------------------------------------------------------------------------------------------
Atom A     Time(sec)   NProc      BIM              OAQ                 ORQ      IAQ      IRQ      MIR
------------------------------------------------------------------------------------------------------
V1           1913        8    Promega(1)    4334      (Very High)      Auto     Auto     Auto    13.00
O2           1082        8    Promega(1)    4334      (Very High)      Auto     Auto     Auto    13.00
O3           1293        8     Proaim(5)    4334      (Very High)      Auto     Auto     Auto    13.00
H4            182        8     Proaim(5)    2030      (Very High)      Auto     Auto     Auto    13.00
H5            172        8     Proaim(5)    2030      (Very High)      Auto     Auto     Auto    13.00
H6            266        8     Proaim(5)    2030      (Very High)      Auto     Auto     Auto    13.00
O7            960        8    Promega(1)    4334      (Very High)      Auto     Auto     Auto    13.00
O8            917        8     Proaim(5)    4334      (Very High)      Auto     Auto     Auto    13.00
O9            546        8    Promega(1)    4334      (Very High)      Auto     Auto     Auto    13.00
O10           607        8    Promega(1)    4334      (Very High)      Auto     Auto     Auto    13.00
H11           114        8     Proaim(5)    2030      (Very High)      Auto     Auto     Auto    13.00
H12           112        8     Proaim(5)    2030      (Very High)      Auto     Auto     Auto    13.00
H13           112        8     Proaim(5)    2030      (Very High)      Auto     Auto     Auto    13.00
H14           117        8     Proaim(5)    2030      (Very High)      Auto     Auto     Auto    13.00
H15           109        8     Proaim(5)    2030      (Very High)      Auto     Auto     Auto    13.00
H16           119        8     Proaim(5)    2030      (Very High)      Auto     Auto     Auto    13.00
H17           118        8     Proaim(5)    2030      (Very High)      Auto     Auto     Auto    13.00
H18           115        8     Proaim(5)    2030      (Very High)      Auto     Auto     Auto    13.00
H19           116        8     Proaim(5)    2030      (Very High)      Auto     Auto     Auto    13.00
------------------------------------------------------------------------------------------------------
Total        8970
Note:  Total wall clock time is less than total of atomic times if more than one atom
       was calculated at a time
Note:  Total time does not include times for diatomic interaction energy calculations (2542 seconds)
 
Electron Density Critical Point Analysis of Molecular Structure:               
---------------------------------------------------------------                
  NACP = Nuclear Attractor Critical Point                                      
  NNACP = Non-Nuclear Attractor Critical Point                                 
  BCP = Bond Critical Point                                                    
  RCP = Ring Critical Point                                                    
  CCP = Cage Critical Point                                                    
  Rho = Electron Density                                                       
  GradRho = Gradient of Electron Density                                       
  HessRho_EigVals = Eigenvalues of the Hessian of Rho, Ascending Order         
  HessRho_EigVecs = Eigenvectors of the Hessian of Rho                         
  DelSqRho = Laplacian of Rho = Trace of Hessian of Rho                        
  Bond Ellipticity = (HessRho_EigVal(1) / HessRho_EigVal(2)) - 1               
  V = Virial Field = Potential Energy Density = Trace of Stress Tensor         
  G = Lagrangian Form of Kinetic Energy Density                                
  K = Hamiltonian Form of Kinetic Energy Density                               
  L = K - G = Lagrangian Density = (-1/4)DelSqRho                              
  Vnuc = Electrostatic Potential from Nuclei                                   
  Ven = Electron-nuclear attractive contribution to Virial Field V             
  Vrep = V - Ven = Repulsive contribution to Virial Field V                    
  DelSqV = Laplacian of V                                                      
  DelSqVen = Laplacian of Ven                                                  
  DelSqVrep = Laplacian of Vrep                                                
  DelSqG = Laplacian of G                                                      
  DelSqK = Laplacian of K                                                      
  Stress_EigVals = Eigenvalues of Stress Tensor, Ascending Order               
  Stress_EigVecs = Eigenvectors of Stress Tensor                               
  -DivStress = Ehrenfest Force Density = Minus Divergence of Stress Tensor     
  ESP = Total Electrostatic Potential                                          
  ESPe = Electrostatic Potential from Electrons                                
  ESPn = Electrostatic Potential from Nuclei                                   
  BP = Bond Path                                                               
  BPL = Bond Path Length                                                       
  GBL = Geometric Bond Length                                                  
  GBL_I = Distance Between Nuclear Attractors                                  
  GBL_II = Distance Between Nuclei                                             
  GBL_III = Sum of Distances Between BCP and Nuclear Attractors                
  GBL_IV = Sum of Distances Between BCP and Nuclei                             

CP# 1      Coords = -2.28266180237498E-26 -1.05586574973434E-25  2.74457154777770E-25
           Type = (3,-3) NACP V1
           Rho =  3.9875991261E+03     Rho at Nucleus =  3.9875991261E+03
           GradRho =  8.3341444242E-17  3.0000031189E-17 -3.9812273045E-17
           HessRho_EigVals = -1.6584268599E+08 -1.6584268407E+08 -1.6584268193E+08
           HessRho_EigVec1 = -1.1213914649E-01  8.2418892795E-01  5.5510127263E-01
           HessRho_EigVec2 =  9.9367459841E-01  8.9654392975E-02  6.7623090010E-02
           HessRho_EigVec3 = -5.9669344225E-03 -5.5917322975E-01  8.2902936910E-01
           DelSqRho = -4.9752805199E+08
           Bond Ellipticity = NA
           V = -1.2447229180E+08
           G =  4.5139402237E+04
           K =  1.2442715240E+08
           L =  1.2438201300E+08
           Vnuc =  2.3000000141E+09
           Ven = -9.1714780461E+12
           Vrep =  9.1713535738E+12
           DelSqV =  2.0289424995E+14
           DelSqVen =  2.7514433970E+29
           DelSqVrep = -2.7514433970E+29
           DelSqG =  5.1794945480E+12
           DelSqK = -2.0807374450E+14
           Stress_EigVals = -4.1490764158E+07 -4.1490763904E+07 -4.1490763741E+07
           Stress_EigVec1 = -8.5358121772E-03 -3.1250497172E-01  9.4987777243E-01
           Stress_EigVec2 =  9.9337408980E-01  1.0622178688E-01  4.3873109117E-02
           Stress_EigVec3 = -1.1460827903E-01  9.4395846023E-01  3.0952765262E-01
           -DivStress =  1.5021899274E-12  6.7933486113E-12 -1.7534961231E-11
           ESP =  -4.2963398256E+01     ESP at Nucleus =  -4.2963398256E+01
           ESPe = -5.7019157449E+01     ESPe at Nucleus = -5.7019157449E+01
           ESPn =  1.4055759193E+01     ESPn at Nucleus =  1.4055759193E+01

CP# 2      Coords = -4.06362702162424E+00  1.82784173943839E-02  2.82741492410091E-02
           Type = (3,-3) NACP O2
           Rho =  1.4773190320E+02     Rho at Nucleus =  1.4773189251E+02
           GradRho = -1.0752682473E-10  5.8084385825E-13 -3.1617026705E-13
           HessRho_EigVals = -4.1091527005E+05 -4.1090876217E+05 -4.1089694697E+05
           HessRho_EigVec1 =  3.3869014176E-03  9.9623023287E-01 -8.6682478125E-02
           HessRho_EigVec2 =  9.9986316082E-01 -4.7773099112E-03 -1.5837832954E-02
           HessRho_EigVec3 =  1.6192237073E-02  8.6616975386E-02  9.9611008982E-01
           DelSqRho = -1.2327209792E+06
           Bond Ellipticity = NA
           V = -3.0825015718E+05
           G =  3.4956189785E+01
           K =  3.0821520099E+05
           L =  3.0818024480E+05
           Vnuc =  1.1089588341E+06
           Ven = -1.6382859913E+08
           Vrep =  1.6352034897E+08
           DelSqV =  1.9606455583E+10
           DelSqVen =  1.3670368220E+12
           DelSqVrep = -1.3474303669E+12
           DelSqG =  8.5737865925E+08
           DelSqK = -2.0463834242E+10
           Stress_EigVals = -1.0275240805E+05 -1.0274952621E+05 -1.0274822292E+05
           Stress_EigVec1 =  1.6602052374E-02  8.6562366363E-02  9.9610809081E-01
           Stress_EigVec2 =  9.9985636865E-01 -4.8328977227E-03 -1.6244543021E-02
           Stress_EigVec3 =  3.4079224393E-03  9.9623471121E-01 -8.6630169314E-02
           -DivStress =  4.6030417854E+04 -2.5110000148E+02 -1.1230275529E+03
           ESP =  -4.0105720741E+00     ESP at Nucleus =  -4.0105656750E+00
           ESPe = -1.8742961035E+01     ESPe at Nucleus = -1.8742968849E+01
           ESPn =  1.4732388961E+01     ESPn at Nucleus =  1.4732403174E+01

CP# 3      Coords =  2.01217822904774E-02  4.05468151589100E+00 -2.98329887559606E-01
           Type = (3,-3) NACP O3
           Rho =  1.4773128437E+02     Rho at Nucleus =  1.4773127369E+02
           GradRho =  4.8231160548E-13 -1.2861573242E-10  4.2373589887E-12
           HessRho_EigVals = -4.1091352042E+05 -4.1090702150E+05 -4.1089519911E+05
           HessRho_EigVec1 =  1.2219661706E-02  9.6316482578E-02  9.9527574825E-01
           HessRho_EigVec2 =  4.4613170385E-03  9.9533490544E-01 -9.6376981990E-02
           HessRho_EigVec3 =  9.9991538468E-01 -5.6179347698E-03 -1.1732957464E-02
           DelSqRho = -1.2327157410E+06
           Bond Ellipticity = NA
           V = -3.0824883685E+05
           G =  3.4950798926E+01
           K =  3.0821388606E+05
           L =  3.0817893526E+05
           Vnuc =  1.1096424306E+06
           Ven = -1.6392890146E+08
           Vrep =  1.6362065263E+08
           DelSqV =  1.9606372275E+10
           DelSqVen =  1.3678736927E+12
           DelSqVrep = -1.3482673194E+12
           DelSqG =  8.5737493669E+08
           DelSqK = -2.0463747211E+10
           Stress_EigVals = -1.0275196833E+05 -1.0274908486E+05 -1.0274778366E+05
           Stress_EigVec1 =  9.9991544525E-01 -5.6000675480E-03 -1.1736336367E-02
           Stress_EigVec2 =  4.4585173483E-03  9.9545490058E-01 -9.5129714235E-02
           Stress_EigVec3 =  1.2215726377E-02  9.5069343906E-02  9.9539569814E-01
           -DivStress = -1.8410976216E+02 -4.5800643552E+04  4.4448453677E+03
           ESP =  -4.0119991864E+00     ESP at Nucleus =  -4.0119927974E+00
           ESPe = -1.8740828582E+01     ESPe at Nucleus = -1.8740836384E+01
           ESPn =  1.4728829396E+01     ESPn at Nucleus =  1.4728843586E+01

CP# 4      Coords = -5.10864625563680E+00  1.44175360532659E+00 -7.50313351585326E-02
           Type = (3,-3) NACP H4
           Rho =  2.0360166978E-01     Rho at Nucleus =  1.9875334238E-01
           GradRho =  1.4401592982E-15 -1.0364430668E-15  1.2175590397E-16
           HessRho_EigVals = -4.0112069580E+00 -3.9989525708E+00 -3.1318751968E+00
           HessRho_EigVec1 =  8.1308354105E-01  5.7867020411E-01 -6.3529128317E-02
           HessRho_EigVec2 =  1.7224918398E-02  8.5166905611E-02  9.9621779766E-01
           HessRho_EigVec3 = -5.8189213559E-01  8.1110257863E-01 -5.9280262149E-02
           DelSqRho = -1.1142034726E+01
           Bond Ellipticity = NA
           V = -2.8156190468E+00
           G =  1.5055182672E-02
           K =  2.8005638641E+00
           L =  2.7855086814E+00
           Vnuc =  3.5227737600E+01
           Ven = -7.1724261980E+00
           Vrep =  4.3568071512E+00
           DelSqV =  6.7662232316E+02
           DelSqVen =  3.9250867564E+02
           DelSqVrep =  2.8411364752E+02
           DelSqG =  5.1966152964E+01
           DelSqK = -7.2858847613E+02
           Stress_EigVals = -1.0155463659E+00 -1.0126941646E+00 -7.8737851627E-01
           Stress_EigVec1 =  1.7473884086E-02  8.5415996199E-02  9.9619213557E-01
           Stress_EigVec2 =  8.1524366112E-01  5.7560918139E-01 -6.3654091035E-02
           Stress_EigVec3 = -5.7885441726E-01  8.1325160799E-01 -5.9576721345E-02
           -DivStress = -7.0800744635E+00  9.9354940750E+00 -7.2744888504E-01
           ESP =   7.4829488845E+00     ESP at Nucleus =   7.3846909125E+00
           ESPe = -8.7102592374E+00     ESPe at Nucleus = -8.6113139840E+00
           ESPn =  1.6193208122E+01     ESPn at Nucleus =  1.5996004896E+01

CP# 5      Coords =  4.19399961248434E-02  5.23694656201036E+00  1.01654748059825E+00
           Type = (3,-3) NACP H5
           Rho =  2.0367649416E-01     Rho at Nucleus =  1.9882180874E-01
           GradRho = -4.2682600076E-13 -2.2694128640E-11 -2.5845654826E-11
           HessRho_EigVals = -4.0126040096E+00 -4.0003367850E+00 -3.1321949442E+00
           HessRho_EigVec1 = -3.4742926738E-03  7.5060447184E-01 -6.6074265500E-01
           HessRho_EigVec2 =  9.9991706344E-01 -5.5866197548E-03 -1.1604133985E-02
           HessRho_EigVec3 =  1.2401432830E-02  6.6072817144E-01  7.5052280973E-01
           DelSqRho = -1.1145135739E+01
           Bond Ellipticity = NA
           V = -2.8164385322E+00
           G =  1.5077298763E-02
           K =  2.8013612335E+00
           L =  2.7862839347E+00
           Vnuc =  3.5164367818E+01
           Ven = -7.1621551563E+00
           Vrep =  4.3457166241E+00
           DelSqV =  6.7674251348E+02
           DelSqVen =  3.9191165252E+02
           DelSqVrep =  2.8483086096E+02
           DelSqG =  5.1977305690E+01
           DelSqK = -7.2871981917E+02
           Stress_EigVals = -1.0159184321E+00 -1.0130610273E+00 -7.8745907281E-01
           Stress_EigVec1 =  9.9991659069E-01 -5.4936991674E-03 -1.1688923234E-02
           Stress_EigVec2 = -3.5543904346E-03  7.5303124704E-01 -6.5797515705E-01
           Stress_EigVec3 =  1.2416842012E-02  6.5796182279E-01  7.5294891047E-01
           -DivStress =  1.5188852596E-01  8.0547263904E+00  9.2037302865E+00
           ESP =   7.4577455201E+00     ESP at Nucleus =   7.3590073612E+00
           ESPe = -8.6822504558E+00     ESPe at Nucleus = -8.5828274839E+00
           ESPn =  1.6139995976E+01     ESPn at Nucleus =  1.5941834845E+01

CP# 6      Coords =  7.19005242003826E-03  4.96271359057755E+00 -1.81667579972587E+00
           Type = (3,-3) NACP H6
           Rho =  2.0358024879E-01     Rho at Nucleus =  1.9873611011E-01
           GradRho =  1.6152443966E-15 -1.0984713573E-13  1.8802765334E-13
           HessRho_EigVals = -4.0106586834E+00 -3.9984125974E+00 -3.1320212134E+00
           HessRho_EigVec1 =  1.0772250287E-02  8.6392264613E-01  5.0350930491E-01
           HessRho_EigVec2 =  9.9991442989E-01 -5.5690103023E-03 -1.1837188170E-02
           HessRho_EigVec3 =  7.4223664201E-03 -5.0359373271E-01  8.6390871095E-01
           DelSqRho = -1.1141092494E+01
           Bond Ellipticity = NA
           V = -2.8153584493E+00
           G =  1.5042662863E-02
           K =  2.8003157864E+00
           L =  2.7852731235E+00
           Vnuc =  3.5288988915E+01
           Ven = -7.1841411427E+00
           Vrep =  4.3687826935E+00
           DelSqV =  6.7661138247E+02
           DelSqVen =  3.9315788953E+02
           DelSqVrep =  2.8345349294E+02
           DelSqG =  5.1962186707E+01
           DelSqK = -7.2857356918E+02
           Stress_EigVals = -1.0153954746E+00 -1.0125454559E+00 -7.8741751875E-01
           Stress_EigVec1 =  9.9991474410E-01 -5.5446303505E-03 -1.1822081498E-02
           Stress_EigVec2 =  1.0715542722E-02  8.6581401683E-01  5.0025120231E-01
           Stress_EigVec3 =  7.4620158697E-03 -5.0033523296E-01  8.6579961480E-01
           -DivStress = -9.1070485304E-02  6.1172919529E+00 -1.0573384256E+01
           ESP =   7.5084249861E+00     ESP at Nucleus =   7.4106577669E+00
           ESPe = -8.7383816570E+00     ESPe at Nucleus = -8.6399506744E+00
           ESPn =  1.6246806643E+01     ESPn at Nucleus =  1.6050608441E+01

CP# 7      Coords =  4.06362702162424E+00 -1.82784173943839E-02 -2.82741492410091E-02
           Type = (3,-3) NACP O7
           Rho =  1.4773190320E+02     Rho at Nucleus =  1.4773189251E+02
           GradRho =  1.0752865659E-10 -5.8085101399E-13  3.1615617242E-13
           HessRho_EigVals = -4.1091527005E+05 -4.1090876217E+05 -4.1089694697E+05
           HessRho_EigVec1 =  3.3869014176E-03  9.9623023287E-01 -8.6682478124E-02
           HessRho_EigVec2 =  9.9986316082E-01 -4.7773099111E-03 -1.5837832953E-02
           HessRho_EigVec3 =  1.6192237073E-02  8.6616975386E-02  9.9611008982E-01
           DelSqRho = -1.2327209792E+06
           Bond Ellipticity = NA
           V = -3.0825015718E+05
           G =  3.4956189785E+01
           K =  3.0821520099E+05
           L =  3.0818024480E+05
           Vnuc =  1.1089588341E+06
           Ven = -1.6382859913E+08
           Vrep =  1.6352034897E+08
           DelSqV =  1.9606455583E+10
           DelSqVen =  1.3670368220E+12
           DelSqVrep = -1.3474303664E+12
           DelSqG =  8.5737865925E+08
           DelSqK = -2.0463834242E+10
           Stress_EigVals = -1.0275240805E+05 -1.0274952621E+05 -1.0274822292E+05
           Stress_EigVec1 =  1.6602052374E-02  8.6562366363E-02  9.9610809081E-01
           Stress_EigVec2 =  9.9985636865E-01 -4.8328977226E-03 -1.6244543021E-02
           Stress_EigVec3 =  3.4079224391E-03  9.9623471121E-01 -8.6630169314E-02
           -DivStress = -4.6030417854E+04  2.5110000148E+02  1.1230275529E+03
           ESP =  -4.0105720741E+00     ESP at Nucleus =  -4.0105656750E+00
           ESPe = -1.8742961035E+01     ESPe at Nucleus = -1.8742968849E+01
           ESPn =  1.4732388961E+01     ESPn at Nucleus =  1.4732403174E+01

CP# 8      Coords = -2.01217822904774E-02 -4.05468151589100E+00  2.98329887559606E-01
           Type = (3,-3) NACP O8
           Rho =  1.4773128437E+02     Rho at Nucleus =  1.4773127369E+02
           GradRho = -4.8210331669E-13  1.2861695366E-10 -4.2381084163E-12
           HessRho_EigVals = -4.1091352042E+05 -4.1090702150E+05 -4.1089519911E+05
           HessRho_EigVec1 =  1.2219661706E-02  9.6316482580E-02  9.9527574825E-01
           HessRho_EigVec2 =  4.4613170383E-03  9.9533490544E-01 -9.6376981992E-02
           HessRho_EigVec3 =  9.9991538468E-01 -5.6179347697E-03 -1.1732957464E-02
           DelSqRho = -1.2327157410E+06
           Bond Ellipticity = NA
           V = -3.0824883685E+05
           G =  3.4950798926E+01
           K =  3.0821388606E+05
           L =  3.0817893526E+05
           Vnuc =  1.1096424306E+06
           Ven = -1.6392890146E+08
           Vrep =  1.6362065263E+08
           DelSqV =  1.9606372275E+10
           DelSqVen =  1.3678736927E+12
           DelSqVrep = -1.3482673194E+12
           DelSqG =  8.5737493669E+08
           DelSqK = -2.0463747211E+10
           Stress_EigVals = -1.0275196833E+05 -1.0274908486E+05 -1.0274778366E+05
           Stress_EigVec1 =  9.9991544525E-01 -5.6000675481E-03 -1.1736336367E-02
           Stress_EigVec2 =  4.4585173485E-03  9.9545490058E-01 -9.5129714229E-02
           Stress_EigVec3 =  1.2215726377E-02  9.5069343901E-02  9.9539569814E-01
           -DivStress =  1.8410976216E+02  4.5800643552E+04 -4.4448453677E+03
           ESP =  -4.0119991864E+00     ESP at Nucleus =  -4.0119927974E+00
           ESPe = -1.8740828582E+01     ESPe at Nucleus = -1.8740836384E+01
           ESPn =  1.4728829396E+01     ESPn at Nucleus =  1.4728843586E+01

CP# 9      Coords = -3.89566871459010E-02 -2.15140793478511E-01 -4.05564097474548E+00
           Type = (3,-3) NACP O9
           Rho =  1.4773241354E+02     Rho at Nucleus =  1.4773240280E+02
           GradRho = -8.8899157133E-13  4.0251049022E-12  3.0920956117E-11
           HessRho_EigVals = -4.1091677828E+05 -4.1091026640E+05 -4.1089847545E+05
           HessRho_EigVec1 =  9.9989508644E-01 -6.3286296002E-03 -1.3029372647E-02
           HessRho_EigVec2 =  1.3653202117E-02  1.1134026383E-01  9.9368855067E-01
           HessRho_EigVec3 =  4.8379929870E-03  9.9376219192E-01 -1.1141498878E-01
           DelSqRho = -1.2327255201E+06
           Bond Ellipticity = NA
           V = -3.0825128753E+05
           G =  3.4953749796E+01
           K =  3.0821633378E+05
           L =  3.0818138003E+05
           Vnuc =  1.1065668229E+06
           Ven = -1.6347578748E+08
           Vrep =  1.6316753620E+08
           DelSqV =  1.9606527497E+10
           DelSqVen =  1.3640931635E+12
           DelSqVrep = -1.3444866360E+12
           DelSqG =  8.5738200316E+08
           DelSqK = -2.0463909500E+10
           Stress_EigVals = -1.0275278123E+05 -1.0274990523E+05 -1.0274860107E+05
           Stress_EigVec1 =  4.8054276278E-03  9.9345624596E-01 -1.1411220456E-01
           Stress_EigVec2 =  1.3470080387E-02  1.1403886146E-01  9.9338496818E-01
           Stress_EigVec3 =  9.9989772717E-01 -6.3107401396E-03 -1.2833929998E-02
           -DivStress =  6.4445003759E+02  7.7451369388E+03  4.5485281382E+04
           ESP =  -4.0081207136E+00     ESP at Nucleus =  -4.0081143406E+00
           ESPe = -1.8745573414E+01     ESPe at Nucleus = -1.8745581198E+01
           ESPn =  1.4737452700E+01     ESPn at Nucleus =  1.4737466858E+01

CP# 10     Coords =  3.89566871459010E-02  2.15140793478511E-01  4.05564097474548E+00
           Type = (3,-3) NACP O10
           Rho =  1.4773241354E+02     Rho at Nucleus =  1.4773240280E+02
           GradRho =  8.8901585746E-13 -4.0248256117E-12 -3.0918513409E-11
           HessRho_EigVals = -4.1091677828E+05 -4.1091026640E+05 -4.1089847545E+05
           HessRho_EigVec1 =  9.9989508644E-01 -6.3286296002E-03 -1.3029372647E-02
           HessRho_EigVec2 =  1.3653202117E-02  1.1134026383E-01  9.9368855067E-01
           HessRho_EigVec3 =  4.8379929871E-03  9.9376219192E-01 -1.1141498878E-01
           DelSqRho = -1.2327255201E+06
           Bond Ellipticity = NA
           V = -3.0825128753E+05
           G =  3.4953749796E+01
           K =  3.0821633378E+05
           L =  3.0818138003E+05
           Vnuc =  1.1065668229E+06
           Ven = -1.6347578748E+08
           Vrep =  1.6316753620E+08
           DelSqV =  1.9606527497E+10
           DelSqVen =  1.3640931645E+12
           DelSqVrep = -1.3444866370E+12
           DelSqG =  8.5738200316E+08
           DelSqK = -2.0463909500E+10
           Stress_EigVals = -1.0275278123E+05 -1.0274990523E+05 -1.0274860107E+05
           Stress_EigVec1 =  4.8054276278E-03  9.9345624596E-01 -1.1411220456E-01
           Stress_EigVec2 =  1.3470080386E-02  1.1403886146E-01  9.9338496818E-01
           Stress_EigVec3 =  9.9989772717E-01 -6.3107401396E-03 -1.2833929998E-02
           -DivStress = -6.4445003759E+02 -7.7451369388E+03 -4.5485281382E+04
           ESP =  -4.0081207136E+00     ESP at Nucleus =  -4.0081143406E+00
           ESPe = -1.8745573414E+01     ESPe at Nucleus = -1.8745581198E+01
           ESPn =  1.4737452700E+01     ESPn at Nucleus =  1.4737466858E+01

CP# 11     Coords = -5.11825803409950E+00 -1.39449077430575E+00  1.71176356703115E-01
           Type = (3,-3) NACP H11
           Rho =  2.0363772293E-01     Rho at Nucleus =  1.9878797341E-01
           GradRho = -1.0523943913E-15  8.1599766007E-16 -4.0440741034E-17
           HessRho_EigVals = -4.0118738673E+00 -3.9996178026E+00 -3.1322977642E+00
           HessRho_EigVec1 =  8.0910556165E-01 -5.8646975354E-01  3.7435521725E-02
           HessRho_EigVec2 =  1.7372071187E-02  8.7544091717E-02  9.9600915816E-01
           HessRho_EigVec3 =  5.8740650426E-01  8.0522621678E-01 -8.1020605806E-02
           DelSqRho = -1.1143789434E+01
           Bond Ellipticity = NA
           V = -2.8160675270E+00
           G =  1.5060084223E-02
           K =  2.8010074428E+00
           L =  2.7859473585E+00
           Vnuc =  3.5229744394E+01
           Ven = -7.1741049277E+00
           Vrep =  4.3580374007E+00
           DelSqV =  6.7671782766E+02
           DelSqVen =  3.9259285334E+02
           DelSqVrep =  2.8412497432E+02
           DelSqG =  5.1973602602E+01
           DelSqK = -7.2869143027E+02
           Stress_EigVals = -1.0157172928E+00 -1.0128644559E+00 -7.8748577831E-01
           Stress_EigVec1 =  1.7228622045E-02  8.7588651291E-02  9.9600773227E-01
           Stress_EigVec2 =  8.1129539644E-01 -5.8344698192E-01  3.7274642848E-02
           Stress_EigVec3 =  5.8438254106E-01  8.0741429728E-01 -8.1112257108E-02
           -DivStress = -7.1492262845E+00 -9.8663015626E+00  9.9099818718E-01
           ESP =   7.4845466806E+00     ESP at Nucleus =   7.3862923416E+00
           ESPe = -8.7120063897E+00     ESPe at Nucleus = -8.6130701991E+00
           ESPn =  1.6196553070E+01     ESPn at Nucleus =  1.5999362541E+01

CP# 12     Coords =  5.10864625563680E+00 -1.44175360532659E+00  7.50313351585326E-02
           Type = (3,-3) NACP H12
           Rho =  2.0360166978E-01     Rho at Nucleus =  1.9875334238E-01
           GradRho = -1.4584009998E-15  1.0243813176E-15 -7.0147880560E-17
           HessRho_EigVals = -4.0112069580E+00 -3.9989525708E+00 -3.1318751968E+00
           HessRho_EigVec1 =  8.1308354105E-01  5.7867020411E-01 -6.3529128317E-02
           HessRho_EigVec2 =  1.7224918398E-02  8.5166905611E-02  9.9621779766E-01
           HessRho_EigVec3 = -5.8189213559E-01  8.1110257863E-01 -5.9280262149E-02
           DelSqRho = -1.1142034726E+01
           Bond Ellipticity = NA
           V = -2.8156190468E+00
           G =  1.5055182672E-02
           K =  2.8005638641E+00
           L =  2.7855086814E+00
           Vnuc =  3.5227737600E+01
           Ven = -7.1724261980E+00
           Vrep =  4.3568071512E+00
           DelSqV =  6.7662232316E+02
           DelSqVen =  3.9250867564E+02
           DelSqVrep =  2.8411364752E+02
           DelSqG =  5.1966152964E+01
           DelSqK = -7.2858847613E+02
           Stress_EigVals = -1.0155463659E+00 -1.0126941646E+00 -7.8737851627E-01
           Stress_EigVec1 =  1.7473884086E-02  8.5415996199E-02  9.9619213557E-01
           Stress_EigVec2 =  8.1524366112E-01  5.7560918139E-01 -6.3654091035E-02
           Stress_EigVec3 = -5.7885441726E-01  8.1325160799E-01 -5.9576721345E-02
           -DivStress =  7.0800744635E+00 -9.9354940750E+00  7.2744888504E-01
           ESP =   7.4829488845E+00     ESP at Nucleus =   7.3846909125E+00
           ESPe = -8.7102592374E+00     ESPe at Nucleus = -8.6113139840E+00
           ESPn =  1.6193208122E+01     ESPn at Nucleus =  1.5996004896E+01

CP# 13     Coords =  5.11825803409950E+00  1.39449077430575E+00 -1.71176356703115E-01
           Type = (3,-3) NACP H13
           Rho =  2.0363772293E-01     Rho at Nucleus =  1.9878797341E-01
           GradRho =  1.0472037733E-15 -8.1076638458E-16  3.8814437775E-17
           HessRho_EigVals = -4.0118738673E+00 -3.9996178026E+00 -3.1322977642E+00
           HessRho_EigVec1 =  8.0910556165E-01 -5.8646975354E-01  3.7435521725E-02
           HessRho_EigVec2 =  1.7372071187E-02  8.7544091717E-02  9.9600915816E-01
           HessRho_EigVec3 =  5.8740650426E-01  8.0522621678E-01 -8.1020605806E-02
           DelSqRho = -1.1143789434E+01
           Bond Ellipticity = NA
           V = -2.8160675270E+00
           G =  1.5060084223E-02
           K =  2.8010074428E+00
           L =  2.7859473585E+00
           Vnuc =  3.5229744394E+01
           Ven = -7.1741049277E+00
           Vrep =  4.3580374007E+00
           DelSqV =  6.7671782766E+02
           DelSqVen =  3.9259285334E+02
           DelSqVrep =  2.8412497432E+02
           DelSqG =  5.1973602602E+01
           DelSqK = -7.2869143027E+02
           Stress_EigVals = -1.0157172928E+00 -1.0128644559E+00 -7.8748577831E-01
           Stress_EigVec1 =  1.7228622045E-02  8.7588651291E-02  9.9600773227E-01
           Stress_EigVec2 =  8.1129539644E-01 -5.8344698192E-01  3.7274642848E-02
           Stress_EigVec3 =  5.8438254106E-01  8.0741429728E-01 -8.1112257108E-02
           -DivStress =  7.1492262845E+00  9.8663015626E+00 -9.9099818718E-01
           ESP =   7.4845466806E+00     ESP at Nucleus =   7.3862923416E+00
           ESPe = -8.7120063897E+00     ESPe at Nucleus = -8.6130701991E+00
           ESPn =  1.6196553070E+01     ESPn at Nucleus =  1.5999362541E+01

CP# 14     Coords = -4.19399961248434E-02 -5.23694656201036E+00 -1.01654748059825E+00
           Type = (3,-3) NACP H14
           Rho =  2.0367649416E-01     Rho at Nucleus =  1.9882180874E-01
           GradRho =  4.2682589234E-13  2.2694121810E-11  2.5845595954E-11
           HessRho_EigVals = -4.0126040096E+00 -4.0003367850E+00 -3.1321949442E+00
           HessRho_EigVec1 = -3.4742926738E-03  7.5060447184E-01 -6.6074265500E-01
           HessRho_EigVec2 =  9.9991706344E-01 -5.5866197548E-03 -1.1604133985E-02
           HessRho_EigVec3 =  1.2401432830E-02  6.6072817144E-01  7.5052280973E-01
           DelSqRho = -1.1145135739E+01
           Bond Ellipticity = NA
           V = -2.8164385322E+00
           G =  1.5077298763E-02
           K =  2.8013612335E+00
           L =  2.7862839347E+00
           Vnuc =  3.5164367818E+01
           Ven = -7.1621551563E+00
           Vrep =  4.3457166241E+00
           DelSqV =  6.7674251348E+02
           DelSqVen =  3.9191165252E+02
           DelSqVrep =  2.8483086096E+02
           DelSqG =  5.1977305690E+01
           DelSqK = -7.2871981917E+02
           Stress_EigVals = -1.0159184321E+00 -1.0130610273E+00 -7.8745907281E-01
           Stress_EigVec1 =  9.9991659069E-01 -5.4936991674E-03 -1.1688923234E-02
           Stress_EigVec2 = -3.5543904346E-03  7.5303124704E-01 -6.5797515705E-01
           Stress_EigVec3 =  1.2416842012E-02  6.5796182279E-01  7.5294891047E-01
           -DivStress = -1.5188852596E-01 -8.0547263904E+00 -9.2037302865E+00
           ESP =   7.4577455201E+00     ESP at Nucleus =   7.3590073612E+00
           ESPe = -8.6822504558E+00     ESPe at Nucleus = -8.5828274839E+00
           ESPn =  1.6139995976E+01     ESPn at Nucleus =  1.5941834845E+01

CP# 15     Coords = -7.19005242003826E-03 -4.96271359057755E+00  1.81667579972587E+00
           Type = (3,-3) NACP H15
           Rho =  2.0358024879E-01     Rho at Nucleus =  1.9873611011E-01
           GradRho = -1.6161117583E-15  1.0987312947E-13 -1.8784962735E-13
           HessRho_EigVals = -4.0106586834E+00 -3.9984125974E+00 -3.1320212134E+00
           HessRho_EigVec1 =  1.0772250287E-02  8.6392264613E-01  5.0350930491E-01
           HessRho_EigVec2 =  9.9991442989E-01 -5.5690103023E-03 -1.1837188170E-02
           HessRho_EigVec3 =  7.4223664201E-03 -5.0359373271E-01  8.6390871095E-01
           DelSqRho = -1.1141092494E+01
           Bond Ellipticity = NA
           V = -2.8153584493E+00
           G =  1.5042662863E-02
           K =  2.8003157864E+00
           L =  2.7852731235E+00
           Vnuc =  3.5288988915E+01
           Ven = -7.1841411427E+00
           Vrep =  4.3687826935E+00
           DelSqV =  6.7661138247E+02
           DelSqVen =  3.9315788953E+02
           DelSqVrep =  2.8345349294E+02
           DelSqG =  5.1962186707E+01
           DelSqK = -7.2857356918E+02
           Stress_EigVals = -1.0153954746E+00 -1.0125454559E+00 -7.8741751875E-01
           Stress_EigVec1 =  9.9991474410E-01 -5.5446303505E-03 -1.1822081498E-02
           Stress_EigVec2 =  1.0715542722E-02  8.6581401683E-01  5.0025120231E-01
           Stress_EigVec3 =  7.4620158697E-03 -5.0033523296E-01  8.6579961480E-01
           -DivStress =  9.1070485304E-02 -6.1172919529E+00  1.0573384256E+01
           ESP =   7.5084249861E+00     ESP at Nucleus =   7.4106577669E+00
           ESPe = -8.7383816570E+00     ESPe at Nucleus = -8.6399506744E+00
           ESPn =  1.6246806643E+01     ESPn at Nucleus =  1.6050608441E+01

CP# 16     Coords =  1.36968159467660E+00 -3.62377429854949E-01 -5.11521032856664E+00
           Type = (3,-3) NACP H16
           Rho =  2.0364194494E-01     Rho at Nucleus =  1.9879230524E-01
           GradRho = -5.8056315831E-16  1.2804427657E-16 -1.1390085923E-15
           HessRho_EigVals = -4.0119471333E+00 -3.9997200925E+00 -3.1323863418E+00
           HessRho_EigVec1 =  5.9590199154E-01  8.7951319598E-02  7.9822639762E-01
           HessRho_EigVec2 =  1.2754214264E-02  9.9282263376E-01 -1.1891403583E-01
           HessRho_EigVec3 =  8.0295588079E-01 -8.1041861278E-02 -5.9050323472E-01
           DelSqRho = -1.1144053568E+01
           Bond Ellipticity = NA
           V = -2.8161294405E+00
           G =  1.5058024309E-02
           K =  2.8010714162E+00
