 AIMInt (Version 19.02.13, Professional)
 Portions Copyright (c) 1997-2019 by Todd A. Keith
 AIMInt is a component of the AIMAll package ( http://aim.tkgristmill.com )

 TP:  64-bit Linux

 Licensed To:  Research Group of Fernando Cortes Guzman, UNAM, fercor@unam.mx

 AIMInt is a heavily modified and extended version of the PROAIMV program
 developed by members of R.F.W. Bader's research group

 Much of the Quantum Theory of Atoms in Molecules (QTAIM) is described in the book:
   "Atoms in Molecules - A Quantum Theory"
   R.F.W. Bader, Oxford University Press, Oxford, 1990

 For additional references see:  http://aim.tkgristmill.com/references.html

 Current Directory:  /home/scratch/M_H2O_4_cuadrado_plano/Opt

 Inp File:  Fe2_cuadrado_plano_cc-pvtz-def2-tzv_1_atomicfiles/fe1.inp
 Wfx File:  Fe2_cuadrado_plano_cc-pvtz-def2-tzv_1.wfx
 Out File:  Fe2_cuadrado_plano_cc-pvtz-def2-tzv_1_atomicfiles/fe1.int

 Wfx Title:   Fe2_cuadrado_plano_cc-pvtz-def2-tzv_1                                         
 Job Title:   Fe2_cuadrado_plano_cc-pvtz-def2-tzv_1                                         
 
<Atom>
Fe1     
</Atom>
<Nuclei of Molecule>
    13
Fe1       26.0           6.6469427404E-04  -6.3747935490E-04  -4.4502506417E-04
O2         8.0           3.4391477590E+00  -1.5410151627E-03   1.2208174831E-04
H3         1.0           4.5323166269E+00  -4.4954133333E-03  -1.4963508524E+00
O4         8.0           1.6620549849E-03   3.4395448649E+00   2.8733829863E-04
H5         1.0          -1.4976588283E+00   4.5344011264E+00   2.0597880277E-03
O6         8.0          -3.4394542686E+00   2.9083471215E-03   1.2206285104E-04
H7         1.0          -4.5320896668E+00   2.3216630805E-03   1.4969402877E+00
O8         8.0          -2.7874962719E-03  -3.4390572194E+00   2.8737609315E-04
H9         1.0           1.4949372866E+00  -4.5362302851E+00   7.8945742940E-04
H10        1.0          -4.5329195967E+00   3.2951743954E-03  -1.4960983283E+00
H11        1.0          -1.5032196526E+00  -4.5324892311E+00  -1.9484422144E-04
H12        1.0           1.5005791801E+00   4.5349784557E+00   1.2338265295E-03
H13        1.0           4.5322282066E+00  -4.6846838368E-05   1.4966404449E+00
</Nuclei of Molecule>
<Total Number of CPs of DelSqRho>
    88
</Total Number of CPs of DelSqRho>
<Number of (3,+3) CPs of DelSqRho>
    12
</Number of (3,+3) CPs of DelSqRho>
<Number of (3,+1) CPs of DelSqRho>
    29
</Number of (3,+1) CPs of DelSqRho>
<Number of (3,-1) CPs of DelSqRho>
    35
</Number of (3,-1) CPs of DelSqRho>
<Number of (3,-3) CPs of DelSqRho>
    12
</Number of (3,-3) CPs of DelSqRho>
<Number of Degenerate CPs of DelSqRho>
     0
</Number of Degenerate CPs of DelSqRho>
<CP of DelSqRho>
CP# = 1       
Type = (3,+3)
Coords =  6.64694273682802E-04 -6.37479354450372E-04 -4.45025064294129E-04
DistFromNuc =  5.9095491470E-13
Rho =  1.1821545559E+04
DelSqRho = -7.3309633903E+09
GradDelSqRho = -3.3079105342E-03 -1.2561042095E-03 -7.1035730616E-04
HessDelSqRho_EigVals =  7.4991042150E+16  7.4991042270E+16  7.4991042461E+16
HessDelSqRho_EigVec1 =  7.5064349083E-04  9.9999943430E-01 -7.5362007030E-04
HessDelSqRho_EigVec2 =  9.9999971786E-01 -7.5062181662E-04  2.9042561640E-05
HessDelSqRho_EigVec3 = -2.8476861545E-05  7.5364165828E-04  9.9999971561E-01
</CP of DelSqRho>
<CP of DelSqRho>
CP# = 2       
Type = (3,-1)
Coords = -1.56721295901707E-01 -5.33837482006774E-04 -4.43574285385420E-04
DistFromNuc =  1.5738602431E-01
Rho =  1.0578715746E+02
DelSqRho = -6.7506084886E+03
GradDelSqRho =  7.2759576142E-11  4.9737991503E-14  3.5527136788E-15
HessDelSqRho_EigVals = -1.4889606953E+05 -1.0718732285E+05  1.3860614172E+07
HessDelSqRho_EigVec1 =  6.5763052833E-04  9.9999957007E-01 -6.5374527907E-04
HessDelSqRho_EigVec2 =  9.1600520160E-06  6.5373939648E-04  9.9999978627E-01
HessDelSqRho_EigVec3 =  9.9999978372E-01 -6.5763637611E-04 -8.7301290932E-06
</CP of DelSqRho>
<CP of DelSqRho>
CP# = 3       
Type = (3,-3)
Coords =  5.36395738160659E-04 -2.09272459236230E-01 -1.86263628457040E-01
DistFromNuc =  2.7938705170E-01
Rho =  2.4481289658E+01
DelSqRho =  2.3064886291E+03
GradDelSqRho =  2.1760371283E-14 -4.5474735089E-12  1.2732925825E-11
HessDelSqRho_EigVals = -6.8603623296E+05 -3.8391106227E+04 -3.5555999640E+04
HessDelSqRho_EigVec1 =  4.6003324032E-04  7.4900454523E-01  6.6256469842E-01
HessDelSqRho_EigVec2 =  9.9999980510E-01 -6.2424195452E-04  1.1360265074E-05
HessDelSqRho_EigVec3 = -4.2210957251E-04 -6.6256456406E-01  7.4900468642E-01
</CP of DelSqRho>
<CP of DelSqRho>
CP# = 4       
Type = (3,+1)
Coords =  7.66892000496735E-04  1.56757386916404E-01 -5.11219980439435E-04
DistFromNuc =  1.5739491337E-01
Rho =  1.0603914443E+02
DelSqRho = -7.0360280783E+03
GradDelSqRho = -3.5527136788E-14 -1.4551915228E-11  0.0000000000E+00
HessDelSqRho_EigVals = -1.0281451422E+05  1.0941089646E+05  1.3845337109E+07
HessDelSqRho_EigVec1 =  9.9999978810E-01 -6.4948863485E-04  4.4364574887E-05
HessDelSqRho_EigVec2 = -4.4092705206E-05  4.1859869450E-04  9.9999991142E-01
HessDelSqRho_EigVec3 =  6.4950714826E-04  9.9999970147E-01 -4.1856996809E-04
</CP of DelSqRho>
<CP of DelSqRho>
CP# = 5       
Type = (3,-1)
Coords =  5.91204807640371E-04 -1.18292200804317E-01  1.04146132093721E-01
DistFromNuc =  1.5742283518E-01
Rho =  1.0562424966E+02
DelSqRho = -6.7374235232E+03
GradDelSqRho =  2.8421709430E-14 -5.8207660913E-11 -5.0931703299E-11
HessDelSqRho_EigVals = -1.3259985443E+05 -1.2230566606E+05  1.3844805535E+07
HessDelSqRho_EigVec1 =  9.9999949124E-01 -9.4295646708E-04 -3.5825539519E-04
HessDelSqRho_EigVec2 =  8.9377836029E-04  6.6364122357E-01  7.4805048462E-01
HessDelSqRho_EigVec3 =  4.6762599336E-04  7.4805042424E-01 -6.6364172874E-01
</CP of DelSqRho>
<CP of DelSqRho>
CP# = 6       
Type = (3,-1)
Coords =  7.48125061755964E-04  1.17019479464021E-01 -1.05034187176561E-01
DistFromNuc =  1.5742318683E-01
Rho =  1.0562324557E+02
DelSqRho = -6.7371393417E+03
GradDelSqRho = -5.6843418861E-14  0.0000000000E+00  5.8207660913E-11
HessDelSqRho_EigVals = -1.3263560386E+05 -1.2234489274E+05  1.3844514399E+07
HessDelSqRho_EigVec1 =  9.9999985351E-01 -3.2383042118E-04  4.3372541332E-04
HessDelSqRho_EigVec2 = -1.0955076998E-04  6.6362818794E-01  7.4806257504E-01
HessDelSqRho_EigVec3 =  5.3007782885E-04  7.4806251297E-01 -6.6362805525E-01
</CP of DelSqRho>
<CP of DelSqRho>
CP# = 7       
Type = (3,-1)
Coords =  5.91987564206007E-04 -1.18407403148262E-01 -1.04906394537807E-01
DistFromNuc =  1.5742279997E-01
Rho =  1.0562448498E+02
DelSqRho = -6.7374564593E+03
GradDelSqRho = -2.8421709430E-14  0.0000000000E+00  2.1827872843E-11
HessDelSqRho_EigVals = -1.3259874552E+05 -1.2230323317E+05  1.3844814106E+07
HessDelSqRho_EigVec1 =  9.9999965908E-01 -7.9959755094E-04  2.0609369114E-04
HessDelSqRho_EigVec2 = -6.8430598435E-04 -6.6281673679E-01  7.4878134669E-01
HessDelSqRho_EigVec3 =  4.6212138317E-04  7.4878123245E-01  6.6281705800E-01
</CP of DelSqRho>
<CP of DelSqRho>
CP# = 8       
Type = (3,-3)
Coords =  2.79987499870792E-01 -8.16964954547010E-04 -4.36907029409776E-04
DistFromNuc =  2.7932286338E-01
Rho =  2.4686414287E+01
DelSqRho =  2.2971780796E+03
GradDelSqRho = -1.2278178474E-11  2.8865798640E-15  8.8817841970E-16
HessDelSqRho_EigVals = -6.8646668423E+05 -4.3345892927E+04 -3.1108992008E+04
HessDelSqRho_EigVec1 =  9.9999979343E-01 -6.4199984051E-04  3.1109681834E-05
HessDelSqRho_EigVec2 =  6.4202032641E-04  9.9999957410E-01 -6.6303208517E-04
HessDelSqRho_EigVec3 = -3.0684002091E-05  6.6305192126E-04  9.9999977971E-01
</CP of DelSqRho>
<CP of DelSqRho>
CP# = 9       
Type = (3,-3)
Coords = -2.78656707084418E-01 -4.59619786869712E-04 -4.50772632872160E-04
DistFromNuc =  2.7932145804E-01
Rho =  2.4686808499E+01
DelSqRho =  2.2971844790E+03
GradDelSqRho = -1.4097167877E-11  3.2196467714E-15  4.4408920985E-16
HessDelSqRho_EigVals = -6.8647489099E+05 -4.3347426984E+04 -3.1110674097E+04
HessDelSqRho_EigVec1 =  9.9999979706E-01 -6.3680896278E-04  1.8569256573E-05
HessDelSqRho_EigVec2 =  6.3682141176E-04  9.9999956719E-01 -6.7829144768E-04
HessDelSqRho_EigVec3 = -1.8137306463E-05  6.7830313533E-04  9.9999976979E-01
</CP of DelSqRho>
<CP of DelSqRho>
CP# = 10      
Type = (3,-1)
Coords =  7.38336553507160E-04  1.17129859330765E-01  1.04019423987237E-01
DistFromNuc =  1.5742291002E-01
Rho =  1.0562412625E+02
DelSqRho = -6.7374084464E+03
GradDelSqRho =  0.0000000000E+00 -5.8207660913E-11  2.9103830457E-11
HessDelSqRho_EigVals = -1.3258477740E+05 -1.2229689976E+05  1.3844727549E+07
HessDelSqRho_EigVec1 =  9.9999988661E-01 -4.0742620927E-04 -2.4656187601E-04
HessDelSqRho_EigVec2 = -8.5440196048E-05 -6.6283637170E-01  7.4876427336E-01
HessDelSqRho_EigVec3 =  4.6849636883E-04  7.4876416738E-01  6.6283633135E-01
</CP of DelSqRho>
<CP of DelSqRho>
CP# = 11      
Type = (3,+3)
Coords =  7.59681085935983E-02 -6.13087457404430E-04  1.37954138063872E-01
DistFromNuc =  1.5755930045E-01
Rho =  1.0640312706E+02
DelSqRho = -7.2628643443E+03
GradDelSqRho =  5.8207660913E-11 -3.5527136788E-14  5.8207660913E-11
HessDelSqRho_EigVals =  4.8857942986E+04  9.7360577510E+04  1.3772403977E+07
HessDelSqRho_EigVec1 =  8.7806270284E-01 -9.0005636142E-04 -4.7854475212E-01
HessDelSqRho_EigVec2 =  7.1652706663E-04  9.9999958306E-01 -5.6609186951E-04
HessDelSqRho_EigVec3 =  4.7854506211E-01  1.5417388951E-04  8.7806298166E-01
</CP of DelSqRho>
<CP of DelSqRho>
CP# = 12      
Type = (3,+3)
Coords = -7.46280406611924E-02 -5.20629940847922E-04  1.37959926990196E-01
DistFromNuc =  1.5755932324E-01
Rho =  1.0640303293E+02
DelSqRho = -7.2629055369E+03
GradDelSqRho = -5.8207660913E-11  0.0000000000E+00  5.8207660913E-11
HessDelSqRho_EigVals =  4.8881430034E+04  9.7387130477E+04  1.3772394815E+07
HessDelSqRho_EigVec1 =  8.7810060144E-01 -6.2484765625E-05  4.7847604940E-01
HessDelSqRho_EigVec2 =  4.0950323541E-04  9.9999972338E-01 -6.2093032523E-04
HessDelSqRho_EigVec3 = -4.7847587824E-01  7.4117678233E-04  8.7810038412E-01
</CP of DelSqRho>
<CP of DelSqRho>
CP# = 13      
Type = (3,+3)
Coords =  7.59890979404271E-02 -7.78783828567028E-04 -1.38832693738211E-01
DistFromNuc =  1.5755929866E-01
Rho =  1.0640315255E+02
DelSqRho = -7.2628984332E+03
GradDelSqRho =  5.8207660913E-11 -2.2737367544E-13  0.0000000000E+00
HessDelSqRho_EigVals =  4.8878375771E+04  9.7369082655E+04  1.3772406424E+07
HessDelSqRho_EigVec1 =  8.7798942678E-01 -5.8025947866E-04  4.7867967343E-01
HessDelSqRho_EigVec2 =  9.4018045290E-04  9.9999942682E-01 -5.1226188295E-04
HessDelSqRho_EigVec3 = -4.7867910182E-01  8.9980578914E-04  8.7798946909E-01
</CP of DelSqRho>
<CP of DelSqRho>
CP# = 14      
Type = (3,-3)
Coords =  7.95134310646098E-04  2.07995642041066E-01  1.85375855239778E-01
DistFromNuc =  2.7938717922E-01
Rho =  2.4481230488E+01
DelSqRho =  2.3064766828E+03
GradDelSqRho = -4.4408920985E-15  4.5474735089E-12 -1.8189894035E-12
HessDelSqRho_EigVals = -6.8603085726E+05 -3.8390419898E+04 -3.5555757030E+04
HessDelSqRho_EigVec1 =  4.6950275639E-04  7.4899536338E-01  6.6257507137E-01
HessDelSqRho_EigVec2 =  9.9999983238E-01 -5.7616129361E-04 -5.7292436524E-05
HessDelSqRho_EigVec3 = -3.3883834092E-04 -6.6257498721E-01  7.4899550834E-01
</CP of DelSqRho>
<CP of DelSqRho>
CP# = 15      
Type = (3,-1)
Coords =  8.45681794505910E-04  2.79826959207641E-01 -5.89901246100718E-04
DistFromNuc =  2.8046453438E-01
Rho =  2.5057619631E+01
DelSqRho =  2.0310105953E+03
GradDelSqRho = -1.8873791419E-14 -1.1368683772E-13  9.3258734069E-15
HessDelSqRho_EigVals = -6.5879184509E+05 -2.9354493234E+04  3.1569035897E+04
HessDelSqRho_EigVec1 =  6.4673533364E-04  9.9999965554E-01 -5.2023406011E-04
HessDelSqRho_EigVec2 =  9.9999979049E-01 -6.4672099193E-04  2.7735569866E-05
HessDelSqRho_EigVec3 = -2.7399114025E-05  5.2025188869E-04  9.9999986429E-01
</CP of DelSqRho>
<CP of DelSqRho>
CP# = 16      
Type = (3,-1)
Coords =  4.86367229692865E-04 -2.81101898295070E-01 -2.98626555227131E-04
DistFromNuc =  2.8046451384E-01
Rho =  2.5057657369E+01
DelSqRho =  2.0310279868E+03
GradDelSqRho = -1.4543921623E-14  2.2737367544E-13 -4.9071857688E-14
HessDelSqRho_EigVals = -6.5879914718E+05 -2.9354684011E+04  3.1568536325E+04
HessDelSqRho_EigVec1 =  6.3495209348E-04  9.9999966281E-01 -5.2078757197E-04
HessDelSqRho_EigVec2 =  9.9999979811E-01 -6.3493899370E-04  2.5318752537E-05
HessDelSqRho_EigVec3 = -2.4988075663E-05  5.2080354302E-04  9.9999986407E-01
</CP of DelSqRho>
<CP of DelSqRho>
CP# = 17      
Type = (3,-1)
Coords =  6.65232402305463E-04 -4.83266227304760E-04  2.81872230801064E-01
DistFromNuc =  2.8231729798E-01
Rho =  2.5255879776E+01
DelSqRho =  1.8727924535E+03
GradDelSqRho =  1.7763568394E-15  4.0856207306E-14  0.0000000000E+00
HessDelSqRho_EigVals = -6.2717777899E+05 -8.9637876124E+03  3.8855814480E+04
HessDelSqRho_EigVec1 =  4.8229527058E-06  5.4703270150E-04  9.9999985037E-01
HessDelSqRho_EigVec2 =  9.9999979283E-01 -6.4367534623E-04 -4.4708409121E-06
HessDelSqRho_EigVec3 =  6.4367280422E-04  9.9999964322E-01 -5.4703569259E-04
</CP of DelSqRho>
<CP of DelSqRho>
CP# = 18      
Type = (3,-1)
Coords =  6.76743352507504E-04 -7.91196052863433E-04 -2.82762472656014E-01
DistFromNuc =  2.8231748970E-01
Rho =  2.5255822087E+01
DelSqRho =  1.8727850288E+03
GradDelSqRho =  4.8849813084E-15  1.5987211555E-14  0.0000000000E+00
HessDelSqRho_EigVals = -6.2717400657E+05 -8.9639722311E+03  3.8856324914E+04
HessDelSqRho_EigVec1 = -4.5496428459E-05  5.4133199543E-04  9.9999985244E-01
HessDelSqRho_EigVec2 =  9.9999978999E-01 -6.4646757414E-04  4.5846379251E-05
HessDelSqRho_EigVec3 =  6.4649229686E-04  9.9999964452E-01 -5.4130246978E-04
</CP of DelSqRho>
<CP of DelSqRho>
CP# = 19      
Type = (3,-3)
Coords =  5.27468284984446E-04 -2.09072594796154E-01  1.85597681322132E-01
DistFromNuc =  2.7938701613E-01
Rho =  2.4481075549E+01
DelSqRho =  2.3065219097E+03
GradDelSqRho =  1.6431300764E-14  6.3664629124E-12  5.4569682106E-12
HessDelSqRho_EigVals = -6.8603850096E+05 -3.8395717103E+04 -3.5557557550E+04
HessDelSqRho_EigVec1 =  4.9001297428E-04  7.4829052949E-01 -6.6337096964E-01
HessDelSqRho_EigVec2 =  9.9999978364E-01 -6.5781162794E-04 -3.3485684824E-06
HessDelSqRho_EigVec3 =  4.3887883955E-04  6.6337082447E-01  7.4829068992E-01
</CP of DelSqRho>
<CP of DelSqRho>
CP# = 20      
Type = (3,-3)
Coords =  8.05221186769036E-04  2.07796561655990E-01 -1.86487640699821E-01
DistFromNuc =  2.7938615576E-01
Rho =  2.4481319803E+01
DelSqRho =  2.3065164370E+03
GradDelSqRho =  4.4408920985E-15 -7.2759576142E-12 -6.3664629124E-12
HessDelSqRho_EigVals = -6.8604000830E+05 -3.8396598668E+04 -3.5558519916E+04
HessDelSqRho_EigVec1 =  5.0726424376E-04  7.4828914477E-01 -6.6337251865E-01
HessDelSqRho_EigVec2 =  9.9999981829E-01 -5.9565502862E-04  9.2771343272E-05
HessDelSqRho_EigVec3 =  3.2572138747E-04  6.6337244517E-01  7.4828931096E-01
</CP of DelSqRho>
<CP of DelSqRho>
CP# = 21      
Type = (3,+1)
Coords =  1.35872808552589E-01 -5.91989271195503E-04  2.47491122519619E-01
DistFromNuc =  2.8240674481E-01
Rho =  2.5389449895E+01
DelSqRho =  1.8318656736E+03
GradDelSqRho = -6.3664629124E-12 -1.2434497876E-14  0.0000000000E+00
HessDelSqRho_EigVals = -6.2420531444E+05  1.3802051672E+04  2.7204530824E+04
HessDelSqRho_EigVec1 =  4.8045503822E-01  1.5937689527E-04  8.7701934462E-01
HessDelSqRho_EigVec2 =  8.7701904600E-01 -9.3231656466E-04 -4.8045470520E-01
HessDelSqRho_EigVec3 =  7.4108628329E-04  9.9999955269E-01 -5.8771276335E-04
</CP of DelSqRho>
<CP of DelSqRho>
CP# = 22      
Type = (3,+1)
Coords = -1.34557558614303E-01 -4.17637969394847E-04  2.47483878366902E-01
DistFromNuc =  2.8240723639E-01
Rho =  2.5389295040E+01
DelSqRho =  1.8318522891E+03
GradDelSqRho =  1.8189894035E-12 -8.8817841970E-15  3.6379788071E-12
HessDelSqRho_EigVals = -6.2419817868E+05  1.3803570662E+04  2.7204423391E+04
HessDelSqRho_EigVec1 = -4.8050559002E-01  7.8012192556E-04  8.7699131659E-01
HessDelSqRho_EigVec2 =  8.7699148437E-01 -2.1183403037E-04  4.8050587039E-01
HessDelSqRho_EigVec3 =  5.6062977005E-04  9.9999967327E-01 -5.8237284973E-04
</CP of DelSqRho>
<CP of DelSqRho>
CP# = 23      
Type = (3,+1)
Coords =  1.35886034734401E-01 -8.56770696080454E-04 -2.48374322646970E-01
DistFromNuc =  2.8240714510E-01
Rho =  2.5389336904E+01
DelSqRho =  1.8318549730E+03
GradDelSqRho =  6.8212102633E-12 -1.7763568394E-15  1.8189894035E-12
HessDelSqRho_EigVals = -6.2419979381E+05  1.3802478112E+04  2.7205073988E+04
HessDelSqRho_EigVec1 = -4.8049943892E-01  7.7351707338E-04  8.7699469261E-01
HessDelSqRho_EigVec2 =  8.7699486312E-01 -1.9997428144E-04  4.8049970872E-01
HessDelSqRho_EigVec3 =  5.4705111193E-04  9.9999968084E-01 -5.8228296985E-04
</CP of DelSqRho>
<CP of DelSqRho>
CP# = 24      
Type = (3,+1)
Coords = -1.34546323385887E-01 -6.81202308068324E-04 -2.48380565389529E-01
DistFromNuc =  2.8240760146E-01
Rho =  2.5389178989E+01
DelSqRho =  1.8318453659E+03
GradDelSqRho = -5.9117155615E-12 -1.7763568394E-15 -3.6379788071E-12
HessDelSqRho_EigVals = -6.2419322681E+05  1.3803576417E+04  2.7204478449E+04
HessDelSqRho_EigVec1 =  4.8046355709E-01  1.5131012159E-04  8.7701467913E-01
HessDelSqRho_EigVec2 =  8.7701434477E-01 -9.7298920331E-04 -4.8046320605E-01
HessDelSqRho_EigVec3 =  7.8062686781E-04  9.9999951520E-01 -6.0018700077E-04
</CP of DelSqRho>
<CP of DelSqRho>
CP# = 25      
Type = (3,+1)
Coords =  1.80470289146401E-01  2.16498925100188E-01 -5.59489161219502E-04
DistFromNuc =  2.8191893017E-01
Rho =  2.5559825939E+01
DelSqRho =  1.7972363237E+03
GradDelSqRho =  7.6738615462E-13  3.9790393203E-12 -6.6613381478E-16
HessDelSqRho_EigVals = -6.2896835367E+05  2.3343125460E+04  3.4287989417E+04
HessDelSqRho_EigVec1 =  6.3697308580E-01  7.7088593243E-01 -4.0883538526E-04
HessDelSqRho_EigVec2 = -1.5783843536E-04  6.6076458879E-04  9.9999976924E-01
HessDelSqRho_EigVec3 =  7.7088602468E-01 -6.3697287428E-01  5.4256468853E-04
</CP of DelSqRho>
<CP of DelSqRho>
CP# = 26      
Type = (3,+1)
Coords = -1.78862304319150E-01  2.16729306480377E-01 -5.70200155399698E-04
DistFromNuc =  2.8191892181E-01
Rho =  2.5559817276E+01
DelSqRho =  1.7972278414E+03
GradDelSqRho = -3.0979663279E-12  1.1937117961E-12 -1.9428902931E-15
HessDelSqRho_EigVals = -6.2896472504E+05  2.3342525159E+04  3.4288629105E+04
HessDelSqRho_EigVec1 = -6.3598775689E-01  7.7169901839E-01 -4.4508534293E-04
HessDelSqRho_EigVec2 =  1.2755697293E-04  6.8188490122E-04  9.9999975938E-01
HessDelSqRho_EigVec3 =  7.7169913620E-01  6.3598754709E-01 -5.3210603958E-04
</CP of DelSqRho>
<CP of DelSqRho>
CP# = 27      
Type = (3,+1)
Coords =  1.80193051544158E-01 -2.18003249588165E-01 -3.20936466887062E-04
DistFromNuc =  2.8191900349E-01
Rho =  2.5559836957E+01
DelSqRho =  1.7972491798E+03
GradDelSqRho = -5.1727511163E-12 -4.3200998334E-12  3.0531133177E-15
HessDelSqRho_EigVals = -6.2897295102E+05  2.3342114736E+04  3.4287980590E+04
HessDelSqRho_EigVec1 = -6.3598859763E-01  7.7169832755E-01 -4.4153203172E-04
HessDelSqRho_EigVec2 =  8.6750014029E-05  6.4365042743E-04  9.9999978909E-01
HessDelSqRho_EigVec3 =  7.7169844898E-01  6.3598842519E-01 -4.7629917344E-04
</CP of DelSqRho>
<CP of DelSqRho>
CP# = 28      
Type = (3,+1)
Coords = -1.79141106376968E-01 -2.17773589789297E-01 -3.29935667043231E-04
DistFromNuc =  2.8191883521E-01
Rho =  2.5559853867E+01
DelSqRho =  1.7972429177E+03
GradDelSqRho =  3.4106051316E-13 -5.4569682106E-12  1.6320278462E-14
HessDelSqRho_EigVals = -6.2897134090E+05  2.3342405565E+04  3.4288554661E+04
HessDelSqRho_EigVec1 =  6.3697782712E-01  7.7088201519E-01 -4.0793763145E-04
HessDelSqRho_EigVec2 = -1.4109436570E-04  6.4576876229E-04  9.9999978154E-01
HessDelSqRho_EigVec3 =  7.7088211021E-01 -6.3697763041E-01  5.2010749199E-04
</CP of DelSqRho>
<CP of DelSqRho>
CP# = 29      
Type = (3,-1)
Coords =  1.97678569257364E-01  1.25392072549052E-01  1.56066987198926E-01
DistFromNuc =  2.8141415187E-01
Rho =  2.5265399790E+01
DelSqRho =  1.9409766232E+03
GradDelSqRho =  1.8189894035E-12 -4.5474735089E-13  9.0949470177E-13
HessDelSqRho_EigVals = -6.4199512607E+05 -1.8459922051E+04  3.5671882434E+04
HessDelSqRho_EigVec1 =  7.0076123576E-01  4.4930541704E-01  5.5412844421E-01
HessDelSqRho_EigVec2 =  1.0821643003E-01  7.0080985360E-01 -7.0509201766E-01
HessDelSqRho_EigVec3 = -7.0514033691E-01  5.5406695562E-01  4.4247815082E-01
</CP of DelSqRho>
<CP of DelSqRho>
CP# = 30      
Type = (3,-1)
Coords = -1.96194536948275E-01  1.25647034883787E-01  1.56055803416714E-01
DistFromNuc =  2.8141400955E-01
Rho =  2.5265436350E+01
DelSqRho =  1.9409658755E+03
GradDelSqRho =  0.0000000000E+00  7.7307049651E-12  4.5474735089E-12
HessDelSqRho_EigVals = -6.4199236996E+05 -1.8460024509E+04  3.5672948035E+04
HessDelSqRho_EigVec1 =  7.0021418468E-01 -4.5021138249E-01 -5.5408465658E-01
HessDelSqRho_EigVec2 = -1.0727568884E-01  7.0094151351E-01 -7.0510490086E-01
HessDelSqRho_EigVec3 =  7.0582719001E-01  5.5316426648E-01  4.4251245421E-01
</CP of DelSqRho>
<CP of DelSqRho>
CP# = 31      
Type = (3,-1)
Coords =  1.97519634474867E-01 -1.26749664798175E-01  1.56200340448454E-01
DistFromNuc =  2.8141414558E-01
Rho =  2.5265470504E+01
DelSqRho =  1.9409584140E+03
GradDelSqRho =  1.8189894035E-12  0.0000000000E+00 -5.4569682106E-12
HessDelSqRho_EigVals = -6.4199573424E+05 -1.8457018201E+04  3.5675937042E+04
HessDelSqRho_EigVec1 =  7.0019448160E-01 -4.4960248949E-01  5.5460372284E-01
HessDelSqRho_EigVec2 = -1.0732129037E-01  7.0169948331E-01  7.0434364890E-01
HessDelSqRho_EigVec3 = -7.0583980376E-01 -5.5269832329E-01  4.4307418663E-01
</CP of DelSqRho>
<CP of DelSqRho>
CP# = 32      
Type = (3,-1)
Coords = -1.96359090719748E-01 -1.26499313666611E-01  1.56189572520109E-01
DistFromNuc =  2.8141423267E-01
Rho =  2.5265399015E+01
DelSqRho =  1.9409519229E+03
GradDelSqRho =  9.0949470177E-13 -3.1832314562E-12 -4.5474735089E-12
HessDelSqRho_EigVals = -6.4199168717E+05 -1.8457496124E+04  3.5676653844E+04
HessDelSqRho_EigVec1 =  7.0080092603E-01  4.4871010199E-01 -5.5456046239E-01
HessDelSqRho_EigVec2 =  1.0817623250E-01  7.0155860264E-01  7.0435319960E-01
HessDelSqRho_EigVec3 =  7.0510705910E-01 -5.5360163605E-01  4.4311315007E-01
</CP of DelSqRho>
<CP of DelSqRho>
CP# = 33      
Type = (3,-1)
Coords =  1.97689483334216E-01  1.25222091018209E-01 -1.57079961884008E-01
DistFromNuc =  2.8141411193E-01
Rho =  2.5265449007E+01
DelSqRho =  1.9409512626E+03
GradDelSqRho =  8.1854523160E-12  4.0927261580E-12  9.0949470177E-13
HessDelSqRho_EigVals = -6.4199211839E+05 -1.8457573458E+04  3.5676232679E+04
HessDelSqRho_EigVec1 =  7.0079704356E-01  4.4870831569E-01 -5.5456681398E-01
HessDelSqRho_EigVec2 =  1.0818044345E-01  7.0156143685E-01  7.0434972988E-01
HessDelSqRho_EigVec3 =  7.0511027179E-01 -5.5359949219E-01  4.4311071625E-01
</CP of DelSqRho>
<CP of DelSqRho>
CP# = 34      
Type = (3,-1)
Coords = -1.96189602540186E-01  1.25475953720214E-01 -1.57090544619423E-01
DistFromNuc =  2.8141434038E-01
Rho =  2.5265378304E+01
DelSqRho =  1.9409351406E+03
GradDelSqRho = -2.2737367544E-12  5.0022208598E-12 -5.4569682106E-12
HessDelSqRho_EigVals = -6.4198581827E+05 -1.8456874432E+04  3.5677343958E+04
HessDelSqRho_EigVec1 =  7.0019376621E-01 -4.4960867560E-01  5.5459961105E-01
HessDelSqRho_EigVec2 = -1.0731481831E-01  7.0169740619E-01  7.0434670434E-01
HessDelSqRho_EigVec3 = -7.0584149745E-01 -5.5269592813E-01  4.4307447625E-01
</CP of DelSqRho>
<CP of DelSqRho>
CP# = 35      
Type = (3,-1)
Coords =  1.97526373707693E-01 -1.26923420439208E-01 -1.56942637622963E-01
DistFromNuc =  2.8141457404E-01
Rho =  2.5265299969E+01
DelSqRho =  1.9409741903E+03
GradDelSqRho = -4.5474735089E-12  4.5474735089E-12 -1.8189894035E-12
HessDelSqRho_EigVals = -6.4199311258E+05 -1.8459659016E+04  3.5672516545E+04
HessDelSqRho_EigVec1 =  7.0021668980E-01 -4.5021914528E-01 -5.5407518312E-01
HessDelSqRho_EigVec2 = -1.0726744450E-01  7.0093559753E-01 -7.0511203611E-01
HessDelSqRho_EigVec3 =  7.0582595778E-01  5.5316544481E-01  4.4251294668E-01
</CP of DelSqRho>
<CP of DelSqRho>
CP# = 36      
Type = (3,-1)
Coords = -1.96350062158899E-01 -1.26671808392910E-01 -1.56952335311981E-01
DistFromNuc =  2.8141429336E-01
Rho =  2.5265344066E+01
DelSqRho =  1.9409707953E+03
GradDelSqRho = -7.7307049651E-12 -4.0927261580E-12  9.0949470177E-13
HessDelSqRho_EigVals = -6.4199234893E+05 -1.8460251866E+04  3.5673016157E+04
HessDelSqRho_EigVec1 =  7.0076743167E-01  4.4932390420E-01  5.5410561794E-01
HessDelSqRho_EigVec2 =  1.0819357833E-01  7.0079809001E-01 -7.0510721642E-01
HessDelSqRho_EigVec3 = -7.0513768608E-01  5.5406684268E-01  4.4248251663E-01
</CP of DelSqRho>
<CP of DelSqRho>
CP# = 37      
Type = (3,-1)
Coords =  6.94309270218074E-01 -1.08128546417431E-03 -4.35822743779002E-04
DistFromNuc =  6.9364471798E-01
Rho =  2.1171001132E+00
DelSqRho =  1.1669583244E+01
GradDelSqRho =  8.5265128291E-14  1.3877787808E-17  5.8980598183E-17
HessDelSqRho_EigVals = -8.1088812675E+02 -5.5434735097E+02  1.3132647129E+03
HessDelSqRho_EigVec1 =  6.4059273326E-04  9.9999955471E-01 -6.9298538875E-04
HessDelSqRho_EigVec2 = -1.8205002965E-05  6.9299719281E-04  9.9999975971E-01
HessDelSqRho_EigVec3 =  9.9999979465E-01 -6.4057996353E-04  1.8648923825E-05
</CP of DelSqRho>
<CP of DelSqRho>
CP# = 38      
Type = (3,-1)
Coords = -6.92946550439858E-01 -1.92270766245707E-04 -4.70519032237155E-04
DistFromNuc =  6.9361138807E-01
Rho =  2.1175156002E+00
DelSqRho =  1.1663969355E+01
GradDelSqRho = -1.9895196601E-13  8.0491169285E-16 -1.2836953722E-16
HessDelSqRho_EigVals = -8.1108563209E+02 -5.5444401130E+02  1.3143551631E+03
HessDelSqRho_EigVec1 =  6.3918748746E-04  9.9999956624E-01 -6.7746156075E-04
HessDelSqRho_EigVec2 = -3.1407864742E-05  6.7748177432E-04  9.9999977002E-01
HessDelSqRho_EigVec3 =  9.9999979523E-01 -6.3916606283E-04  3.1840888992E-05
</CP of DelSqRho>
<CP of DelSqRho>
CP# = 39      
Type = (3,-1)
Coords =  9.98355943050109E-04  5.13848959925602E-01 -4.82954658227370E-01
DistFromNuc =  7.0534527264E-01
Rho =  1.9287485853E+00
DelSqRho =  1.3312801155E+01
GradDelSqRho = -1.0061396161E-16 -2.1316282073E-14  1.9539925233E-13
HessDelSqRho_EigVals = -6.4588378863E+02 -6.0951044434E+02  9.7257241591E+02
HessDelSqRho_EigVec1 =  9.9999975626E-01 -6.9707145524E-04 -3.9528407561E-05
HessDelSqRho_EigVec2 =  4.9839467876E-04  6.7304323852E-01  7.3960296828E-01
HessDelSqRho_EigVec3 =  4.8895178996E-04  7.3960280771E-01 -6.7304342189E-01
</CP of DelSqRho>
<CP of DelSqRho>
CP# = 40      
Type = (3,+1)
Coords =  2.64660803320418E-04 -6.15464558051422E-01 -1.30701927832348E-04
DistFromNuc =  6.1482728918E-01
Rho =  3.3435450889E+00
DelSqRho = -3.3385572970E+01
GradDelSqRho = -9.0205620751E-16 -1.0516032489E-12  7.4246164772E-16
HessDelSqRho_EigVals = -1.1079028733E+03  1.2827866716E+03  6.1877614537E+03
HessDelSqRho_EigVec1 =  9.9999978735E-01 -6.5136939787E-04  3.1985290895E-05
HessDelSqRho_EigVec2 = -3.1652531280E-05  5.1086550553E-04  9.9999986901E-01
HessDelSqRho_EigVec3 =  6.5138565273E-04  9.9999965737E-01 -5.1084477941E-04
</CP of DelSqRho>
<CP of DelSqRho>
CP# = 41      
Type = (3,+1)
Coords =  6.18653357542868E-04 -3.08541658490991E-04  6.02922974480639E-01
DistFromNuc =  6.0336809096E-01
Rho =  3.7791408069E+00
DelSqRho = -4.8492734301E+01
GradDelSqRho = -1.0338951917E-14 -7.4940054162E-16 -3.9790393203E-13
HessDelSqRho_EigVals = -4.4893028593E+02  1.5913911836E+03  7.1676406803E+03
HessDelSqRho_EigVec1 =  9.9999978588E-01 -6.4999059139E-04  7.5839984875E-05
HessDelSqRho_EigVec2 =  6.5003210825E-04  9.9999963820E-01 -5.4869266071E-04
HessDelSqRho_EigVec3 = -7.5483312369E-05  5.4874184164E-04  9.9999984659E-01
</CP of DelSqRho>
<CP of DelSqRho>
CP# = 42      
Type = (3,+1)
Coords =  6.44973091034828E-04 -9.58260305617663E-04 -6.03814968431701E-01
DistFromNuc =  6.0337002896E-01
Rho =  3.7790879483E+00
DelSqRho = -4.8490909957E+01
GradDelSqRho = -4.1425196606E-15  1.3877787808E-16  6.8212102633E-13
HessDelSqRho_EigVals = -4.4887860397E+02  1.5912825040E+03  7.1673879471E+03
HessDelSqRho_EigVec1 =  9.9999979656E-01 -6.3708360294E-04 -3.1543965010E-05
HessDelSqRho_EigVec2 =  6.3706670620E-04  9.9999965513E-01 -5.3280018952E-04
HessDelSqRho_EigVec3 =  3.1883392396E-05  5.3277998552E-04  9.9999985756E-01
</CP of DelSqRho>
<CP of DelSqRho>
CP# = 43      
Type = (3,-1)
Coords =  9.79160768814782E-04  5.14367418441156E-01  4.81514506162639E-01
DistFromNuc =  7.0534752667E-01
Rho =  1.9287427250E+00
DelSqRho =  1.3312144260E+01
GradDelSqRho = -2.7755575616E-17 -1.4210854715E-14 -4.9737991503E-14
HessDelSqRho_EigVals = -6.4578609434E+02 -6.0949048554E+02  9.7251125697E+02
HessDelSqRho_EigVec1 =  9.9999979399E-01 -6.4142082275E-04  2.4347946222E-05
HessDelSqRho_EigVec2 = -4.4922665097E-04 -6.7225975207E-01  7.4031521931E-01
HessDelSqRho_EigVec3 =  4.5848545277E-04  7.4031507773E-01  6.7225990173E-01
</CP of DelSqRho>
<CP of DelSqRho>
CP# = 44      
Type = (3,-1)
Coords =  3.13097831468938E-04 -5.15143736880531E-01  4.82077403363374E-01
DistFromNuc =  7.0536848993E-01
Rho =  1.9284904219E+00
DelSqRho =  1.3316287133E+01
GradDelSqRho = -3.3306690739E-16  2.8421709430E-14  1.1013412404E-13
HessDelSqRho_EigVals = -6.4578662580E+02 -6.0942635038E+02  9.7192454904E+02
HessDelSqRho_EigVec1 =  9.9999984900E-01 -5.2549983807E-04  1.6075663336E-04
HessDelSqRho_EigVec2 =  2.3477985986E-04  6.7303105573E-01  7.3961418517E-01
HessDelSqRho_EigVec3 =  4.9686134121E-04  7.3961403575E-01 -6.7303107748E-01
</CP of DelSqRho>
<CP of DelSqRho>
CP# = 45      
Type = (3,-1)
Coords =  3.43329570975660E-04 -5.15629974587580E-01 -4.82406482542939E-01
DistFromNuc =  7.0533979040E-01
Rho =  1.9287827410E+00
DelSqRho =  1.3311701043E+01
GradDelSqRho =  6.9388939039E-17 -2.8421709430E-14 -3.8369307731E-13
HessDelSqRho_EigVals = -6.4582548402E+02 -6.0952811970E+02  9.7271128302E+02
HessDelSqRho_EigVec1 =  9.9999985809E-01 -5.2182430862E-04 -1.0731374246E-04
HessDelSqRho_EigVec2 = -2.7135399465E-04 -6.7225730062E-01  7.4031753196E-01
HessDelSqRho_EigVec3 =  4.5845813110E-04  7.4031739778E-01  6.7225734682E-01
</CP of DelSqRho>
<CP of DelSqRho>
CP# = 46      
Type = (3,+3)
Coords =  3.66271784913054E-01  4.52452595497099E-01 -6.94651082066842E-04
DistFromNuc =  5.8220204652E-01
Rho =  4.3745152800E+00
DelSqRho = -7.8595931761E+01
GradDelSqRho = -1.3358203432E-12 -1.1937117961E-12  4.5796699766E-16
HessDelSqRho_EigVals =  1.3520354362E+03  1.7788479993E+03  1.0044109782E+04
HessDelSqRho_EigVec1 = -1.9297150155E-04  7.0577226814E-04  9.9999973232E-01
HessDelSqRho_EigVec2 =  7.7631229279E-01 -6.3034821361E-01  5.9468859644E-04
HessDelSqRho_EigVec3 =  6.3034846460E-01  7.7631219975E-01 -4.2626044638E-04
</CP of DelSqRho>
<CP of DelSqRho>
CP# = 47      
Type = (3,+3)
Coords = -3.64373640516645E-01  4.52911982663252E-01 -7.08071246130419E-04
DistFromNuc =  5.8220285945E-01
Rho =  4.3745323558E+00
DelSqRho = -7.8594107232E+01
GradDelSqRho =  1.7763568394E-14 -3.8369307731E-13  1.5265566589E-16
HessDelSqRho_EigVals =  1.3519870077E+03  1.7787548533E+03  1.0043875474E+04
HessDelSqRho_EigVec1 =  1.1083546593E-04  6.6723178689E-04  9.9999977126E-01
HessDelSqRho_EigVec2 =  7.7710364328E-01  6.2937244260E-01 -5.0606805963E-04
HessDelSqRho_EigVec3 = -6.2937263630E-01  7.7710352161E-01 -4.4875146458E-04
</CP of DelSqRho>
<CP of DelSqRho>
CP# = 48      
Type = (3,+3)
Coords =  3.65690662673257E-01 -4.54195619532773E-01 -1.82736305793099E-04
DistFromNuc =  5.8220186613E-01
Rho =  4.3744945684E+00
DelSqRho = -7.8596723306E+01
GradDelSqRho = -1.5205614545E-12  1.6200374375E-12 -3.8857805862E-16
HessDelSqRho_EigVals =  1.3520782557E+03  1.7788522455E+03  1.0044253269E+04
HessDelSqRho_EigVec1 =  2.4755755089E-04  7.7897705088E-04  9.9999966595E-01
HessDelSqRho_EigVec2 =  7.7712082900E-01  6.2935105557E-01 -6.8263238644E-04
HessDelSqRho_EigVec3 = -6.2935137709E-01  7.7712073840E-01 -4.4955868558E-04
</CP of DelSqRho>
<CP of DelSqRho>
CP# = 49      
Type = (3,+3)
Coords = -3.64952590676679E-01 -4.53718473395778E-01 -2.08987020204622E-04
DistFromNuc =  5.8220137575E-01
Rho =  4.3745447976E+00
DelSqRho = -7.8596772560E+01
GradDelSqRho =  5.2935433814E-13  5.5422333389E-13  8.3266726847E-17
HessDelSqRho_EigVals =  1.3521002104E+03  1.7788048395E+03  1.0044249729E+04
HessDelSqRho_EigVec1 = -2.4772240252E-04  7.2068767840E-04  9.9999970962E-01
HessDelSqRho_EigVec2 =  7.7629890666E-01 -6.3036464798E-01  6.4660285269E-04
HessDelSqRho_EigVec3 =  6.3036493094E-01  7.7629884142E-01 -4.0331361172E-04
</CP of DelSqRho>
<CP of DelSqRho>
CP# = 50      
Type = (3,+1)
Coords =  1.04922697449644E-03  6.14191995840231E-01 -7.74918228612499E-04
DistFromNuc =  6.1482968395E-01
Rho =  3.3435507178E+00
DelSqRho = -3.3384453089E+01
GradDelSqRho =  9.8532293435E-16 -8.5265128291E-14 -4.1633363423E-17
HessDelSqRho_EigVals = -1.1078690858E+03  1.2827014120E+03  6.1874503652E+03
HessDelSqRho_EigVec1 =  9.9999980426E-01 -6.2534129973E-04  2.0929670537E-05
HessDelSqRho_EigVec2 = -2.0592342459E-05  5.3943192108E-04  9.9999985429E-01
HessDelSqRho_EigVec3 =  6.2535249875E-04  9.9999965898E-01 -5.3941893825E-04
</CP of DelSqRho>
<CP of DelSqRho>
CP# = 51      
Type = (3,+1)
Coords =  4.24591381749449E-01  2.54121108786644E-01  3.51497140621669E-01
DistFromNuc =  6.0702476273E-01
Rho =  3.6565027879E+00
DelSqRho = -4.2435917930E+01
GradDelSqRho =  5.6843418861E-14  9.9475983006E-14  2.4513724384E-13
HessDelSqRho_EigVals = -7.5695638683E+02  1.4276776673E+03  6.8538536313E+03
HessDelSqRho_EigVec1 =  1.2374478527E-01  7.2440548580E-01 -6.7817690927E-01
HessDelSqRho_EigVec2 = -7.0270394845E-01  5.4651694776E-01  4.5555064115E-01
HessDelSqRho_EigVec3 =  7.0063855800E-01  4.2018557562E-01  5.7667121749E-01
</CP of DelSqRho>
<CP of DelSqRho>
CP# = 52      
Type = (3,+1)
Coords = -4.22960998073718E-01  2.54646485437978E-01  3.51478119625842E-01
DistFromNuc =  6.0702432378E-01
Rho =  3.6565690660E+00
DelSqRho = -4.2436521170E+01
GradDelSqRho =  1.1368683772E-13 -4.2632564146E-14  1.7763568394E-14
HessDelSqRho_EigVals = -7.5686239086E+02  1.4275935751E+03  6.8538430647E+03
HessDelSqRho_EigVec1 = -1.2280082303E-01  7.2456949406E-01 -6.7817328622E-01
HessDelSqRho_EigVec2 =  7.0336109116E-01  5.4563130636E-01  4.5559812660E-01
HessDelSqRho_EigVec3 =  7.0014508018E-01 -4.2105287767E-01 -5.7663796346E-01
</CP of DelSqRho>
<CP of DelSqRho>
CP# = 53      
Type = (3,+1)
Coords =  4.24261484596121E-01 -2.55545680228510E-01  3.51776210602763E-01
DistFromNuc =  6.0701913520E-01
Rho =  3.6566491498E+00
DelSqRho = -4.2443366766E+01
GradDelSqRho =  5.6843418861E-14  4.2632564146E-14 -7.1054273576E-14
HessDelSqRho_EigVals = -7.5682096468E+02  1.4279523213E+03  6.8545071498E+03
HessDelSqRho_EigVec1 = -1.2284245422E-01  7.2529495403E-01  6.7738981473E-01
HessDelSqRho_EigVec2 = -7.0339654131E-01 -5.4513889631E-01  4.5613253491E-01
HessDelSqRho_EigVec3 =  7.0010216191E-01 -4.2044121276E-01  5.7713616201E-01
</CP of DelSqRho>
<CP of DelSqRho>
CP# = 54      
Type = (3,+1)
Coords = -4.23290641850744E-01 -2.54983188512959E-01  3.51756098566309E-01
DistFromNuc =  6.0702182686E-01
Rho =  3.6566268932E+00
DelSqRho = -4.2440815506E+01
GradDelSqRho = -4.2632564146E-13 -1.4210854715E-13  2.7355895327E-13
HessDelSqRho_EigVals = -7.5678315228E+02  1.4277876131E+03  6.8541524612E+03
HessDelSqRho_EigVec1 =  1.2375192875E-01  7.2514583160E-01  6.7738392588E-01
HessDelSqRho_EigVec2 =  7.0264864237E-01 -5.4605501577E-01  4.5618943996E-01
HessDelSqRho_EigVec3 =  7.0069276114E-01  4.1950857281E-01 -5.7709809550E-01
</CP of DelSqRho>
<CP of DelSqRho>
CP# = 55      
Type = (3,+1)
Coords =  4.24596671325447E-01  2.53726331241095E-01 -3.52659518563924E-01
DistFromNuc =  6.0702085528E-01
Rho =  3.6566219677E+00
DelSqRho = -4.2441756457E+01
GradDelSqRho = -5.6843418861E-14 -1.4210854715E-14  2.2737367544E-13
HessDelSqRho_EigVals = -7.5678999150E+02  1.4278615995E+03  6.8542655150E+03
HessDelSqRho_EigVec1 =  1.2375695491E-01  7.2513973080E-01  6.7738953854E-01
HessDelSqRho_EigVec2 =  7.0268825254E-01 -5.4603743435E-01  4.5614947115E-01
HessDelSqRho_EigVec3 =  7.0065215039E-01  4.1954200159E-01 -5.7712310043E-01
</CP of DelSqRho>
<CP of DelSqRho>
CP# = 56      
Type = (3,+1)
Coords = -4.22936525783851E-01  2.54251054100329E-01 -3.52682166301084E-01
DistFromNuc =  6.0702319708E-01
Rho =  3.6566153700E+00
DelSqRho = -4.2439832338E+01
GradDelSqRho =  1.4210854715E-13 -1.5631940187E-13 -8.5265128291E-14
HessDelSqRho_EigVals = -7.5671575081E+02  1.4277101846E+03  6.8539333036E+03
HessDelSqRho_EigVec1 = -1.2287705532E-01  7.2530555943E-01  6.7737218332E-01
HessDelSqRho_EigVec2 = -7.0338598556E-01 -5.4515208553E-01  4.5613304963E-01
HessDelSqRho_EigVec3 =  7.0010669515E-01 -4.2040581478E-01  5.7715644873E-01
</CP of DelSqRho>
<CP of DelSqRho>
CP# = 57      
Type = (3,+1)
Coords =  4.24277902265026E-01 -2.55931371254057E-01 -3.52381914679118E-01
DistFromNuc =  6.0702775513E-01
Rho =  3.6564113801E+00
DelSqRho = -4.2433588903E+01
GradDelSqRho =  2.5579538487E-13 -1.4210854715E-13 -1.4210854715E-13
HessDelSqRho_EigVals = -7.5693877057E+02  1.4276009069E+03  6.8535362851E+03
HessDelSqRho_EigVec1 = -1.2280358291E-01  7.2457287345E-01 -6.7816917586E-01
HessDelSqRho_EigVec2 =  7.0338783254E-01  5.4561406881E-01  4.5557748512E-01
HessDelSqRho_EigVec3 =  7.0011773085E-01 -4.2106939924E-01 -5.7665910551E-01
</CP of DelSqRho>
<CP of DelSqRho>
CP# = 58      
Type = (3,+1)
Coords = -4.23265194536172E-01 -2.55364468306897E-01 -3.52410450379677E-01
DistFromNuc =  6.0702722356E-01
Rho =  3.6564716647E+00
DelSqRho = -4.2433917245E+01
GradDelSqRho =  2.8421709430E-13  2.1316282073E-13  3.0553337638E-13
HessDelSqRho_EigVals = -7.5685628562E+02  1.4274997844E+03  6.8535454220E+03
HessDelSqRho_EigVec1 =  1.2378975754E-01  7.2442862196E-01 -6.7814398738E-01
HessDelSqRho_EigVec2 = -7.0269078443E-01  5.4652741654E-01  4.5555838753E-01
HessDelSqRho_EigVec3 =  7.0064381636E-01  4.2013206811E-01  5.7670381301E-01
</CP of DelSqRho>
<CP of DelSqRho>
CP# = 59      
Type = (3,-3)
Coords =  1.03967411804636E-03  6.08868996894846E-01  5.60453013534399E-01
DistFromNuc =  8.2831449034E-01
Rho =  1.2702235451E+00
DelSqRho =  1.4780524499E+01
GradDelSqRho =  3.8163916471E-17  1.0658141036E-14 -3.5527136788E-15
HessDelSqRho_EigVals = -3.3094121057E+02 -2.1943677848E+02 -2.0517895155E+02
HessDelSqRho_EigVec1 =  3.5226794148E-04  6.5651241378E-01  7.5431513736E-01
HessDelSqRho_EigVec2 =  9.9999982655E-01 -5.8731943937E-04  4.4165390268E-05
HessDelSqRho_EigVec3 =  4.7201907056E-04  7.5431499097E-01 -6.5651250681E-01
</CP of DelSqRho>
<CP of DelSqRho>
CP# = 60      
Type = (3,-3)
Coords =  2.52472421664009E-04 -6.09523849164857E-01  5.61075797006936E-01
DistFromNuc =  8.2828039630E-01
Rho =  1.2702868373E+00
DelSqRho =  1.4782780271E+01
GradDelSqRho =  1.7693312093E-13 -2.2026824809E-13  1.4210854715E-14
HessDelSqRho_EigVals = -3.3090730741E+02 -2.1955001996E+02 -2.0525148735E+02
HessDelSqRho_EigVec1 = -5.1366131332E-04 -6.5552400348E-01  7.5517416336E-01
HessDelSqRho_EigVec2 =  9.9999980218E-01 -6.1086065576E-04  1.4993546465E-04
HessDelSqRho_EigVec3 =  3.6301988859E-04  7.5517409099E-01  6.5552418758E-01
</CP of DelSqRho>
<CP of DelSqRho>
CP# = 61      
Type = (3,-3)
Coords =  1.06375929335857E-03  6.08272087236977E-01 -5.61991922031324E-01
DistFromNuc =  8.2831511940E-01
Rho =  1.2701987627E+00
DelSqRho =  1.4781330450E+01
GradDelSqRho =  6.2237159870E-12  7.3647754562E-12  1.4166445794E-12
HessDelSqRho_EigVals = -3.3095901875E+02 -2.1947504282E+02 -2.0518383442E+02
HessDelSqRho_EigVec1 = -3.5140693457E-04 -6.5564523270E-01  7.5506900701E-01
HessDelSqRho_EigVec2 =  9.9999980593E-01 -6.1884481148E-04 -7.1961348631E-05
HessDelSqRho_EigVec3 =  5.1445165246E-04  7.5506883518E-01  6.5564532292E-01
</CP of DelSqRho>
<CP of DelSqRho>
CP# = 62      
Type = (3,-3)
Coords =  2.85906498568995E-04 -6.10148320028281E-01 -5.61349178489870E-01
DistFromNuc =  8.2832184428E-01
Rho =  1.2701833331E+00
DelSqRho =  1.4780659704E+01
GradDelSqRho =  4.4223305573E-13 -6.6080474426E-13  4.3520742565E-14
HessDelSqRho_EigVals = -3.3097198853E+02 -2.1942771405E+02 -2.0516017926E+02
HessDelSqRho_EigVec1 =  4.3494240900E-04  6.5643199015E-01  7.5438508279E-01
HessDelSqRho_EigVec2 =  9.9999982517E-01 -5.8772058984E-04 -6.5144098997E-05
HessDelSqRho_EigVec3 =  4.0060497527E-04  7.5438497923E-01 -6.5643213101E-01
</CP of DelSqRho>
<CP of DelSqRho>
CP# = 63      
Type = (3,-3)
