 AIMInt (Version 19.02.13, Professional)
 Portions Copyright (c) 1997-2019 by Todd A. Keith
 AIMInt is a component of the AIMAll package ( http://aim.tkgristmill.com )

 TP:  64-bit Linux

 Licensed To:  Research Group of Fernando Cortes Guzman, UNAM, fercor@unam.mx

 AIMInt is a heavily modified and extended version of the PROAIMV program
 developed by members of R.F.W. Bader's research group

 Much of the Quantum Theory of Atoms in Molecules (QTAIM) is described in the book:
   "Atoms in Molecules - A Quantum Theory"
   R.F.W. Bader, Oxford University Press, Oxford, 1990

 For additional references see:  http://aim.tkgristmill.com/references.html

 Current Directory:  /home/scratch/M_H2O_4_cuadrado_plano/Opt

 Inp File:  Fe2_cuadrado_plano_cc-pvtz-def2-tzv_1_atomicfiles/o2.inp
 Wfx File:  Fe2_cuadrado_plano_cc-pvtz-def2-tzv_1.wfx
 Out File:  Fe2_cuadrado_plano_cc-pvtz-def2-tzv_1_atomicfiles/o2.int

 Wfx Title:   Fe2_cuadrado_plano_cc-pvtz-def2-tzv_1                                         
 Job Title:   Fe2_cuadrado_plano_cc-pvtz-def2-tzv_1                                         
 
<Atom>
O2      
</Atom>
<Nuclei of Molecule>
    13
Fe1       26.0           6.6469427404E-04  -6.3747935490E-04  -4.4502506417E-04
O2         8.0           3.4391477590E+00  -1.5410151627E-03   1.2208174831E-04
H3         1.0           4.5323166269E+00  -4.4954133333E-03  -1.4963508524E+00
O4         8.0           1.6620549849E-03   3.4395448649E+00   2.8733829863E-04
H5         1.0          -1.4976588283E+00   4.5344011264E+00   2.0597880277E-03
O6         8.0          -3.4394542686E+00   2.9083471215E-03   1.2206285104E-04
H7         1.0          -4.5320896668E+00   2.3216630805E-03   1.4969402877E+00
O8         8.0          -2.7874962719E-03  -3.4390572194E+00   2.8737609315E-04
H9         1.0           1.4949372866E+00  -4.5362302851E+00   7.8945742940E-04
H10        1.0          -4.5329195967E+00   3.2951743954E-03  -1.4960983283E+00
H11        1.0          -1.5032196526E+00  -4.5324892311E+00  -1.9484422144E-04
H12        1.0           1.5005791801E+00   4.5349784557E+00   1.2338265295E-03
H13        1.0           4.5322282066E+00  -4.6846838368E-05   1.4966404449E+00
</Nuclei of Molecule>
<Total Number of CPs of DelSqRho>
    34
</Total Number of CPs of DelSqRho>
<Number of (3,+3) CPs of DelSqRho>
     5
</Number of (3,+3) CPs of DelSqRho>
<Number of (3,+1) CPs of DelSqRho>
    14
</Number of (3,+1) CPs of DelSqRho>
<Number of (3,-1) CPs of DelSqRho>
    10
</Number of (3,-1) CPs of DelSqRho>
<Number of (3,-3) CPs of DelSqRho>
     5
</Number of (3,-3) CPs of DelSqRho>
<Number of Degenerate CPs of DelSqRho>
     0
</Number of Degenerate CPs of DelSqRho>
<CP of DelSqRho>
CP# = 1       
Type = (3,+3)
Coords =  3.43914808335273E+00 -1.54101561226588E-03  1.22081741517245E-04
DistFromNuc =  3.2430704156E-07
Rho =  2.9719556857E+02
DelSqRho = -3.3282483199E+06
GradDelSqRho =  1.1712530977E-05 -9.8427790363E-09 -1.6528745039E-10
HessDelSqRho_EigVals =  1.3235735233E+11  1.3235737298E+11  1.3235738042E+11
HessDelSqRho_EigVec1 =  3.9205221957E-04  9.9999877133E-01 -1.5177693226E-03
HessDelSqRho_EigVec2 =  9.9999990005E-01 -3.9237799810E-04 -2.1435116004E-04
HessDelSqRho_EigVec3 =  2.1494643596E-04  1.5176851340E-03  9.9999882521E-01
</CP of DelSqRho>
<CP of DelSqRho>
CP# = 2       
Type = (3,-1)
Coords =  1.98348833464893E+00 -1.81679122496118E-04  6.64602014217080E-05
DistFromNuc =  1.4556600602E+00
Rho =  1.5877492178E-01
DelSqRho =  3.9898041811E-01
GradDelSqRho =  6.3837823916E-16  2.6020852140E-18  4.4062653916E-17
HessDelSqRho_EigVals = -2.5004888802E-01 -2.4092526664E-01  5.2171696537E+00
HessDelSqRho_EigVec1 = -2.3357370057E-05  9.9999134866E-01 -4.1595746799E-03
HessDelSqRho_EigVec2 = -2.3048760048E-04  4.1595691870E-03  9.9999132239E-01
HessDelSqRho_EigVec3 =  9.9999997316E-01  2.4315897758E-05  2.3038844986E-04
</CP of DelSqRho>
<CP of DelSqRho>
CP# = 3       
Type = (3,+1)
Coords =  4.11416159532372E+00 -3.38283126591420E-03 -9.26612153640128E-01
DistFromNuc =  1.1465092300E+00
Rho =  4.1764665013E-01
DelSqRho = -9.7643732325E-01
GradDelSqRho =  7.7715611724E-16 -4.3368086899E-18  6.9388939039E-16
HessDelSqRho_EigVals = -3.2101873022E+01  1.4940433586E+01  1.6081588838E+01
HessDelSqRho_EigVec1 = -5.9185960453E-01  1.5863090835E-03  8.0603951029E-01
HessDelSqRho_EigVec2 =  5.0655902650E-04  9.9999859798E-01 -1.5960694457E-03
HessDelSqRho_EigVec3 =  8.0604091206E-01  5.3634244126E-04  5.9185957829E-01
</CP of DelSqRho>
<CP of DelSqRho>
CP# = 4       
Type = (3,+1)
Coords =  4.11410033385274E+00 -6.22611604027585E-04  9.26893277089966E-01
DistFromNuc =  1.1465019277E+00
Rho =  4.1765350771E-01
DelSqRho = -9.7649063190E-01
GradDelSqRho =  7.7715611724E-16 -5.8546917314E-18 -1.5265566589E-15
HessDelSqRho_EigVals = -3.2103624071E+01  1.4941169215E+01  1.6082537195E+01
HessDelSqRho_EigVec1 =  5.9182139561E-01  8.0931795183E-04  8.0606871959E-01
HessDelSqRho_EigVec2 =  4.5360406459E-04  9.9999900324E-01 -1.3370692963E-03
HessDelSqRho_EigVec3 =  8.0606899825E-01 -1.1569422645E-03 -5.9182043860E-01
</CP of DelSqRho>
<CP of DelSqRho>
CP# = 5       
Type = (3,-1)
Coords =  3.60795266502585E+00 -1.54296735214023E-03  1.14602320961293E-04
DistFromNuc =  1.6880490616E-01
Rho =  2.2330268851E+01
DelSqRho =  1.2517051772E+03
GradDelSqRho =  6.0765614762E-11 -4.4408920985E-16 -1.6878859421E-15
HessDelSqRho_EigVals = -4.0634956838E+05 -2.0842460749E+03  1.5930910056E+03
HessDelSqRho_EigVec1 =  9.9999999900E-01 -4.8523370258E-06 -4.4495252086E-05
HessDelSqRho_EigVec2 =  4.7851518344E-06  9.9999886021E-01 -1.5098164961E-03
HessDelSqRho_EigVec3 =  4.4502527510E-05  1.5098162817E-03  9.9999885924E-01
</CP of DelSqRho>
<CP of DelSqRho>
CP# = 6       
Type = (3,-1)
Coords =  3.27227426887888E+00 -1.44236466184824E-03  1.33577026000231E-04
DistFromNuc =  1.6687351972E-01
Rho =  2.2756237002E+01
DelSqRho =  1.2952558111E+03
GradDelSqRho = -7.2759576142E-11  1.2878587086E-14  3.5110803154E-15
HessDelSqRho_EigVals = -4.5304616164E+05 -3.7027723649E+03  3.4098031601E+02
HessDelSqRho_EigVec1 =  9.9999982080E-01 -5.9473088859E-04 -6.8577166777E-05
HessDelSqRho_EigVec2 =  5.9462676949E-04  9.9999868553E-01 -1.5084306595E-03
HessDelSqRho_EigVec3 =  6.9474186940E-05  1.5083896114E-03  9.9999885997E-01
</CP of DelSqRho>
<CP of DelSqRho>
CP# = 7       
Type = (3,+1)
Coords =  3.48429769381502E+00  1.60643419538649E-01 -1.23867970173447E-04
DistFromNuc =  1.6835191701E-01
Rho =  2.2577148541E+01
DelSqRho =  1.2299807667E+03
GradDelSqRho =  1.1084466678E-12 -3.6948222260E-13 -8.4932061384E-15
HessDelSqRho_EigVals = -4.1158137219E+05  2.6564754574E+03  3.8021138646E+03
HessDelSqRho_EigVec1 =  2.6359446906E-01  9.6463247733E-01 -1.4627230988E-03
HessDelSqRho_EigVec2 =  9.6463358494E-01 -2.6359424714E-01  3.4594922407E-04
HessDelSqRho_EigVec3 =  5.1851536946E-05  1.5021821286E-03  9.9999887038E-01
</CP of DelSqRho>
<CP of DelSqRho>
CP# = 8       
Type = (3,+1)
Coords =  3.48415192738798E+00 -1.63767808601032E-01  3.65730309828636E-04
DistFromNuc =  1.6835369625E-01
Rho =  2.2576762453E+01
DelSqRho =  1.2299397910E+03
GradDelSqRho =  2.1600499167E-12 -1.6484591470E-12  2.1649348980E-15
HessDelSqRho_EigVals = -4.1154003641E+05  2.6581220643E+03  3.8035266784E+03
HessDelSqRho_EigVec1 = -2.6272682019E-01  9.6486917125E-01 -1.4492484669E-03
HessDelSqRho_EigVec2 =  9.6487025849E-01  2.6272644983E-01 -4.4367328553E-04
HessDelSqRho_EigVec3 =  4.7330770693E-05  1.5149016143E-03  9.9999885142E-01
</CP of DelSqRho>
<CP of DelSqRho>
CP# = 9       
Type = (3,-3)
Coords =  3.31499538437377E+00 -1.29265097804505E-03  1.11940840930088E-01
DistFromNuc =  1.6708473517E-01
Rho =  2.2679489021E+01
DelSqRho =  1.2964617424E+03
GradDelSqRho =  1.4779288904E-12  1.1768364061E-14 -4.1495695768E-12
HessDelSqRho_EigVals = -4.4840590454E+05 -4.0009114205E+03 -5.7275484016E+02
HessDelSqRho_EigVec1 =  7.4526175510E-01 -1.4875633989E-03 -6.6677035293E-01
HessDelSqRho_EigVec2 =  5.4844854467E-04  9.9999854067E-01 -1.6179836107E-03
HessDelSqRho_EigVec3 =  6.6677178674E-01  8.4013207571E-04  7.4526148337E-01
</CP of DelSqRho>
<CP of DelSqRho>
CP# = 10      
Type = (3,-3)
Coords =  3.31499508777955E+00 -1.63001867176497E-03 -1.11696610422217E-01
DistFromNuc =  1.6708474982E-01
Rho =  2.2679481856E+01
DelSqRho =  1.2964623742E+03
GradDelSqRho =  1.6029844119E-11 -6.1062266354E-16  5.5138116295E-12
HessDelSqRho_EigVals = -4.4840572380E+05 -4.0009665424E+03 -5.7287590025E+02
HessDelSqRho_EigVec1 =  7.4526359435E-01  5.2416834399E-04  6.6676975050E-01
HessDelSqRho_EigVec2 =  5.4879594553E-04  9.9999887007E-01 -1.3995316823E-03
HessDelSqRho_EigVec3 = -6.6676973069E-01  1.4089405476E-03  7.4526246459E-01
</CP of DelSqRho>
<CP of DelSqRho>
CP# = 11      
Type = (3,-1)
Coords =  4.16879591458657E+00 -1.81376663024507E-03  1.55473617233988E-04
DistFromNuc =  7.2964820728E-01
Rho =  6.5384758881E-01
DelSqRho = -8.4254586460E-01
GradDelSqRho = -3.3306690739E-12 -3.3482244755E-13  9.2720969791E-16
HessDelSqRho_EigVals = -1.8736800666E+01 -7.7128636239E+00  1.2737716527E+02
HessDelSqRho_EigVec1 = -3.9881864721E-05  1.4888478010E-03  9.9999889087E-01
HessDelSqRho_EigVec2 =  3.5022972647E-04  9.9999883036E-01 -1.4888337431E-03
HessDelSqRho_EigVec3 =  9.9999993787E-01 -3.5016996055E-04  4.0403256832E-05
</CP of DelSqRho>
<CP of DelSqRho>
CP# = 12      
Type = (3,+1)
Coords =  2.76765083526887E+00 -1.27803452247913E-03  7.88538700320728E-05
DistFromNuc =  6.7149697666E-01
Rho =  8.4478263311E-01
DelSqRho = -3.3670237844E+00
GradDelSqRho = -1.0658141036E-14  1.1188966420E-16  2.3852447795E-17
HessDelSqRho_EigVals = -5.9452726103E+00  1.9609554458E+01  2.3436009446E+02
HessDelSqRho_EigVec1 =  4.1668017793E-04  9.9999878488E-01 -1.5022067773E-03
HessDelSqRho_EigVec2 = -5.2899369144E-05  1.5022289477E-03  9.9999887025E-01
HessDelSqRho_EigVec3 =  9.9999991179E-01 -4.1660024140E-04  5.3525253890E-05
</CP of DelSqRho>
<CP of DelSqRho>
CP# = 13      
Type = (3,+3)
Coords =  3.26674687114722E+00  6.07667722184128E-01 -7.91171191274181E-04
DistFromNuc =  6.3313362400E-01
Rho =  9.8164611342E-01
DelSqRho = -4.5585854051E+00
GradDelSqRho = -4.2632564146E-14  1.4921397451E-13 -2.9837243787E-16
HessDelSqRho_EigVals =  1.2782196927E+01  2.4813925537E+01  3.5399311465E+02
HessDelSqRho_EigVec1 =  9.6673887699E-01  2.5576522699E-01 -3.0395066228E-04
HessDelSqRho_EigVec2 = -7.6837294639E-05  1.4788246761E-03  9.9999890359E-01
HessDelSqRho_EigVec3 = -2.5576539605E-01  9.6673779369E-01 -1.4492896147E-03
</CP of DelSqRho>
<CP of DelSqRho>
CP# = 14      
Type = (3,+3)
Coords =  3.26607194013612E+00 -6.10597273354397E-01  1.03479985926899E-03
DistFromNuc =  6.3317106519E-01
Rho =  9.8146965132E-01
DelSqRho = -4.5565028887E+00
GradDelSqRho =  2.1316282073E-14  2.1316282073E-14 -4.1633363423E-17
HessDelSqRho_EigVals =  1.2761955887E+01  2.4799408395E+01  3.5378008366E+02
HessDelSqRho_EigVec1 =  9.6646693407E-01 -2.5679069874E-01  4.4988607361E-04
HessDelSqRho_EigVec2 = -6.1909970496E-05  1.5189475954E-03  9.9999884448E-01
HessDelSqRho_EigVec3 =  2.5679108537E-01  9.6646584515E-01 -1.4521147210E-03
</CP of DelSqRho>
<CP of DelSqRho>
CP# = 15      
Type = (3,-1)
Coords =  3.18627826969205E+00 -4.55635142678520E-04  6.75154469618632E-01
DistFromNuc =  7.2084178664E-01
Rho =  6.6051105229E-01
DelSqRho = -8.7214179255E-01
GradDelSqRho =  1.2878587086E-14 -4.7704895589E-18  4.8849813084E-15
HessDelSqRho_EigVals = -1.6037533324E+01 -1.2500586529E+01  1.3726742850E+02
HessDelSqRho_EigVec1 =  9.2612384924E-01  1.2259063867E-05  3.7721958554E-01
HessDelSqRho_EigVec2 =  5.6003854586E-04  9.9999885270E-01 -1.4074669608E-03
HessDelSqRho_EigVec3 = -3.7721917000E-01  1.5147462276E-03  9.2612277983E-01
</CP of DelSqRho>
<CP of DelSqRho>
CP# = 16      
Type = (3,-1)
Coords =  3.18635057712291E+00 -2.47388046215929E-03 -6.74944854053151E-01
DistFromNuc =  7.2084856471E-01
Rho =  6.6050113044E-01
DelSqRho = -8.7209589083E-01
GradDelSqRho =  3.5527136788E-15  3.8163916471E-17  2.2204460493E-14
HessDelSqRho_EigVals = -1.6038673807E+01 -1.2499516463E+01  1.3726108317E+02
HessDelSqRho_EigVec1 =  9.2616753837E-01 -1.1470099817E-03 -3.7711056104E-01
HessDelSqRho_EigVec2 =  5.9101180566E-04  9.9999856119E-01 -1.5900705103E-03
HessDelSqRho_EigVec3 =  3.7711184227E-01  1.2497948967E-03  9.2616688368E-01
</CP of DelSqRho>
<CP of DelSqRho>
CP# = 17      
Type = (3,+1)
Coords =  3.76641465824698E+00  3.74049932551228E-01  4.89425352139657E-01
DistFromNuc =  6.9827635914E-01
Rho =  7.7222817709E-01
DelSqRho = -2.5487716661E+00
GradDelSqRho =  7.5495165675E-15  2.8865798640E-15 -1.4210854715E-14
HessDelSqRho_EigVals = -1.2008079920E+01  1.5450604605E+01  1.7570753446E+02
HessDelSqRho_EigVec1 =  4.1584321522E-01 -7.7225676708E-01  4.8030605457E-01
HessDelSqRho_EigVec2 =  8.0351723676E-01  6.4628695552E-02 -5.9176277506E-01
HessDelSqRho_EigVec3 =  4.2595125377E-01  6.3201472880E-01  6.4739702810E-01
</CP of DelSqRho>
<CP of DelSqRho>
CP# = 18      
Type = (3,+1)
Coords =  3.76601776654704E+00 -3.76159254054869E-01  4.90417946412601E-01
DistFromNuc =  6.9826417753E-01
Rho =  7.7225788578E-01
DelSqRho = -2.5489731722E+00
GradDelSqRho = -1.8651746814E-14  1.7541523789E-14 -1.2434497876E-14
HessDelSqRho_EigVals = -1.2002779048E+01  1.5449966530E+01  1.7571756387E+02
HessDelSqRho_EigVec1 =  4.1666787479E-01  7.7310113589E-01  4.7822851839E-01
HessDelSqRho_EigVec2 = -8.0343752218E-01  6.7063103703E-02  5.9160010824E-01
HessDelSqRho_EigVec3 =  4.2529522695E-01 -6.3072749568E-01  6.4908150192E-01
</CP of DelSqRho>
<CP of DelSqRho>
CP# = 19      
Type = (3,+1)
Coords =  3.76645913789305E+00  3.72598175610956E-01 -4.90256599512073E-01
DistFromNuc =  6.9827224192E-01
Rho =  7.7223279820E-01
DelSqRho = -2.5487420707E+00
GradDelSqRho =  7.1054273576E-15  1.7763568394E-15 -5.3290705182E-15
HessDelSqRho_EigVals = -1.2008608009E+01  1.5450726493E+01  1.7571144429E+02
HessDelSqRho_EigVec1 =  4.1587970159E-01 -7.7367475341E-01 -4.7798687194E-01
HessDelSqRho_EigVec2 =  8.0346302832E-01  6.6366226605E-02  5.9164405354E-01
HessDelSqRho_EigVec3 = -4.2601788217E-01 -6.3009753206E-01  6.4921942682E-01
</CP of DelSqRho>
<CP of DelSqRho>
CP# = 20      
Type = (3,+1)
Coords =  3.76606710368157E+00 -3.77630461784540E-01 -4.89014747633089E-01
DistFromNuc =  6.9826525591E-01
Rho =  7.7225383465E-01
DelSqRho = -2.5489083857E+00
GradDelSqRho =  0.0000000000E+00  3.1086244690E-15  1.2434497876E-14
HessDelSqRho_EigVals = -1.2003103208E+01  1.5449495224E+01  1.7571425511E+02
HessDelSqRho_EigVec1 =  4.1669082175E-01  7.7166826292E-01 -4.8051727447E-01
HessDelSqRho_EigVec2 = -8.0338535035E-01  6.5258953831E-02 -5.9187266179E-01
HessDelSqRho_EigVec3 = -4.2537129417E-01  6.3266844472E-01  6.4713978486E-01
</CP of DelSqRho>
<CP of DelSqRho>
CP# = 21      
Type = (3,+3)
Coords =  3.86361904808001E+00 -9.98792552785714E-04  5.95269876499779E-01
DistFromNuc =  7.3101098953E-01
Rho =  7.3657184804E-01
DelSqRho = -2.8893327013E+00
GradDelSqRho =  7.3274719625E-15  3.1225022568E-17  3.1086244690E-15
HessDelSqRho_EigVals =  9.4598226798E+00  2.2992014716E+01  1.3135873055E+02
HessDelSqRho_EigVec1 =  5.7477909121E-04  9.9999903696E-01 -1.2632150379E-03
HessDelSqRho_EigVec2 =  8.1848900563E-01 -1.1961950167E-03 -5.7452094547E-01
HessDelSqRho_EigVec3 =  5.7452190323E-01  7.0370499335E-04  8.1848890494E-01
</CP of DelSqRho>
<CP of DelSqRho>
CP# = 22      
Type = (3,+3)
Coords =  3.86367102597578E+00 -2.76328012848201E-03 -5.94986047117667E-01
DistFromNuc =  7.3100970112E-01
Rho =  7.3657152584E-01
DelSqRho = -2.8893205151E+00
GradDelSqRho =  2.9309887850E-14 -9.5301370961E-17 -4.3076653355E-14
HessDelSqRho_EigVals =  9.4602966834E+00  2.2992387490E+01  1.3135885649E+02
HessDelSqRho_EigVec1 =  5.5753462103E-04  9.9999840262E-01 -1.6982096140E-03
HessDelSqRho_EigVec2 =  8.1842709285E-01  5.1950787079E-04  5.7461014940E-01
HessDelSqRho_EigVec3 = -5.7461011377E-01  1.7102258093E-03  8.1842549587E-01
</CP of DelSqRho>
<CP of DelSqRho>
CP# = 23      
Type = (3,-3)
Coords =  3.02534263857702E+00  2.77006989082670E-04  1.05943649515224E+00
DistFromNuc =  1.1372708602E+00
Rho =  2.4785532578E-01
DelSqRho =  8.5652762921E-01
GradDelSqRho =  8.8046236968E-13 -5.1059352059E-12  2.9931612744E-13
HessDelSqRho_EigVals = -1.7660191483E+01 -2.0534771489E+00 -5.2415569883E-01
HessDelSqRho_EigVec1 = -4.0288384146E-01  1.5879456078E-03  9.1524974117E-01
HessDelSqRho_EigVec2 =  9.1525097108E-01  1.3102852823E-04  4.0288415552E-01
HessDelSqRho_EigVec3 =  5.1983429865E-04  9.9999873063E-01 -1.5061580363E-03
</CP of DelSqRho>
<CP of DelSqRho>
CP# = 24      
Type = (3,-3)
Coords =  3.02547302540229E+00 -2.84927369533951E-03 -1.05925258743529E+00
DistFromNuc =  1.1372788517E+00
Rho =  2.4785849944E-01
DelSqRho =  8.5649104789E-01
GradDelSqRho = -3.8857805862E-16  9.1072982489E-18  1.1102230246E-16
HessDelSqRho_EigVals = -1.7658925058E+01 -2.0540573702E+00 -5.2399877113E-01
HessDelSqRho_EigVec1 =  4.0277718762E-01  1.1148307226E-03  9.1529738025E-01
HessDelSqRho_EigVec2 =  9.1529787202E-01 -1.1300781099E-03 -4.0277602759E-01
HessDelSqRho_EigVec3 =  5.8533044359E-04  9.9999874004E-01 -1.4755718710E-03
</CP of DelSqRho>
<CP of DelSqRho>
CP# = 25      
Type = (3,+1)
Coords =  2.18591838357726E+00 -1.83957983664641E-03 -1.23362430868493E-04
DistFromNuc =  1.2532294351E+00
Rho =  2.3848535132E-01
DelSqRho =  4.4291765756E-01
GradDelSqRho = -1.7139067943E-15 -1.5937771936E-17  4.1985729130E-17
HessDelSqRho_EigVals = -7.9846400599E+00  4.5556838378E-01  7.2918348856E-01
HessDelSqRho_EigVec1 =  9.9999990845E-01  3.5679663868E-04  2.3622919337E-04
HessDelSqRho_EigVec2 = -3.5641243670E-04  9.9999861707E-01 -1.6244443723E-03
HessDelSqRho_EigVec3 = -2.3680846298E-04  1.6243600285E-03  9.9999865269E-01
</CP of DelSqRho>
<CP of DelSqRho>
CP# = 26      
Type = (3,-3)
Coords =  4.59365607434247E+00 -1.12588787904928E-03  1.60913956345351E-04
DistFromNuc =  1.1545083906E+00
Rho =  2.5265528799E-01
DelSqRho =  8.7841894455E-01
GradDelSqRho = -3.8583025663E-12 -4.9714735367E-13  1.8470400448E-16
HessDelSqRho_EigVals = -1.6993674693E+01 -4.0229218416E+00 -9.7273320155E-02
HessDelSqRho_EigVec1 =  9.9999993624E-01  3.5538817167E-04  3.5057843647E-05
HessDelSqRho_EigVec2 = -3.5591915973E-05  1.5028909613E-03  9.9999887003E-01
HessDelSqRho_EigVec3 = -3.5533508197E-04  9.9999880751E-01 -1.5029035144E-03
</CP of DelSqRho>
<CP of DelSqRho>
CP# = 27      
Type = (3,-1)
Coords =  3.64858060323234E+00  9.90349659513870E-01  6.30366381767815E-01
DistFromNuc =  1.1936989170E+00
Rho =  2.4629530168E-01
DelSqRho =  7.1043480041E-01
GradDelSqRho =  6.5919492087E-17  2.8354055215E-15  7.9103390505E-16
HessDelSqRho_EigVals = -1.7304964248E+01 -1.0836885698E+00  3.0181032925E-01
HessDelSqRho_EigVec1 =  1.6079931180E-01  8.3869325483E-01  5.2032413515E-01
HessDelSqRho_EigVec2 =  6.3302683070E-01 -4.9210803531E-01  5.9758406371E-01
HessDelSqRho_EigVec3 =  7.5724541130E-01  2.3328803202E-01 -6.1004596644E-01
</CP of DelSqRho>
<CP of DelSqRho>
CP# = 28      
Type = (3,-1)
Coords =  3.64743842014844E+00 -9.91861565215560E-01  6.33200273579632E-01
DistFromNuc =  1.1936950148E+00
Rho =  2.4629396302E-01
DelSqRho =  7.1045591593E-01
GradDelSqRho =  1.7832957333E-15 -9.3588331529E-16  1.8179902028E-15
HessDelSqRho_EigVals = -1.7305193374E+01 -1.0841780736E+00  3.0162163035E-01
HessDelSqRho_EigVec1 = -1.5981926835E-01  8.3739257367E-01 -5.2271548573E-01
HessDelSqRho_EigVec2 =  6.3364796359E-01  4.9305655697E-01  5.9614217253E-01
HessDelSqRho_EigVec3 =  7.5693332580E-01 -2.3594259723E-01 -6.0941203722E-01
</CP of DelSqRho>
<CP of DelSqRho>
CP# = 29      
Type = (3,-1)
Coords =  3.64862058361302E+00  9.88433815802690E-01 -6.33101533189396E-01
DistFromNuc =  1.1936922454E+00
Rho =  2.4629546330E-01
DelSqRho =  7.1048716986E-01
GradDelSqRho =  1.5178830415E-15  1.5378323615E-15  6.2450045135E-16
HessDelSqRho_EigVals = -1.7305731047E+01 -1.0841502701E+00  3.0162883989E-01
HessDelSqRho_EigVec1 =  1.6083042427E-01  8.3711538522E-01 -5.2284931524E-01
HessDelSqRho_EigVec2 = -6.3306109138E-01  4.9391390995E-01  5.9605595722E-01
HessDelSqRho_EigVec3 =  7.5721016185E-01  2.3513162565E-01  6.0938156307E-01
</CP of DelSqRho>
<CP of DelSqRho>
CP# = 30      
Type = (3,-1)
Coords =  3.64749375621833E+00 -9.93753030864515E-01 -6.29975045335006E-01
DistFromNuc =  1.1936980892E+00
Rho =  2.4629503083E-01
DelSqRho =  7.1042142622E-01
GradDelSqRho =  5.8199972619E-16 -1.0156805952E-15 -5.6898930012E-16
HessDelSqRho_EigVals = -1.7304457461E+01 -1.0839721460E+00  3.0169112858E-01
HessDelSqRho_EigVec1 = -1.5986718325E-01  8.3895257007E-01  5.2019329955E-01
HessDelSqRho_EigVec2 = -6.3371706485E-01 -4.9126659680E-01  5.9754482057E-01
HessDelSqRho_EigVec3 =  7.5686535489E-01 -2.3412756362E-01  6.1019596731E-01
</CP of DelSqRho>
<CP of DelSqRho>
CP# = 31      
Type = (3,+1)
Coords =  4.63897978556217E+00  8.64371390149809E-01  1.35306397428358E+00
DistFromNuc =  2.0049570943E+00
Rho =  7.4552906506E-02
DelSqRho =  1.7945245600E-01
GradDelSqRho = -3.8913317013E-14 -1.6292522886E-14 -1.9229409731E-14
HessDelSqRho_EigVals = -1.6472375349E+00  3.9673997706E-02  5.7479426449E-01
HessDelSqRho_EigVec1 =  4.8818944762E-01  7.7750215454E-01  3.9643595058E-01
HessDelSqRho_EigVec2 =  7.9812630720E-01 -2.1396361251E-01 -5.6321751596E-01
HessDelSqRho_EigVec3 = -3.5307996402E-01  5.9136280928E-01 -7.2499970125E-01
</CP of DelSqRho>
<CP of DelSqRho>
CP# = 32      
Type = (3,+1)
Coords =  4.63842254057490E+00 -8.64892109446542E-01  1.35522923036919E+00
DistFromNuc =  2.0049814208E+00
Rho =  7.4551449612E-02
DelSqRho =  1.7944940429E-01
GradDelSqRho = -6.1571841375E-13  5.7188281888E-13 -4.9768175692E-13
HessDelSqRho_EigVals = -1.6472574154E+00  3.9658995451E-02  5.7477441492E-01
HessDelSqRho_EigVec1 = -4.8769356780E-01  7.7681434929E-01 -3.9838982249E-01
HessDelSqRho_EigVec2 =  7.9828891078E-01  2.1208242471E-01 -5.6369837684E-01
HessDelSqRho_EigVec3 = -3.5339750827E-01 -5.9294225003E-01 -7.2355351515E-01
</CP of DelSqRho>
<CP of DelSqRho>
CP# = 33      
Type = (3,+1)
Coords =  4.63968363410068E+00  8.60160579441556E-01 -1.35489437927948E+00
DistFromNuc =  2.0049652454E+00
Rho =  7.4553296691E-02
DelSqRho =  1.7946339870E-01
GradDelSqRho = -2.5508154616E-13 -2.7581409379E-13  2.4656665598E-13
HessDelSqRho_EigVals = -1.6476120675E+00  3.9621782181E-02  5.7471001567E-01
HessDelSqRho_EigVec1 =  4.8874688141E-01  7.7621431627E-01 -3.9826852891E-01
HessDelSqRho_EigVec2 = -7.9799179530E-01  2.1323859060E-01 -5.6368288790E-01
HessDelSqRho_EigVec3 = -3.5261250764E-01  5.9331327196E-01  7.2363235193E-01
</CP of DelSqRho>
<CP of DelSqRho>
CP# = 34      
Type = (3,+1)
Coords =  4.63859527623260E+00 -8.68917702556093E-01 -1.35233594774577E+00
DistFromNuc =  2.0050335124E+00
Rho =  7.4548434118E-02
DelSqRho =  1.7942854796E-01
GradDelSqRho = -3.3202607330E-15 -4.5796699766E-16  8.2919782152E-16
HessDelSqRho_EigVals = -1.6470004099E+00  3.9663726053E-02  5.7475304581E-01
HessDelSqRho_EigVec1 = -4.8779886765E-01  7.7793983430E-01  3.9605792370E-01
HessDelSqRho_EigVec2 = -7.9823763987E-01 -2.1384303267E-01 -5.6310552091E-01
HessDelSqRho_EigVec3 = -3.5336798811E-01 -5.9083057773E-01  7.2529324648E-01
</CP of DelSqRho>
<Path of -GradDelSqRho>
Starting CP# =      3
Ending CP# =     22
Number of Points =     17
  4.1141615953E+00 -3.3828312659E-03 -9.2661215364E-01  4.1764665013E-01 -9.7643732325E-01
  4.0993675900E+00 -3.3431634408E-03 -9.0645934166E-01  4.2906883063E-01 -9.8650823518E-01
  4.0845786182E+00 -3.3034762839E-03 -8.8630283564E-01  4.4155016783E-01 -1.0169056476E+00
  4.0697943115E+00 -3.2637726501E-03 -8.6614290769E-01  4.5510196078E-01 -1.0679301951E+00
  4.0550140106E+00 -3.2240559721E-03 -8.4598004262E-01  4.6972885007E-01 -1.1398240085E+00
  4.0402367414E+00 -3.1843302703E-03 -8.2581495557E-01  4.8542812030E-01 -1.2326311427E+00
  4.0254611807E+00 -3.1446002250E-03 -8.0564861663E-01  5.0218905602E-01 -1.3460288207E+00
  4.0106856015E+00 -3.1048713528E-03 -7.8548229122E-01  5.1999245922E-01 -1.4791348739E+00
  3.9959077809E+00 -3.0651503496E-03 -7.6531760825E-01  5.3881045607E-01 -1.6302988826E+00
  3.9811248437E+00 -3.0254457080E-03 -7.4515667607E-01  5.5860673659E-01 -1.7968865685E+00
  3.9663329933E+00 -2.9857688228E-03 -7.2500228274E-01  5.7933738328E-01 -1.9750682282E+00
  3.9515270276E+00 -2.9461360397E-03 -7.0485825709E-01  6.0095245140E-01 -2.1596212376E+00
  3.9366994029E+00 -2.9065727368E-03 -6.8473016996E-01  6.2339846404E-01 -2.3437517775E+00
  3.9218382088E+00 -2.8671223985E-03 -6.6462685857E-01  6.4662197546E-01 -2.5189279422E+00
  3.9069219908E+00 -2.8278704369E-03 -6.4456435021E-01  6.7057431072E-01 -2.6746881553E+00
  3.8919024507E+00 -2.7890262416E-03 -6.2457912845E-01  6.9521727967E-01 -2.7983339459E+00
  3.8636710260E+00 -2.7632801285E-03 -5.9498604712E-01  7.3657152584E-01 -2.8893205151E+00
</Path of -GradDelSqRho>
<Path of -GradDelSqRho>
Starting CP# =      3
Ending CP# =      0
Number of Points =     29
  4.1141615953E+00 -3.3828312659E-03 -9.2661215364E-01  4.1764665013E-01 -9.7643732325E-01
  4.1289605640E+00 -3.4224782825E-03 -9.4676132116E-01  4.0726633162E-01 -9.8644041182E-01
  4.1437645378E+00 -3.4621021579E-03 -9.6690681162E-01  3.9790514991E-01 -1.0163836272E+00
  4.1585731822E+00 -3.5017019298E-03 -9.8704886914E-01  3.8953536926E-01 -1.0662816444E+00
  4.1733860060E+00 -3.5412773233E-03 -1.0071878532E+00  3.8212450587E-01 -1.1362789078E+00
  4.1882024210E+00 -3.5808287534E-03 -1.0273241956E+00  3.7563544376E-01 -1.2265673395E+00
  4.2030218118E+00 -3.6203573160E-03 -1.0474583480E+00  3.7002646021E-01 -1.3372168216E+00
  4.2178436178E+00 -3.6598647851E-03 -1.0675907225E+00  3.6525127707E-01 -1.4678875161E+00
  4.2326674258E+00 -3.6993536387E-03 -1.0877216231E+00  3.6125934306E-01 -1.6173973522E+00
  4.2474930798E+00 -3.7388271451E-03 -1.1078511641E+00  3.5799667122E-01 -1.7831518664E+00
  4.2623208187E+00 -3.7782895551E-03 -1.1279791696E+00  3.5540769316E-01 -1.9605319704E+00
  4.2771514616E+00 -3.8177464626E-03 -1.1481050353E+00  3.5343870153E-01 -2.1424994701E+00
  4.2919866566E+00 -3.8572053330E-03 -1.1682275458E+00  3.5204344142E-01 -2.3199138476E+00
  4.3068290573E+00 -3.8966756937E-03 -1.1883447418E+00  3.5119113516E-01 -2.4832879052E+00
  4.3216814586E+00 -3.9361658644E-03 -1.2084545553E+00  3.5087652067E-01 -2.6267865597E+00
  4.3365412556E+00 -3.9756656976E-03 -1.2285589049E+00  3.5113025577E-01 -2.7549662372E+00
  4.3513898626E+00 -4.0151177683E-03 -1.2486715186E+00  3.5202641288E-01 -2.8918707833E+00
  4.3662049592E+00 -4.0544606728E-03 -1.2688088269E+00  3.5368216685E-01 -3.0906580417E+00
  4.3809875981E+00 -4.0937055737E-03 -1.2889699767E+00  3.5624375785E-01 -3.4402759726E+00
  4.3957501519E+00 -4.1328928942E-03 -1.3091458395E+00  3.5985356810E-01 -4.0644713368E+00
  4.4105015283E+00 -4.1720496916E-03 -1.3293298766E+00  3.6459642837E-01 -5.1082670110E+00
  4.4252464400E+00 -4.2111897288E-03 -1.3495186369E+00  3.7042902693E-01 -6.7084884908E+00
  4.4399873002E+00 -4.2503198573E-03 -1.3697103557E+00  3.7710426914E-01 -8.9484839581E+00
  4.4547253874E+00 -4.2894436373E-03 -1.3899040986E+00  3.8411099930E-01 -1.1803564413E+01
  4.4694614052E+00 -4.3285630268E-03 -1.4100993518E+00  3.9065551517E-01 -1.5092804598E+01
  4.4841957465E+00 -4.3676791859E-03 -1.4302958281E+00  3.9571017035E-01 -1.8461454900E+01
  4.4989286154E+00 -4.4067929122E-03 -1.4504933786E+00  3.9814148110E-01 -2.1418672122E+01
  4.5136600595E+00 -4.4459050186E-03 -1.4706919683E+00  3.9690478498E-01 -2.3439544412E+01
  4.5269166605E+00 -4.4811074715E-03 -1.4888719377E+00  3.9203602568E-01 -2.4110335755E+01
</Path of -GradDelSqRho>
<Path of -GradDelSqRho>
Starting CP# =      4
Ending CP# =      0
Number of Points =     29
  4.1141003339E+00 -6.2261160403E-04  9.2689327709E-01  4.1765350771E-01 -9.7649063190E-01
  4.1288983543E+00 -6.0237921731E-04  9.4704316981E-01  4.0727299761E-01 -9.8649427918E-01
  4.1437013954E+00 -5.8214660536E-04  9.6718937447E-01  3.9791163487E-01 -1.0164392051E+00
  4.1585091233E+00 -5.6191172612E-04  9.8733213452E-01  3.8954168407E-01 -1.0663401076E+00
  4.1733210474E+00 -5.4167271251E-04  1.0074718092E+00  3.8213066108E-01 -1.1363414061E+00
  4.1881365790E+00 -5.2142798220E-04  1.0276088301E+00  3.7564144896E-01 -1.2266349298E+00
  4.2029551024E+00 -5.0117635012E-04  1.0477436495E+00  3.7003232352E-01 -1.3372903651E+00
  4.2177760557E+00 -4.8091714278E-04  1.0678766804E+00  3.6525700468E-01 -1.4679675259E+00
  4.2325990243E+00 -4.6065031872E-04  1.0880082276E+00  3.6126493902E-01 -1.6174837811E+00
  4.2474238501E+00 -4.4037660784E-04  1.1081384071E+00  3.5800213769E-01 -1.7832438506E+00
  4.2622507691E+00 -4.2009769562E-04  1.1282670449E+00  3.5541303113E-01 -1.9606275921E+00
  4.2770805974E+00 -3.9981648968E-04  1.1483935394E+00  3.5344391252E-01 -2.1425956899E+00
  4.2919149781E+00 -3.7953746379E-04  1.1685166787E+00  3.5204853012E-01 -2.3200068617E+00
  4.3067565591E+00 -3.5926669458E-04  1.1886345078E+00  3.5119611325E-01 -2.4833742627E+00
  4.3216081295E+00 -3.3900930167E-04  1.2087449636E+00  3.5088141125E-01 -2.6268653528E+00
  4.3364670867E+00 -3.1875677980E-04  1.2288499625E+00  3.5113509757E-01 -2.7550424485E+00
  4.3513148750E+00 -2.9846684060E-04  1.2489632091E+00  3.5203126251E-01 -2.8919593923E+00
  4.3661292185E+00 -2.7809623492E-04  1.2691010996E+00  3.5368709659E-01 -3.0907878167E+00
  4.3809111714E+00 -2.5765471327E-04  1.2892627801E+00  3.5624884683E-01 -3.4404912191E+00
  4.3956730806E+00 -2.3717198173E-04  1.3094391423E+00  3.5985888495E-01 -4.0648295353E+00
  4.4104238342E+00 -2.1666745793E-04  1.3296236620E+00  3.6460200536E-01 -5.1088304776E+00
  4.4251681349E+00 -1.9615087367E-04  1.3498128962E+00  3.7043482866E-01 -6.7093091384E+00
  4.4399083907E+00 -1.7562701412E-04  1.3700050837E+00  3.7711016221E-01 -8.9495821834E+00
  4.4546458774E+00 -1.5509833118E-04  1.3901992923E+00  3.8411673267E-01 -1.1804906343E+01
  4.4693812973E+00 -1.3456613567E-04  1.4103950092E+00  3.9066072267E-01 -1.5094285924E+01
  4.4841150422E+00 -1.1403113669E-04  1.4305919480E+00  3.9571440415E-01 -1.8462902140E+01
  4.4988473156E+00 -9.3493679693E-05  1.4507899603E+00  3.9814427749E-01 -2.1419869686E+01
  4.5135781642E+00 -7.2953790624E-05  1.4709890117E+00  3.9690575146E-01 -2.3440286091E+01
  4.5268342366E+00 -5.4464623690E-05  1.4891693912E+00  3.9203513827E-01 -2.4110547574E+01
</Path of -GradDelSqRho>
<Path of -GradDelSqRho>
Starting CP# =      4
Ending CP# =     21
Number of Points =     17
  4.1141003339E+00 -6.2261160403E-04  9.2689327709E-01  4.1765350771E-01 -9.7649063190E-01
  4.0993072904E+00 -6.4284577984E-04  9.0673973021E-01  4.2907588940E-01 -9.8656207676E-01
  4.0845192928E+00 -6.6308385985E-04  8.8658248050E-01  4.4155743585E-01 -1.0169610198E+00
  4.0697359706E+00 -6.8332786683E-04  8.6642180167E-01  4.5510944394E-01 -1.0679879673E+00
  4.0549566620E+00 -7.0357971158E-04  8.4625818033E-01  4.6973655153E-01 -1.1398848850E+00
  4.0401803898E+00 -7.2384119990E-04  8.2609233372E-01  4.8543604004E-01 -1.2326956213E+00
  4.0254058275E+00 -7.4411409272E-04  8.0592523433E-01  5.0219719041E-01 -1.3460971475E+00
  4.0106312442E+00 -7.6440023787E-04  7.8575815036E-01  5.2000080069E-01 -1.4792069941E+00
  3.9958544122E+00 -7.8470180892E-04  7.6559271403E-01  5.3881899294E-01 -1.6303743876E+00
  3.9810724503E+00 -8.0502172107E-04  7.4543103789E-01  5.5861545302E-01 -1.7969646422E+00
  3.9662815541E+00 -8.2536436987E-04  7.2527591551E-01  5.7934625944E-01 -1.9751475929E+00
  3.9514765103E+00 -8.4573701249E-04  7.0513118358E-01  6.0096146378E-01 -2.1597001004E+00
  3.9366497584E+00 -8.6615255948E-04  6.8500242503E-01  6.2340758593E-01 -2.3438277760E+00
  3.9217893594E+00 -8.8663587703E-04  6.6489849763E-01  6.4663117756E-01 -2.5189980842E+00
  3.9068738038E+00 -9.0724055348E-04  6.4483546910E-01  6.7058356115E-01 -2.6747487361E+00
  3.8918546592E+00 -9.2810736620E-04  6.2484992358E-01  6.9522654078E-01 -2.7983804167E+00
  3.8636190481E+00 -9.9879255279E-04  5.9526987650E-01  7.3657184804E-01 -2.8893327013E+00
</Path of -GradDelSqRho>
<Path of -GradDelSqRho>
Starting CP# =      7
Ending CP# =     13
Number of Points =     32
  3.4842976938E+00  1.6064341954E-01 -1.2386797017E-04  2.2577148541E+01  1.2299807667E+03
  3.4908609203E+00  1.8476648943E-01 -1.6044631155E-04  1.5664263859E+01  1.1480408787E+03
  3.4973979009E+00  2.0889668916E-01 -1.9703470535E-04  1.0978273790E+01  9.7838310156E+02
  3.5039284272E+00  2.3302863648E-01 -2.3362552696E-04  7.8114512179E+00  7.7044044110E+02
  3.5104437199E+00  2.5716470028E-01 -2.7022211570E-04  5.6794146739E+00  5.6990334562E+02
  3.5169285799E+00  2.8130895669E-01 -3.0683020196E-04  4.2449162659E+00  4.0567810747E+02
  3.5233664325E+00  3.0546578675E-01 -3.4345591203E-04  3.2771037928E+00  2.8299612442E+02
  3.5297405706E+00  3.2963950309E-01 -3.8010522807E-04  2.6209561710E+00  1.9475591384E+02
  3.5360353854E+00  3.5383399198E-01 -4.1678347095E-04  2.1730250417E+00  1.3178144020E+02
  3.5422355238E+00  3.7805291012E-01 -4.5349555992E-04  1.8639517917E+00  8.6883805121E+01
  3.5483220195E+00  4.0230062810E-01 -4.9024729788E-04  1.6469307227E+00  5.5164682983E+01
  3.5542666351E+00  4.2658350111E-01 -5.2704706314E-04  1.4903654099E+00  3.3230348696E+01
  3.5600249270E+00  4.5091119369E-01 -5.6390748005E-04  1.3731099289E+00  1.8530224127E+01
  3.5655261220E+00  4.7529822689E-01 -6.0084721043E-04  1.2812375166E+00  9.0411595542E+00
  3.5706550891E+00  4.9976605623E-01 -6.3789306137E-04  1.2057612943E+00  3.1642727039E+00
  3.5752158306E+00  5.2434562526E-01 -6.7508168919E-04  1.1410174260E+00 -3.1335081920E-01
  3.5788469391E+00  5.4907800831E-01 -7.1245549984E-04  1.0835628629E+00 -2.2630870305E+00
  3.5807830515E+00  5.7399372410E-01 -7.5001706262E-04  1.0315599449E+00 -3.2777143384E+00
  3.5789613783E+00  5.9887072708E-01 -7.8731045702E-04  9.8516405422E-01 -3.7437485812E+00
  3.5669071344E+00  6.2016317861E-01 -8.1860505662E-04  9.5301558267E-01 -3.9239475952E+00
  3.5436979918E+00  6.2877628500E-01 -8.3013003133E-04  9.4917369624E-01 -4.0243803473E+00
  3.5188633281E+00  6.3156362351E-01 -8.3277162534E-04  9.5468105740E-01 -4.1142611483E+00
  3.4939002580E+00  6.3289412164E-01 -8.3322307535E-04  9.6075721078E-01 -4.1967412867E+00
  3.4689059428E+00  6.3337531953E-01 -8.3244148309E-04  9.6621610389E-01 -4.2714071724E+00
  3.4439088583E+00  6.3306796163E-01 -8.3056342258E-04  9.7091466424E-01 -4.3378527448E+00
  3.4189338271E+00  6.3197426791E-01 -8.2764440976E-04  9.7482792135E-01 -4.3957606656E+00
  3.3940058450E+00  6.3009184422E-01 -8.2374188768E-04  9.7794717237E-01 -4.4449099266E+00
  3.3691502845E+00  6.2741821510E-01 -8.1892427655E-04  9.8027149641E-01 -4.4851787478E+00
  3.3443929399E+00  6.2395117525E-01 -8.1327449131E-04  9.8180712339E-01 -4.5165451862E+00
  3.3197600634E+00  6.1968888647E-01 -8.0689432508E-04  9.8256718216E-01 -4.5390856329E+00
  3.2952783956E+00  6.1462995307E-01 -7.9991132077E-04  9.8257138940E-01 -4.5529713162E+00
  3.2667468711E+00  6.0766772218E-01 -7.9117119127E-04  9.8164611342E-01 -4.5585854051E+00
</Path of -GradDelSqRho>
<Path of -GradDelSqRho>
Starting CP# =      7
Ending CP# =      1
Number of Points =      7
  3.4842976938E+00  1.6064341954E-01 -1.2386797017E-04  2.2577148541E+01  1.2299807667E+03
  3.4776760989E+00  1.3653630912E-01 -8.7312217037E-05  3.2809603438E+01  9.7778640668E+02
  3.4710050893E+00  1.1244282049E-01 -5.0775773491E-05  4.8060470636E+01 -8.0495952270E+02
  3.4643123189E+00  8.8355365739E-02 -1.4247888992E-05  7.0718396917E+01 -6.4076233553E+03
  3.4576036868E+00  6.4272324813E-02  2.2273726977E-05  1.0435587891E+02 -2.0699249411E+04
  3.4508688380E+00  4.0196601553E-02  5.8784930115E-05  1.5482562225E+02 -7.5536759575E+04
  3.4391480834E+00 -1.5410156123E-03  1.2208174152E-04  2.9719556857E+02 -3.3282483199E+06
</Path of -GradDelSqRho>
<Path of -GradDelSqRho>
Starting CP# =      8
Ending CP# =      1
Number of Points =      7
  3.4841519274E+00 -1.6376780860E-01  3.6573030983E-04  2.2576762453E+01  1.2299397910E+03
  3.4775520314E+00 -1.3965474803E-01  3.2951287168E-04  3.2808974102E+01  9.7777281921E+02
  3.4709027309E+00 -1.1555525860E-01  2.9331699976E-04  4.8059444417E+01 -8.0481584179E+02
  3.4642316736E+00 -9.1461780840E-02  2.5713068135E-04  7.0716759117E+01 -6.4071683144E+03
  3.4575447594E+00 -6.7372700133E-02  2.2095135395E-04  1.0435326034E+02 -2.0697552055E+04
  3.4508316350E+00 -4.3290909819E-02  1.8478362593E-04  1.5482154339E+02 -7.5531037031E+04
  3.4391480834E+00 -1.5410156123E-03  1.2208174152E-04  2.9719556857E+02 -3.3282483199E+06
</Path of -GradDelSqRho>
<Path of -GradDelSqRho>
Starting CP# =      8
Ending CP# =     14
Number of Points =     32
  3.4841519274E+00 -1.6376780860E-01  3.6573030983E-04  2.2576762453E+01  1.2299397910E+03
  3.4906934717E+00 -1.8789676767E-01  4.0197300143E-04  1.5664022245E+01  1.1480058163E+03
  3.4972087824E+00 -2.1203282795E-01  4.3822694361E-04  1.0978117267E+01  9.7835472708E+02
  3.5037176423E+00 -2.3617062863E-01  4.7448361166E-04  7.8113429643E+00  7.7041817707E+02
  3.5102112730E+00 -2.6031252996E-01  5.1074675625E-04  5.6793312244E+00  5.6988737993E+02
  3.5166744796E+00 -2.8446259231E-01  5.4702282331E-04  4.2448430323E+00  4.0566786857E+02
  3.5230906925E+00 -3.0862517952E-01  5.8331873538E-04  3.2770322690E+00  2.8299041381E+02
  3.5294432104E+00 -3.3280458685E-01  6.1964130004E-04  2.6208818752E+00  1.9475348716E+02
  3.5357164305E+00 -3.5700468436E-01  6.5599663828E-04  2.1729460415E+00  1.3178128682E+02
  3.5418950067E+00 -3.8122911279E-01  6.9239048652E-04  1.8638677104E+00  8.6885167749E+01
  3.5479599818E+00 -4.0548222306E-01  7.2882967608E-04  1.6468420898E+00  5.5166996566E+01
  3.5538831329E+00 -4.2977034120E-01  7.6532412362E-04  1.4902732301E+00  3.3233188695E+01
  3.5596200404E+00 -4.5410308605E-01  8.0188889321E-04  1.3730153922E+00  1.8533278358E+01
  3.5650999728E+00 -4.7849490656E-01  8.3854658795E-04  1.2811418007E+00  9.0442115755E+00
  3.5702078759E+00 -5.0296714281E-01  8.7533055373E-04  1.2056654274E+00  3.1671862452E+00
  3.5747479062E+00 -5.2755054758E-01  9.1228883917E-04  1.1409221708E+00 -3.1064916515E-01
  3.5783590053E+00 -5.5228586505E-01  9.4948539854E-04  1.0834685368E+00 -2.2606248142E+00
  3.5802767679E+00 -5.7720302139E-01  9.8696970157E-04  1.0314658479E+00 -3.2754860870E+00
  3.5784418636E+00 -6.0207922223E-01  1.0244164623E-03  9.8506526907E-01 -3.7417154811E+00
  3.5663879696E+00 -6.2337284463E-01  1.0565263613E-03  9.5288597715E-01 -3.9219869708E+00
  3.5431767976E+00 -6.3197793124E-01  1.0696076072E-03  9.4901838796E-01 -4.0223618902E+00
  3.5183400328E+00 -6.3474625994E-01  1.0739314075E-03  9.5451937258E-01 -4.1121810551E+00
  3.4933758865E+00 -6.3605639222E-01  1.0760696210E-03  9.6059186830E-01 -4.1946091680E+00
  3.4683811848E+00 -6.3651707167E-01  1.0769207781E-03  9.6604787718E-01 -4.2692335200E+00
  3.4433843615E+00 -6.3618916325E-01  1.0765552833E-03  9.7074418646E-01 -4.3356486232E+00
  3.4184102387E+00 -6.3507491680E-01  1.0749512049E-03  9.7465582882E-01 -4.3935375602E+00
  3.3934838155E+00 -6.3317196179E-01  1.0720745505E-03  9.7777410897E-01 -4.4426795864E+00
  3.3686304671E+00 -6.3047784582E-01  1.0678847016E-03  9.8009810847E-01 -4.4829530226E+00
  3.3438759906E+00 -6.2699038651E-01  1.0623329708E-03  9.8163405403E-01 -4.5143358615E+00
  3.3192466406E+00 -6.2270776853E-01  1.0553597708E-03  9.8239506562E-01 -4.5369042671E+00
  3.2947691594E+00 -6.1762861916E-01  1.0468895436E-03  9.8240084547E-01 -4.5508290823E+00
  3.2660719401E+00 -6.1059727335E-01  1.0347998593E-03  9.8146965132E-01 -4.5565028887E+00
</Path of -GradDelSqRho>
<Path of -GradDelSqRho>
Starting CP# =     12
Ending CP# =     13
Number of Points =     36
  2.7676508353E+00 -1.2780345225E-03  7.8853870032E-05  8.4478263311E-01 -3.3670237844E+00
  2.7682819811E+00  6.8224285155E-03  6.6720810387E-05  8.4567819423E-01 -3.3671807820E+00
  2.7684107458E+00  2.0276507200E-02  4.6532055089E-05  8.4548821830E-01 -3.3683922456E+00
  2.7694539425E+00  4.4530039004E-02  1.0216750300E-05  8.4551250429E-01 -3.3732722004E+00
