 AIMInt (Version 19.02.13, Professional)
 Portions Copyright (c) 1997-2019 by Todd A. Keith
 AIMInt is a component of the AIMAll package ( http://aim.tkgristmill.com )

 TP:  64-bit Linux

 Licensed To:  Research Group of Fernando Cortes Guzman, UNAM, fercor@unam.mx

 AIMInt is a heavily modified and extended version of the PROAIMV program
 developed by members of R.F.W. Bader's research group

 Much of the Quantum Theory of Atoms in Molecules (QTAIM) is described in the book:
   "Atoms in Molecules - A Quantum Theory"
   R.F.W. Bader, Oxford University Press, Oxford, 1990

 For additional references see:  http://aim.tkgristmill.com/references.html

 Current Directory:  /home/scratch/M_H2O_4_cuadrado_plano/Opt

 Inp File:  Fe2_cuadrado_plano_cc-pvtz-def2-tzv_1_atomicfiles/o4.inp
 Wfx File:  Fe2_cuadrado_plano_cc-pvtz-def2-tzv_1.wfx
 Out File:  Fe2_cuadrado_plano_cc-pvtz-def2-tzv_1_atomicfiles/o4.int

 Wfx Title:   Fe2_cuadrado_plano_cc-pvtz-def2-tzv_1                                         
 Job Title:   Fe2_cuadrado_plano_cc-pvtz-def2-tzv_1                                         
 
<Atom>
O4      
</Atom>
<Nuclei of Molecule>
    13
Fe1       26.0           6.6469427404E-04  -6.3747935490E-04  -4.4502506417E-04
O2         8.0           3.4391477590E+00  -1.5410151627E-03   1.2208174831E-04
H3         1.0           4.5323166269E+00  -4.4954133333E-03  -1.4963508524E+00
O4         8.0           1.6620549849E-03   3.4395448649E+00   2.8733829863E-04
H5         1.0          -1.4976588283E+00   4.5344011264E+00   2.0597880277E-03
O6         8.0          -3.4394542686E+00   2.9083471215E-03   1.2206285104E-04
H7         1.0          -4.5320896668E+00   2.3216630805E-03   1.4969402877E+00
O8         8.0          -2.7874962719E-03  -3.4390572194E+00   2.8737609315E-04
H9         1.0           1.4949372866E+00  -4.5362302851E+00   7.8945742940E-04
H10        1.0          -4.5329195967E+00   3.2951743954E-03  -1.4960983283E+00
H11        1.0          -1.5032196526E+00  -4.5324892311E+00  -1.9484422144E-04
H12        1.0           1.5005791801E+00   4.5349784557E+00   1.2338265295E-03
H13        1.0           4.5322282066E+00  -4.6846838368E-05   1.4966404449E+00
</Nuclei of Molecule>
<Total Number of CPs of DelSqRho>
    38
</Total Number of CPs of DelSqRho>
<Number of (3,+3) CPs of DelSqRho>
     5
</Number of (3,+3) CPs of DelSqRho>
<Number of (3,+1) CPs of DelSqRho>
    15
</Number of (3,+1) CPs of DelSqRho>
<Number of (3,-1) CPs of DelSqRho>
    12
</Number of (3,-1) CPs of DelSqRho>
<Number of (3,-3) CPs of DelSqRho>
     6
</Number of (3,-3) CPs of DelSqRho>
<Number of Degenerate CPs of DelSqRho>
     0
</Number of Degenerate CPs of DelSqRho>
<CP of DelSqRho>
CP# = 1       
Type = (3,+3)
Coords =  1.66205493141835E-03  3.43954520097978E+00  2.87338998867074E-04
DistFromNuc =  3.3603051341E-07
Rho =  2.9733525038E+02
DelSqRho = -3.3297247012E+06
GradDelSqRho =  6.7113394842E-09  6.6248976509E-06  3.3257094856E-09
HessDelSqRho_EigVals =  1.3241526080E+11  1.3241527847E+11  1.3241528566E+11
HessDelSqRho_EigVec1 =  2.8234623652E-04 -8.5053780771E-04  9.9999959843E-01
HessDelSqRho_EigVec2 = -3.1135382276E-04  9.9999958975E-01  8.5062570994E-04
HessDelSqRho_EigVec3 =  9.9999991167E-01  3.1159386869E-04 -2.8208130249E-04
</CP of DelSqRho>
<CP of DelSqRho>
CP# = 2       
Type = (3,-1)
Coords =  4.17986753019409E-04  1.97289985824045E+00 -4.69917475011188E-04
DistFromNuc =  1.4666457298E+00
Rho =  1.6066381617E-01
DelSqRho =  4.3839306105E-01
GradDelSqRho = -7.6377977293E-16 -7.7382544816E-14 -1.2902005853E-17
HessDelSqRho_EigVals = -7.5272385524E-01 -2.7484253250E-01  4.9610756867E+00
HessDelSqRho_EigVec1 =  9.1080049425E-05 -1.2540458837E-04  9.9999998799E-01
HessDelSqRho_EigVec2 =  9.9999999445E-01  5.3006885116E-05 -9.1073402707E-05
HessDelSqRho_EigVec3 = -5.2995463457E-05  9.9999999073E-01  1.2540941555E-04
</CP of DelSqRho>
<CP of DelSqRho>
CP# = 3       
Type = (3,+1)
Coords = -9.28563831441601E-01  4.12069041558818E+00  1.39132762244006E-03
DistFromNuc =  1.1529443524E+00
Rho =  4.1856178317E-01
DelSqRho = -1.0090349488E+00
GradDelSqRho = -4.4175774150E-13  2.5301982731E-13 -4.4662353243E-16
HessDelSqRho_EigVals = -3.2674896124E+01  1.5416755900E+01  1.6250846853E+01
HessDelSqRho_EigVec1 =  8.0706683299E-01 -5.9045932263E-01 -9.5676526835E-04
HessDelSqRho_EigVec2 =  4.4227508194E-04 -1.0158517419E-03  9.9999938622E-01
HessDelSqRho_EigVec3 =  5.9045993215E-01  8.0706676078E-01  5.5871480282E-04
</CP of DelSqRho>
<CP of DelSqRho>
CP# = 4       
Type = (3,+1)
Coords =  9.31645127398520E-01  4.12103772173541E+00  8.86475654526056E-04
DistFromNuc =  1.1529533329E+00
Rho =  4.1855219637E-01
DelSqRho = -1.0089914491E+00
GradDelSqRho =  4.2060799288E-13  2.4802382370E-13 -1.4437236129E-15
HessDelSqRho_EigVals = -3.2673320102E+01  1.5415931686E+01  1.6249966230E+01
HessDelSqRho_EigVec1 =  8.0684010276E-01  5.9076965933E-01  5.0812680061E-04
HessDelSqRho_EigVec2 =  1.3277649804E-04 -1.0414480740E-03  9.9999944888E-01
HessDelSqRho_EigVec3 = -5.9076986293E-01  8.0683959062E-01  9.1872239755E-04
</CP of DelSqRho>
<CP of DelSqRho>
CP# = 5       
Type = (3,-1)
Coords =  1.63436599452068E-03  3.60843166033242E+00  2.93347290816588E-04
DistFromNuc =  1.6888679776E-01
Rho =  2.2328641355E+01
DelSqRho =  1.2477881222E+03
GradDelSqRho = -1.6098233857E-15  3.1649904919E-11 -4.0245584643E-16
HessDelSqRho_EigVals = -4.0442600399E+05 -1.1508219104E+03  1.6237296717E+03
HessDelSqRho_EigVec1 = -1.6393099227E-04  9.9999998625E-01  2.5198372995E-05
HessDelSqRho_EigVec2 =  2.8575957716E-04 -2.5151527453E-05  9.9999995885E-01
HessDelSqRho_EigVec3 =  9.9999994573E-01  1.6393818620E-04 -2.8575545012E-04
</CP of DelSqRho>
<CP of DelSqRho>
CP# = 6       
Type = (3,-1)
Coords =  1.68946790505227E-03  3.27265804417575E+00  8.55262764488454E-05
DistFromNuc =  1.6688694505E-01
Rho =  2.2769760442E+01
DelSqRho =  1.2929493890E+03
GradDelSqRho = -1.8596235662E-14  5.8662408264E-11  2.9531932455E-14
HessDelSqRho_EigVals = -4.5258707659E+05 -2.8419931407E+03  3.1847654995E+02
HessDelSqRho_EigVec1 = -1.6425386995E-04  9.9999925038E-01  1.2133636752E-03
HessDelSqRho_EigVec2 =  2.8231492720E-04 -1.2133172719E-03  9.9999922408E-01
HessDelSqRho_EigVec3 =  9.9999994666E-01  1.6459629318E-04 -2.8211542351E-04
</CP of DelSqRho>
<CP of DelSqRho>
CP# = 7       
Type = (3,+1)
Coords =  1.69499357965209E-03  3.50696895894617E+00  1.54648764804730E-01
DistFromNuc =  1.6844423270E-01
Rho =  2.2515484751E+01
DelSqRho =  1.2379140886E+03
GradDelSqRho =  2.5535129566E-15  1.1795009414E-12 -1.8872015062E-11
HessDelSqRho_EigVals = -4.1128485298E+05  1.6343896098E+03  2.8888158184E+03
HessDelSqRho_EigVec1 =  1.9681572269E-04  3.9596647434E-01  9.1826494677E-01
HessDelSqRho_EigVec2 = -2.5980446150E-04  9.1826495381E-01 -3.9596642169E-01
HessDelSqRho_EigVec3 =  9.9999994688E-01  1.6063691257E-04 -2.8360283714E-04
</CP of DelSqRho>
<CP of DelSqRho>
CP# = 8       
Type = (3,+1)
Coords =  1.60710967590786E-03  3.50730253800486E+00 -1.53925847704630E-01
DistFromNuc =  1.6844231064E-01
Rho =  2.2515882053E+01
DelSqRho =  1.2379626937E+03
GradDelSqRho = -8.6597395921E-15 -8.8817841970E-13 -1.9127810447E-11
HessDelSqRho_EigVals = -4.1132995604E+05  1.6318043704E+03  2.8868632337E+03
HessDelSqRho_EigVec1 =  3.2601149120E-04 -3.9795193031E-01  9.1740621040E-01
HessDelSqRho_EigVec2 = -4.0806994928E-05  9.1740625309E-01  3.9795196333E-01
HessDelSqRho_EigVec3 =  9.9999994603E-01  1.6717350357E-04 -2.8284575820E-04
</CP of DelSqRho>
<CP of DelSqRho>
CP# = 9       
Type = (3,-3)
Coords =  1.09856168856807E-01  3.31221447693422E+00  9.45525344060239E-05
DistFromNuc =  1.6708988945E-01
Rho =  2.2696286858E+01
DelSqRho =  1.2939932452E+03
GradDelSqRho = -7.5601747085E-12 -1.2505552149E-11 -1.5321077740E-14
HessDelSqRho_EigVals = -4.4811729990E+05 -3.1170324516E+03 -5.4225398330E+02
HessDelSqRho_EigVec1 = -6.4498594686E-01  7.6419355107E-01  1.1596816651E-03
HessDelSqRho_EigVec2 =  4.3523966862E-04 -1.1501763097E-03  9.9999924383E-01
HessDelSqRho_EigVec3 =  7.6419430705E-01  6.4498596388E-01  4.0924020821E-04
</CP of DelSqRho>
<CP of DelSqRho>
CP# = 10      
Type = (3,-3)
Coords = -1.06492223575189E-01  3.31218054869404E+00  1.55683413420356E-04
DistFromNuc =  1.6708989903E-01
Rho =  2.2696286052E+01
DelSqRho =  1.2939933132E+03
GradDelSqRho =  1.1823431123E-11  9.0949470177E-13  4.8405723874E-14
HessDelSqRho_EigVals = -4.4811707558E+05 -3.1170460113E+03 -5.4227037993E+02
HessDelSqRho_EigVec1 =  6.4474675841E-01  7.6439583013E-01  7.9523405628E-04
HessDelSqRho_EigVec2 =  1.3166451287E-04 -1.1513979478E-03  9.9999932847E-01
HessDelSqRho_EigVec3 =  7.6439623245E-01 -6.4474622074E-01 -8.4300389911E-04
</CP of DelSqRho>
<CP of DelSqRho>
CP# = 11      
Type = (3,-1)
Coords =  6.67113560905477E-01  3.18694437661128E+00 -7.59615316080185E-05
DistFromNuc =  7.1178145904E-01
Rho =  6.8445081973E-01
DelSqRho = -1.0707348977E+00
GradDelSqRho =  3.1086244690E-14 -4.4408920985E-15 -7.8062556419E-18
HessDelSqRho_EigVals = -1.7030990700E+01 -1.1302654553E+01  1.4881739969E+02
HessDelSqRho_EigVec1 =  3.8208916841E-01  9.2412507905E-01  8.4003219727E-04
HessDelSqRho_EigVec2 =  1.8793036951E-04 -9.8670402177E-04  9.9999949555E-01
HessDelSqRho_EigVec3 =  9.2412544174E-01 -3.8208881780E-01 -5.5068008673E-04
</CP of DelSqRho>
<CP of DelSqRho>
CP# = 12      
Type = (3,-1)
Coords = -6.63722535024043E-01  3.18676311433567E+00  2.83717486994359E-04
DistFromNuc =  7.1178315945E-01
Rho =  6.8446702771E-01
DelSqRho = -1.0708119901E+00
GradDelSqRho =  9.3258734069E-15  3.5527136788E-15 -1.7347234760E-18
HessDelSqRho_EigVals = -1.7033091147E+01 -1.1303190168E+01  1.4881794686E+02
HessDelSqRho_EigVec1 = -3.8234087685E-01  9.2402088405E-01  9.2721887979E-04
HessDelSqRho_EigVec2 =  3.0371277419E-04 -8.7779041082E-04  9.9999956862E-01
HessDelSqRho_EigVec3 =  9.2402129935E-01  3.8234099352E-01  5.4978209258E-05
</CP of DelSqRho>
<CP of DelSqRho>
CP# = 13      
Type = (3,-1)
Coords =  1.53607709055324E-03  4.15930134896880E+00  8.85316431408893E-04
DistFromNuc =  7.1975674345E-01
Rho =  6.8090500382E-01
DelSqRho = -1.1363235815E+00
GradDelSqRho = -3.1810491741E-15  5.6310511809E-13  6.4666848265E-13
HessDelSqRho_EigVals = -1.9485331035E+01 -4.6347702835E+00  1.3918204845E+02
HessDelSqRho_EigVec1 =  9.9999995290E-01  1.7719368375E-04 -2.5061644687E-04
HessDelSqRho_EigVec2 =  2.5075782460E-04 -7.9829968707E-04  9.9999964992E-01
HessDelSqRho_EigVec3 = -1.7699355469E-04  9.9999966566E-01  7.9834408217E-04
</CP of DelSqRho>
<CP of DelSqRho>
CP# = 14      
Type = (3,+1)
Coords =  1.73408483175583E-03  2.77511687960334E+00 -3.60236566063846E-04
DistFromNuc =  6.6442830483E-01
Rho =  8.7358500834E-01
DelSqRho = -3.6616138288E+00
GradDelSqRho = -1.2446640940E-16 -3.1974423109E-14 -3.8163916471E-17
HessDelSqRho_EigVals = -5.3371425407E+00  2.0951838018E+01  2.5419921420E+02
HessDelSqRho_EigVec1 =  2.5612150871E-04 -1.0103629997E-03  9.9999945678E-01
HessDelSqRho_EigVec2 =  9.9999996031E-01  1.1762061020E-04 -2.5600279810E-04
HessDelSqRho_EigVec3 = -1.1736189055E-04  9.9999948267E-01  1.0103930847E-03
</CP of DelSqRho>
<CP of DelSqRho>
CP# = 15      
Type = (3,+3)
Coords =  1.84165861096680E-03  3.10589922426108E+00  5.52243785818521E-01
DistFromNuc =  6.4496152270E-01
Rho =  9.3240877807E-01
DelSqRho = -4.2073798697E+00
GradDelSqRho =  1.3704315460E-16  0.0000000000E+00  4.9737991503E-14
HessDelSqRho_EigVals =  7.5613721399E+00  2.2349663650E+01  3.0964280648E+02
HessDelSqRho_EigVec1 =  5.8322361341E-05  8.6878250821E-01  4.9519385095E-01
HessDelSqRho_EigVec2 =  9.9999995681E-01  9.1976304133E-05 -2.7914272917E-04
HessDelSqRho_EigVec3 =  2.8806042064E-04 -4.9519384584E-01  8.6878246533E-01
</CP of DelSqRho>
<CP of DelSqRho>
CP# = 16      
Type = (3,+3)
Coords =  1.54580936101813E-03  3.10743572660091E+00 -5.52531223321465E-01
DistFromNuc =  6.4490685789E-01
Rho =  9.3258328274E-01
DelSqRho = -4.2087308223E+00
GradDelSqRho = -7.8713077722E-16  1.7301715616E-12 -2.8421709430E-12
HessDelSqRho_EigVals =  7.5731403717E+00  2.2352167571E+01  3.0985890923E+02
HessDelSqRho_EigVec1 = -2.5958500645E-04  8.7012004960E-01 -4.9283976290E-01
HessDelSqRho_EigVec2 =  9.9999994975E-01  1.3618472737E-04 -2.8627546374E-04
HessDelSqRho_EigVec3 =  1.8197677196E-04  4.9283981245E-01  8.7012004123E-01
</CP of DelSqRho>
<CP of DelSqRho>
CP# = 17      
Type = (3,+1)
Coords =  4.47868122288523E-01  3.70929857647117E+00  4.48036333808663E-01
DistFromNuc =  6.8727438651E-01
Rho =  7.8539864693E-01
DelSqRho = -2.5155125225E+00
GradDelSqRho =  1.0658141036E-14  2.6645352591E-15  2.1316282073E-14
HessDelSqRho_EigVals = -1.2971375153E+01  1.2132911413E+01  1.9236848551E+02
HessDelSqRho_EigVec1 =  5.1532303522E-01  5.1328117297E-01 -6.8628318269E-01
HessDelSqRho_EigVec2 =  6.1050235088E-01 -7.8187077850E-01 -1.2635254370E-01
HessDelSqRho_EigVec3 =  6.0143914816E-01  3.5386512008E-01  7.1627538548E-01
</CP of DelSqRho>
<CP of DelSqRho>
CP# = 18      
Type = (3,+1)
Coords = -4.44405880533435E-01  3.70915205295519E+00  4.48269103493168E-01
DistFromNuc =  6.8727891054E-01
Rho =  7.8539025603E-01
DelSqRho = -2.5153731309E+00
GradDelSqRho = -8.8817841970E-15  3.5527136788E-15  1.5543122345E-14
HessDelSqRho_EigVals = -1.2973046544E+01  1.2131599590E+01  1.9235982958E+02
HessDelSqRho_EigVec1 = -5.1584446864E-01  5.1311458614E-01 -6.8601596604E-01
HessDelSqRho_EigVec2 =  6.1031443282E-01  7.8206839488E-01  1.2603697400E-01
HessDelSqRho_EigVec3 = -6.0118281518E-01  3.5366996934E-01  7.1658689321E-01
</CP of DelSqRho>
<CP of DelSqRho>
CP# = 19      
Type = (3,+1)
Coords =  4.47810190136985E-01  3.71030831965275E+00 -4.46915994898040E-01
DistFromNuc =  6.8727856661E-01
Rho =  7.8539349876E-01
DelSqRho = -2.5157310971E+00
GradDelSqRho = -1.0658141036E-14 -8.8817841970E-15 -4.4408920985E-15
HessDelSqRho_EigVals = -1.2975364266E+01  1.2138070151E+01  1.9237796137E+02
HessDelSqRho_EigVec1 =  5.1549421603E-01  5.1167704685E-01  6.8735166615E-01
HessDelSqRho_EigVec2 =  6.1046607217E-01 -7.8220349703E-01  1.2445426457E-01
HessDelSqRho_EigVec3 = -6.0132926752E-01 -3.5544941829E-01  7.1558285549E-01
</CP of DelSqRho>
<CP of DelSqRho>
CP# = 20      
Type = (3,+1)
Coords = -4.44831780551569E-01  3.71016298328712E+00 -4.46660439849719E-01
DistFromNuc =  6.8727958469E-01
Rho =  7.8540009897E-01
DelSqRho = -2.5157967903E+00
GradDelSqRho = -3.3750779949E-14  1.0658141036E-14 -2.7533531011E-14
HessDelSqRho_EigVals = -1.2975066890E+01  1.2138951567E+01  1.9237611286E+02
HessDelSqRho_EigVec1 = -5.1526845958E-01  5.1150927658E-01  6.8764574785E-01
HessDelSqRho_EigVec2 =  6.1014230415E-01  7.8240098252E-01 -1.2480012514E-01
HessDelSqRho_EigVec3 =  6.0185113047E-01 -3.5525619279E-01  7.1523999765E-01
</CP of DelSqRho>
<CP of DelSqRho>
CP# = 21      
Type = (3,+3)
Coords =  5.86809544653001E-01  3.86213873265683E+00  6.69352469006260E-04
DistFromNuc =  7.2179173424E-01
Rho =  7.5988649246E-01
DelSqRho = -3.1711891118E+00
GradDelSqRho = -1.7763568394E-14 -1.6431300764E-14 -3.2959746044E-17
HessDelSqRho_EigVals =  1.2811852305E+01  2.3748835864E+01  1.4204988047E+02
HessDelSqRho_EigVec1 =  7.9450226918E-05 -1.0235350649E-03  9.9999947303E-01
HessDelSqRho_EigVec2 = -5.8058562149E-01  8.1419872428E-01  8.7948906697E-04
HessDelSqRho_EigVec3 =  8.1419919541E-01  5.8058538541E-01  5.2956146839E-04
</CP of DelSqRho>
<CP of DelSqRho>
CP# = 22      
Type = (3,+3)
Coords = -5.83630693960905E-01  3.86194108362972E+00  9.64447820895652E-04
DistFromNuc =  7.2179403295E-01
Rho =  7.5988532300E-01
DelSqRho = -3.1711338838E+00
GradDelSqRho = -2.2648549702E-14  2.5313084961E-14 -1.4745149546E-17
HessDelSqRho_EigVals =  1.2812144623E+01  2.3749014376E+01  1.4204623197E+02
HessDelSqRho_EigVec1 =  4.3313155616E-04 -9.8204223931E-04  9.9999942399E-01
HessDelSqRho_EigVec2 =  5.8032061670E-01  8.1438791806E-01  5.4840847882E-04
HessDelSqRho_EigVec3 =  8.1438798753E-01 -5.8032004490E-01 -9.2263646420E-04
</CP of DelSqRho>
<CP of DelSqRho>
CP# = 23      
Type = (3,-1)
Coords =  1.84922159315323E-03  2.17842880641071E+00 -1.88547133632165E-03
DistFromNuc =  1.2611179442E+00
Rho =  2.3851048051E-01
DelSqRho =  4.8193373068E-01
GradDelSqRho = -2.5207700510E-18  2.5257573810E-15 -2.4338644706E-17
HessDelSqRho_EigVals = -7.7747659370E+00 -2.0156170049E-01  6.4795094273E-01
HessDelSqRho_EigVec1 = -2.9684055602E-04  9.9999747488E-01  2.2275826766E-03
HessDelSqRho_EigVec2 =  1.4482856770E-04 -2.2275397605E-03  9.9999750854E-01
HessDelSqRho_EigVec3 =  9.9999994546E-01  2.9716243406E-04 -1.4416697785E-04
</CP of DelSqRho>
<CP of DelSqRho>
CP# = 24      
Type = (3,-3)
Coords =  1.57237962261457E-03  4.52328134765947E+00  4.23588548600112E-01
DistFromNuc =  1.1634726841E+00
Rho =  2.4808033411E-01
DelSqRho =  8.5780618802E-01
GradDelSqRho =  1.0600786741E-16 -9.8254737679E-15 -7.7576833846E-15
HessDelSqRho_EigVals = -1.7522449371E+01 -2.8615601036E+00 -1.3770680668E-01
HessDelSqRho_EigVec1 = -7.3352156354E-05  9.3023316140E-01  3.6696901783E-01
HessDelSqRho_EigVec2 =  9.9999995250E-01  1.7808734426E-04 -2.5154875726E-04
HessDelSqRho_EigVec3 =  2.9935153352E-04 -3.6696898195E-01  9.3023313028E-01
</CP of DelSqRho>
<CP of DelSqRho>
CP# = 25      
Type = (3,+1)
Coords =  1.81377939590146E-03  2.28435867215509E+00  4.65264701960755E-01
DistFromNuc =  1.2452546373E+00
Rho =  2.4160436952E-01
DelSqRho =  4.7218278803E-01
GradDelSqRho = -3.2634485392E-17 -6.3143934526E-16 -1.0061396161E-15
HessDelSqRho_EigVals = -1.0645022093E+01  2.3557213493E-01  7.4665091413E-01
HessDelSqRho_EigVec1 = -1.4799503594E-04  9.1358774325E-01 -4.0664162782E-01
HessDelSqRho_EigVec2 = -1.2218262214E-04  4.0664161272E-01  9.1358775379E-01
HessDelSqRho_EigVec3 =  9.9999998158E-01  1.8489099281E-04  5.1443605936E-05
</CP of DelSqRho>
<CP of DelSqRho>
CP# = 26      
Type = (3,-3)
Coords =  1.35105663734949E-03  4.52421684709097E+00 -4.20554270879348E-01
DistFromNuc =  1.1634522189E+00
Rho =  2.4807709869E-01
DelSqRho =  8.5783941956E-01
GradDelSqRho = -3.5616041366E-16 -1.3211653993E-14  7.3691053259E-15
HessDelSqRho_EigVals = -1.7522906438E+01 -2.8604695127E+00 -1.3807685416E-01
HessDelSqRho_EigVec1 = -2.6567809819E-04  9.3105494414E-01 -3.6487891198E-01
HessDelSqRho_EigVec2 =  9.9999994969E-01  1.8412641036E-04 -2.5829467535E-04
HessDelSqRho_EigVec3 =  1.7330269025E-04  3.6487896224E-01  9.3105494622E-01
</CP of DelSqRho>
<CP of DelSqRho>
CP# = 27      
Type = (3,+1)
Coords =  1.66302696414885E-03  2.28459187363680E+00 -4.65217934381089E-01
DistFromNuc =  1.2452355484E+00
Rho =  2.4159686932E-01
DelSqRho =  4.7240597992E-01
GradDelSqRho = -1.6588293239E-17 -6.5225602697E-16  4.2327252814E-16
HessDelSqRho_EigVals = -1.0644954186E+01  2.3356186940E-01  7.4589378744E-01
HessDelSqRho_EigVec1 = -3.4102074404E-05  9.1338617432E-01  4.0709420948E-01
HessDelSqRho_EigVec2 =  5.1209773397E-04 -4.0709414039E-01  9.1338606220E-01
HessDelSqRho_EigVec3 =  9.9999986830E-01  2.3962038164E-04 -4.5386023544E-04
</CP of DelSqRho>
<CP of DelSqRho>
CP# = 28      
Type = (3,-1)
Coords =  7.02835341098014E-01  3.56299002322357E+00  9.47867010157532E-01
DistFromNuc =  1.1852383384E+00
Rho =  2.4341088689E-01
DelSqRho =  7.3460935427E-01
GradDelSqRho =  7.4940054162E-16  1.1969591984E-16  3.3861802251E-15
HessDelSqRho_EigVals = -1.7434478017E+01 -1.3586860590E+00  3.1376252653E-01
HessDelSqRho_EigVec1 =  5.8134813837E-01  8.2338942648E-02  8.0947800497E-01
HessDelSqRho_EigVec2 =  5.4268216217E-01  7.0202306529E-01 -4.6115039485E-01
HessDelSqRho_EigVec3 = -6.0624286625E-01  7.0737819752E-01  3.6343592667E-01
</CP of DelSqRho>
<CP of DelSqRho>
CP# = 29      
Type = (3,-1)
Coords = -6.99158874318035E-01  3.56270125859142E+00  9.48170587719938E-01
DistFromNuc =  1.1852426447E+00
Rho =  2.4341562964E-01
DelSqRho =  7.3458869987E-01
GradDelSqRho =  1.3877787808E-15  2.2828960944E-15 -2.9143354396E-15
HessDelSqRho_EigVals = -1.7433413580E+01 -1.3592249670E+00  3.1387431339E-01
HessDelSqRho_EigVec1 = -5.8103491276E-01  8.2099791239E-02  8.0972714814E-01
HessDelSqRho_EigVec2 =  5.4309146117E-01 -7.0188973436E-01  4.6087141982E-01
HessDelSqRho_EigVec3 =  6.0617662026E-01  7.0753828524E-01  3.6323474499E-01
</CP of DelSqRho>
<CP of DelSqRho>
CP# = 30      
Type = (3,-1)
Coords =  7.02437973047041E-01  3.56499061562218E+00 -9.47306584908352E-01
DistFromNuc =  1.1852247749E+00
Rho =  2.4340342325E-01
DelSqRho =  7.3470171562E-01
GradDelSqRho = -4.9960036108E-16 -4.9786563761E-16 -9.2981178312E-16
HessDelSqRho_EigVals = -1.7437303434E+01 -1.3575351125E+00  3.1340135442E-01
HessDelSqRho_EigVec1 = -5.8103071749E-01 -8.4047930393E-02  8.0953026548E-01
HessDelSqRho_EigVec2 =  5.4287774872E-01  7.0103121871E-01  4.6242727033E-01
HessDelSqRho_EigVec3 = -6.0637204362E-01  7.0816041671E-01 -3.6169292075E-01
</CP of DelSqRho>
<CP of DelSqRho>
CP# = 31      
Type = (3,-1)
Coords = -6.99678664105635E-01  3.56477062221979E+00 -9.46927842554369E-01
DistFromNuc =  1.1852328435E+00
Rho =  2.4340815942E-01
DelSqRho =  7.3466398407E-01
GradDelSqRho =  2.7061686225E-15 -7.1644079558E-16  1.0408340856E-15
HessDelSqRho_EigVals = -1.7436471107E+01 -1.3575719095E+00  3.1357234237E-01
HessDelSqRho_EigVec1 =  5.8149693869E-01 -8.3874919553E-02  8.0921338852E-01
HessDelSqRho_EigVec2 =  5.4284367155E-01 -7.0085857971E-01 -4.6272886175E-01
HessDelSqRho_EigVec3 =  6.0595549222E-01  7.0835178345E-01 -3.6201614928E-01
</CP of DelSqRho>
<CP of DelSqRho>
CP# = 32      
Type = (3,-3)
Coords = -1.05544264332029E+00  3.01090400102688E+00  1.14136100281643E-04
DistFromNuc =  1.1407030128E+00
Rho =  2.4712908688E-01
DelSqRho =  8.7112286121E-01
GradDelSqRho =  2.4424906542E-15  3.7747582837E-15 -1.5460722980E-16
HessDelSqRho_EigVals = -1.8075890969E+01 -1.9566536857E+00 -5.8697397659E-01
HessDelSqRho_EigVec1 =  9.1244879402E-01  4.0919086109E-01  1.9363901031E-04
HessDelSqRho_EigVec2 = -4.0919081681E-01  9.1244817692E-01  1.0953887840E-03
HessDelSqRho_EigVec3 =  2.7153751781E-04 -1.0787214797E-03  9.9999938131E-01
</CP of DelSqRho>
<CP of DelSqRho>
CP# = 33      
Type = (3,-1)
Coords =  1.44820835353128E-03  4.60418910910062E+00  2.32522125135598E-03
DistFromNuc =  1.1646460467E+00
Rho =  2.5113649930E-01
DelSqRho =  8.5405659022E-01
GradDelSqRho =  4.0326899806E-16 -3.4416913763E-15 -1.1546753137E-17
HessDelSqRho_EigVals = -1.6829998851E+01 -3.9555824859E+00  8.7127876495E-02
HessDelSqRho_EigVec1 = -1.7905566871E-04  9.9999848747E-01  1.7300298612E-03
HessDelSqRho_EigVec2 =  9.9999994871E-01  1.7951484288E-04 -2.6526237366E-04
HessDelSqRho_EigVec3 =  2.6557253848E-04 -1.7299822757E-03  9.9999846832E-01
</CP of DelSqRho>
<CP of DelSqRho>
CP# = 34      
Type = (3,-3)
Coords =  1.05887613333382E+00  3.01121643017254E+00 -3.89144246104044E-04
DistFromNuc =  1.1406872109E+00
Rho =  2.4712071805E-01
DelSqRho =  8.7110496347E-01
GradDelSqRho = -1.5289991495E-12  1.0825784713E-12 -1.5327670773E-12
HessDelSqRho_EigVals = -1.8077257933E+01 -1.9558367789E+00 -5.8669609652E-01
HessDelSqRho_EigVec1 =  9.1256467286E-01 -4.0893191916E-01 -6.3509009648E-04
HessDelSqRho_EigVec2 =  4.0893236019E-01  9.1256424016E-01  9.1234136630E-04
HessDelSqRho_EigVec3 =  2.0647500548E-04 -1.0922793926E-03  9.9999938215E-01
</CP of DelSqRho>
<CP of DelSqRho>
CP# = 35      
Type = (3,+1)
Coords =  1.32981541687019E+00  4.67017528501154E+00  8.51266543224901E-01
DistFromNuc =  2.0006519414E+00
Rho =  7.4323435909E-02
DelSqRho =  1.8327548730E-01
GradDelSqRho = -7.2858385991E-16 -3.2265856653E-16  1.3183898417E-16
HessDelSqRho_EigVals = -1.7513682055E+00  2.8919043178E-02  5.7645355677E-01
HessDelSqRho_EigVec1 =  3.6313389546E-01  5.0726055974E-01  7.8155006141E-01
HessDelSqRho_EigVec2 = -5.4907870311E-01  7.9418772584E-01 -2.6034291599E-01
HessDelSqRho_EigVec3 =  7.5275915920E-01  3.3459315690E-01 -5.6692245290E-01
</CP of DelSqRho>
<CP of DelSqRho>
CP# = 36      
Type = (3,+1)
Coords = -1.32608222306825E+00  4.67020529674681E+00  8.51821006754993E-01
DistFromNuc =  2.0006347880E+00
Rho =  7.4325765678E-02
DelSqRho =  1.8328707420E-01
GradDelSqRho =  5.5684623579E-16 -6.2623517483E-16 -1.2073675393E-15
HessDelSqRho_EigVals = -1.7515524070E+00  2.8898362581E-02  5.7646151002E-01
HessDelSqRho_EigVec1 = -3.6251258501E-01  5.0759747841E-01  7.8161974490E-01
HessDelSqRho_EigVec2 =  5.4840990559E-01  7.9428001043E-01 -2.6146862238E-01
HessDelSqRho_EigVec3 =  7.5354575253E-01 -3.3386234431E-01  5.6630798501E-01
</CP of DelSqRho>
<CP of DelSqRho>
CP# = 37      
Type = (3,+1)
Coords =  1.32940412082964E+00  4.67216456470742E+00 -8.48338005132534E-01
DistFromNuc =  2.0006037317E+00
Rho =  7.4327057203E-02
DelSqRho =  1.8330612281E-01
GradDelSqRho = -4.7531423242E-16 -9.7144514655E-17 -1.7347234760E-16
HessDelSqRho_EigVals = -1.7520544339E+00  2.8876124324E-02  5.7637599365E-01
HessDelSqRho_EigVec1 = -3.6265454267E-01 -5.0905480412E-01  7.8060546314E-01
HessDelSqRho_EigVec2 = -5.4892266655E-01  7.9358525278E-01  2.6250019566E-01
HessDelSqRho_EigVec3 =  7.5310396947E-01  3.3329514393E-01  5.6722901742E-01
</CP of DelSqRho>
<CP of DelSqRho>
CP# = 38      
Type = (3,+1)
Coords = -1.32684539371884E+00  4.67188798346808E+00 -8.47557837735781E-01
DistFromNuc =  2.0006106682E+00
Rho =  7.4327108330E-02
DelSqRho =  1.8330163679E-01
GradDelSqRho =  5.5684623579E-16 -9.6450625264E-16  1.3114509478E-15
HessDelSqRho_EigVals = -1.7518806708E+00  2.8885720732E-02  5.7640603835E-01
HessDelSqRho_EigVec1 =  3.6316839130E-01 -5.0912763670E-01  7.8031901752E-01
HessDelSqRho_EigVec2 =  5.4865932240E-01  7.9375365206E-01  2.6254159248E-01
HessDelSqRho_EigVec3 =  7.5304825045E-01 -3.3278249562E-01 -5.6760386108E-01
</CP of DelSqRho>
<Path of -GradDelSqRho>
Starting CP# =      3
Ending CP# =     22
Number of Points =     18
 -9.2856383144E-01  4.1206904156E+00  1.3913276224E-03  4.1856178317E-01 -1.0090349488E+00
 -9.0838765288E-01  4.1059282597E+00  1.3674070921E-03  4.3012778548E-01 -1.0193005700E+00
 -8.8821240576E-01  4.0911648309E+00  1.3434839731E-03  4.4276735707E-01 -1.0503524955E+00
 -8.6803803225E-01  4.0764002083E+00  1.3195584946E-03  4.5649440047E-01 -1.1026173817E+00
 -8.4786459993E-01  4.0616342997E+00  1.2956304949E-03  4.7131624058E-01 -1.1764953192E+00
 -8.2769233152E-01  4.0468668011E+00  1.2716993378E-03  4.8723288403E-01 -1.2722254600E+00
 -8.0752163696E-01  4.0320971529E+00  1.2477638215E-03  5.0423631118E-01 -1.3897215080E+00
 -7.8735315182E-01  4.0173244879E+00  1.2238220679E-03  5.2230990597E-01 -1.5283822552E+00
 -7.6718778861E-01  4.0025475616E+00  1.1998713696E-03  5.4142814893E-01 -1.6868846045E+00
 -7.4702681160E-01  3.9877646517E+00  1.1759079622E-03  5.6155671529E-01 -1.8629688236E+00
 -7.2687195379E-01  3.9729734003E+00  1.1519266610E-03  5.8265313345E-01 -2.0532274464E+00
 -7.0672561221E-01  3.9581705519E+00  1.1279202456E-03  6.0466816658E-01 -2.2529092227E+00
 -6.8659119948E-01  3.9433514831E+00  1.1038783372E-03  6.2754808312E-01 -2.4557459659E+00
 -6.6647384297E-01  3.9285092701E+00  1.0797851432E-03  6.5123797965E-01 -2.6537996197E+00
 -6.4638198052E-01  3.9136325686E+00  1.0556142619E-03  6.7568631295E-01 -2.8373030780E+00
 -6.2633182607E-01  3.8986997183E+00  1.0313140382E-03  7.0085076031E-01 -2.9944206487E+00
 -6.0636500671E-01  3.8836557186E+00  1.0067493591E-03  7.2670512209E-01 -3.1107668623E+00
 -5.8363069396E-01  3.8619410836E+00  9.6444782090E-04  7.5988532300E-01 -3.1711338838E+00
</Path of -GradDelSqRho>
<Path of -GradDelSqRho>
Starting CP# =      3
Ending CP# =      0
Number of Points =     29
 -9.2856383144E-01  4.1206904156E+00  1.3913276224E-03  4.1856178317E-01 -1.0090349488E+00
 -9.4874105418E-01  4.1354511442E+00  1.4152451500E-03  4.0804955927E-01 -1.0192030884E+00
 -9.6891956873E-01  4.1502101069E+00  1.4391588420E-03  3.9856601065E-01 -1.0495904195E+00
 -9.8909962179E-01  4.1649669658E+00  1.4630678442E-03  3.9008114654E-01 -1.1001428246E+00
 -1.0092814573E+00  4.1797213869E+00  1.4869712984E-03  3.8256034885E-01 -1.1709391338E+00
 -1.0294652803E+00  4.1944730891E+00  1.5108684660E-03  3.7596448737E-01 -1.2620980432E+00
 -1.0496512186E+00  4.2092218967E+00  1.5347588668E-03  3.7024995245E-01 -1.3735949356E+00
 -1.0698392815E+00  4.2239677959E+00  1.5586424389E-03  3.6536873153E-01 -1.5049576905E+00
 -1.0900293128E+00  4.2387110000E+00  1.5825197338E-03  3.6126874712E-01 -1.6548174284E+00
 -1.1102209302E+00  4.2534520317E+00  1.6063921683E-03  3.5789479586E-01 -1.8203292591E+00
 -1.1304134436E+00  4.2681918360E+00  1.6302623785E-03  3.5519056353E-01 -1.9965745855E+00
 -1.1506057339E+00  4.2829319460E+00  1.6541347356E-03  3.5310229033E-01 -2.1762295125E+00
 -1.1707960971E+00  4.2976746954E+00  1.6780160188E-03  3.5158462455E-01 -2.3500209831E+00
 -1.1909822216E+00  4.3124232479E+00  1.7019155863E-03  3.5060888205E-01 -2.5087143950E+00
 -1.2111622903E+00  4.3271800852E+00  1.7258410598E-03  3.5017316660E-01 -2.6474158101E+00
 -1.2313402603E+00  4.3419397922E+00  1.7497770667E-03  3.5031252849E-01 -2.7726012402E+00
 -1.2515327907E+00  4.3566795680E+00  1.7736563893E-03  3.5110569202E-01 -2.9113321393E+00
 -1.2717542745E+00  4.3713795960E+00  1.7974191807E-03  3.5267328118E-01 -3.1206332420E+00
 -1.2919998264E+00  4.3860464630E+00  1.8210835796E-03  3.5516168099E-01 -3.4933841907E+00
 -1.3122591692E+00  4.4006942767E+00  1.8446908451E-03  3.5870776361E-01 -4.1559625137E+00
 -1.3325258682E+00  4.4153319114E+00  1.8682671720E-03  3.6338316670E-01 -5.2529179185E+00
 -1.3527966845E+00  4.4299638439E+00  1.8918258218E-03  3.6912288496E-01 -6.9156345176E+00
 -1.3730699967E+00  4.4445923180E+00  1.9153734349E-03  3.7565104748E-01 -9.2157891745E+00
 -1.3933449567E+00  4.4592185083E+00  1.9389134651E-03  3.8242508557E-01 -1.2111111634E+01
 -1.4136211010E+00  4.4738430568E+00  1.9624477735E-03  3.8862479965E-01 -1.5400158137E+01
 -1.4338981708E+00  4.4884663221E+00  1.9859773691E-03  3.9321041970E-01 -1.8710774793E+01
 -1.4541760284E+00  4.5030884948E+00  2.0095027443E-03  3.9505932653E-01 -2.1545687106E+01
 -1.4744546321E+00  4.5177096329E+00  2.0330239403E-03  3.9316474027E-01 -2.3390818272E+01
 -1.4906781973E+00  4.5294055971E+00  2.0518369039E-03  3.8848304699E-01 -2.3886971109E+01
</Path of -GradDelSqRho>
<Path of -GradDelSqRho>
Starting CP# =      4
Ending CP# =      0
Number of Points =     29
  9.3164512740E-01  4.1210377217E+00  8.8647565453E-04  4.1855219637E-01 -1.0089914491E+00
  9.5181667402E-01  4.1358062202E+00  8.9916984698E-04  4.0804006909E-01 -1.0191590849E+00
  9.7198949570E-01  4.1505729769E+00  9.1184440264E-04  3.9855660295E-01 -1.0495448698E+00
  9.9216383873E-01  4.1653376551E+00  9.2449794971E-04  3.9007180647E-01 -1.1000946570E+00
  1.0123399472E+00  4.1800999207E+00  9.3712952700E-04  3.8255106142E-01 -1.1708872808E+00
  1.0325180266E+00  4.1948594922E+00  9.4973872129E-04  3.7595523799E-01 -1.2620414845E+00
  1.0526982059E+00  4.2096161926E+00  9.6232580850E-04  3.7024072744E-01 -1.3735327602E+00
  1.0728804959E+00  4.2243700060E+00  9.7489191592E-04  3.6535951852E-01 -1.5048891873E+00
  1.0930647423E+00  4.2391211429E+00  9.8743923119E-04  3.6125953535E-01 -1.6547422130E+00
  1.1132505654E+00  4.2538701222E+00  9.9997130082E-04  3.5788557621E-01 -1.8202474301E+00
  1.1334372781E+00  4.2686178838E+00  1.0124934900E-03  3.5518132820E-01 -1.9964868744E+00
  1.1536237652E+00  4.2833659542E+00  1.0250136991E-03  3.5309303202E-01 -2.1761373442E+00
  1.1738083282E+00  4.2981166579E+00  1.0375433106E-03  3.5157533499E-01 -2.3499263020E+00
  1.1939886618E+00  4.3128731470E+00  1.0500973050E-03  3.5059954980E-01 -2.5086190609E+00
  1.2141629538E+00  4.3276378946E+00  1.0626873253E-03  3.5016377448E-01 -2.6473203789E+00
  1.2343351507E+00  4.3424055048E+00  1.0752887133E-03  3.5030305092E-01 -2.7725030608E+00
  1.2545218699E+00  4.3571532524E+00  1.0877974747E-03  3.5109609322E-01 -2.9112229611E+00
  1.2747374729E+00  4.3718613806E+00  1.1001238910E-03  3.5266351580E-01 -3.1204968859E+00
  1.2949770888E+00  4.3865364521E+00  1.1122988516E-03  3.5515169852E-01 -3.4931952232E+00
  1.3152304644E+00  4.4011925294E+00  1.1243869920E-03  3.5869751766E-01 -4.1556871044E+00
  1.3354911801E+00  4.4158384589E+00  1.1364287617E-03  3.6337262909E-01 -5.2525180034E+00
  1.3557560042E+00  4.4304787033E+00  1.1484444871E-03  3.6911206367E-01 -6.9150759212E+00
  1.3760233193E+00  4.4451154991E+00  1.1604443097E-03  3.7564000481E-01 -9.2150532863E+00
  1.3962922794E+00  4.4597500171E+00  1.1724335094E-03  3.8241395149E-01 -1.2110208438E+01
  1.4165624221E+00  4.4743828968E+00  1.1844149643E-03  3.8861377380E-01 -1.5399136141E+01
  1.4368334896E+00  4.4890144955E+00  1.1963903023E-03  3.9319975689E-01 -1.8709721922E+01
  1.4571053452E+00  4.5036450022E+00  1.2083604715E-03  3.9504930439E-01 -2.1544717913E+01
  1.4773779482E+00  4.5182744733E+00  1.2203260505E-03  3.9315561409E-01 -2.3390047934E+01
  1.4935967181E+00  4.5299770974E+00  1.2298956168E-03  3.8847477631E-01 -2.3886422991E+01
</Path of -GradDelSqRho>
<Path of -GradDelSqRho>
Starting CP# =      4
Ending CP# =     21
Number of Points =     18
  9.3164512740E-01  4.1210377217E+00  8.8647565453E-04  4.1855219637E-01 -1.0089914491E+00
  9.1147460958E-01  4.1062678183E+00  8.7376405330E-04  4.3011808923E-01 -1.0192565917E+00
  8.9130500858E-01  4.0914966628E+00  8.6103617129E-04  4.4275754037E-01 -1.0503071489E+00
  8.7113626830E-01  4.0767243321E+00  8.4829378503E-04  4.5648445474E-01 -1.1025699072E+00
  8.5096845840E-01  4.0619507313E+00  8.3553853799E-04  4.7130616014E-01 -1.1764451304E+00
  8.3080180407E-01  4.0471755532E+00  8.2277182478E-04  4.8722266658E-01 -1.2721721946E+00
  8.1063671804E-01  4.0323982347E+00  8.0999469237E-04  5.0422595810E-01 -1.3896650840E+00
  7.9047383907E-01  4.0176179050E+00  7.9720776174E-04  5.2229942258E-01 -1.5283229318E+00
  7.7031408334E-01  4.0028333156E+00  7.8441116889E-04  5.4141754452E-01 -1.6868230457E+00
  7.5015871951E-01  3.9880427396E+00  7.7160452374E-04  5.6154600296E-01 -1.8629061605E+00
  7.3000948602E-01  3.9732438135E+00  7.5878688725E-04  5.8264232967E-01 -2.0531653348E+00
  7.0986878700E-01  3.9584332749E+00  7.4595677385E-04  6.0465729038E-01 -2.2528498944E+00
  6.8974004501E-01  3.9436064906E+00  7.3311220248E-04  6.2753715492E-01 -2.4556922727E+00
  6.6962840243E-01  3.9287565220E+00  7.2025086370E-04  6.5122701953E-01 -2.6537550769E+00
  6.4954232244E-01  3.9138720001E+00  7.0737060965E-04  6.7567533812E-01 -2.8372719263E+00
  6.2949806863E-01  3.8989312163E+00  6.9447103954E-04  7.0083978100E-01 -2.9944079787E+00
  6.0953739413E-01  3.8838790505E+00  6.8156048549E-04  7.2669413206E-01 -3.1107788984E+00
  5.8680954465E-01  3.8621387327E+00  6.6935246901E-04  7.5988649246E-01 -3.1711891118E+00
</Path of -GradDelSqRho>
<Path of -GradDelSqRho>
Starting CP# =      7
Ending CP# =     15
Number of Points =     43
  1.6949935797E-03  3.5069689589E+00  1.5464876480E-01  2.2515484751E+01  1.2379140886E+03
  1.6999213585E-03  3.5168432662E+00  1.7761608554E-01  1.5599273602E+01  1.1558240705E+03
  1.7048565062E-03  3.5266930970E+00  2.0059391839E-01  1.0909838008E+01  9.8552774376E+02
  1.7097936342E-03  3.5365367549E+00  2.2357439635E-01  7.7399306904E+00  7.7680793205E+02
  1.7147352082E-03  3.5463659546E+00  2.4656106128E-01  5.6052898308E+00  5.7563163439E+02
  1.7196854900E-03  3.5561664405E+00  2.6955998128E-01  4.1687155171E+00  4.1094291594E+02
  1.7246491324E-03  3.5659226843E+00  2.9257770089E-01  3.1994091902E+00  2.8791400266E+02
  1.7296307967E-03  3.5756191140E+00  3.1562067774E-01  2.5424029488E+00  1.9937406667E+02
  1.7346347754E-03  3.5852413674E+00  3.3869472324E-01  2.0942799121E+00  1.3609633545E+02
  1.7396652068E-03  3.5947756165E+00  3.6180526591E-01  1.7856764824E+00  9.0866212134E+01
  1.7447271214E-03  3.6042051074E+00  3.8495874060E-01  1.5697417475E+00  5.8782205331E+01
  1.7498279154E-03  3.6135052122E+00  4.0816447226E-01  1.4147997279E+00  3.6462764330E+01
  1.7549790096E-03  3.6226377401E+00  4.3143663048E-01  1.2996022426E+00  2.1376260223E+01
  1.7601980181E-03  3.6315432673E+00  4.5479652809E-01  1.2101102719E+00  1.1518169345E+01
  1.7655121833E-03  3.6401284791E+00  4.7827588763E-01  1.1372241180E+00  5.3037053985E+00
  1.7709644006E-03  3.6482426753E+00  5.0192180021E-01  1.0751680167E+00  1.5281535470E+00
  1.7766246940E-03  3.6556293101E+00  5.2580405530E-01  1.0203696106E+00 -6.7692684214E-01
  1.7826147968E-03  3.6618095329E+00  5.5002358665E-01  9.7074807707E-01 -1.9047934032E+00
  1.7891687410E-03  3.6657330203E+00  5.7469652069E-01  9.2546915254E-01 -2.5420971167E+00
  1.7967600280E-03  3.6644380841E+00  5.9955162934E-01  8.8615173897E-01 -2.8357870905E+00
  1.8052647941E-03  3.6508044519E+00  6.1983720373E-01  8.6405918267E-01 -2.9641302480E+00
  1.8122528859E-03  3.6279826660E+00  6.2975941334E-01  8.6381377219E-01 -3.0576507471E+00
  1.8180493057E-03  3.6036360702E+00  6.3540228699E-01  8.6977469019E-01 -3.1483720667E+00
  1.8232472679E-03  3.5789887247E+00  6.3957522465E-01  8.7662089903E-01 -3.2376791318E+00
  1.8279686964E-03  3.5542001789E+00  6.4281013060E-01  8.8337352276E-01 -3.3252138856E+00
  1.8322293220E-03  3.5293156686E+00  6.4519814275E-01  8.8983697564E-01 -3.4105424543E+00
  1.8360275863E-03  3.5043652638E+00  6.4675367721E-01  8.9595317029E-01 -3.4932318258E+00
  1.8393612200E-03  3.4793769293E+00  6.4747878676E-01  9.0168892047E-01 -3.5728608483E+00
  1.8422301740E-03  3.4543782952E+00  6.4737381013E-01  9.0701755683E-01 -3.6490263659E+00
  1.8446372415E-03  3.4293969250E+00  6.4643901366E-01  9.1191633843E-01 -3.7213486107E+00
  1.8465883651E-03  3.4044603995E+00  6.4467485126E-01  9.1636627022E-01 -3.7894762457E+00
  1.8480929521E-03  3.3795963755E+00  6.4208203947E-01  9.2035221257E-01 -3.8530910179E+00
  1.8491642458E-03  3.3548326367E+00  6.3866161514E-01  9.2386298190E-01 -3.9119119348E+00
  1.8498197555E-03  3.3301971358E+00  6.3441499458E-01  9.2689140560E-01 -3.9656988797E+00
  1.8500817373E-03  3.3057180303E+00  6.2934403434E-01  9.2943432965E-01 -4.0142556004E+00
  1.8499777064E-03  3.2814237108E+00  6.2345109236E-01  9.3149258066E-01 -4.0574320231E+00
  1.8495409385E-03  3.2573428231E+00  6.1673908884E-01  9.3307088511E-01 -4.0951258578E+00
  1.8488108832E-03  3.2335042849E+00  6.0921156654E-01  9.3417774818E-01 -4.1272834865E+00
  1.8478333363E-03  3.2099372965E+00  6.0087275081E-01  9.3482529499E-01 -4.1539001353E+00
  1.8466600831E-03  3.1866713467E+00  5.9172760988E-01  9.3502907708E-01 -4.1750193554E+00
  1.8453474290E-03  3.1637362125E+00  5.8178191619E-01  9.3480784722E-01 -4.1907318476E+00
  1.8439523503E-03  3.1411619534E+00  5.7104230942E-01  9.3418330605E-01 -4.2011736810E+00
  1.8416586110E-03  3.1058992243E+00  5.5224378582E-01  9.3240877807E-01 -4.2073798697E+00
</Path of -GradDelSqRho>
<Path of -GradDelSqRho>
Starting CP# =      7
Ending CP# =      1
Number of Points =      7
  1.6949935797E-03  3.5069689589E+00  1.5464876480E-01  2.2515484751E+01  1.2379140886E+03
  1.6900819875E-03  3.4970400606E+00  1.3170499455E-01  3.2749818765E+01  9.8640121666E+02
  1.6851841141E-03  3.4870647499E+00  1.0878135932E-01  4.7998863362E+01 -7.9126573422E+02
  1.6802922892E-03  3.4770689703E+00  8.5866640217E-02  7.0648330513E+01 -6.3845626275E+03
  1.6754048155E-03  3.4670583897E+00  6.2958384194E-02  1.0426264807E+02 -2.0624453058E+04
  1.6705244871E-03  3.4570232871E+00  4.0060858913E-02  1.5468895285E+02 -7.5285110625E+04
  1.6620549314E-03  3.4395452010E+00  2.8733899887E-04  2.9733525038E+02 -3.3297247012E+06
</Path of -GradDelSqRho>
<Path of -GradDelSqRho>
Starting CP# =      8
Ending CP# =      1
Number of Points =      7
  1.6071096759E-03  3.5073025380E+00 -1.5392584770E-01  2.2515882053E+01  1.2379626937E+03
  1.6152612715E-03  3.4973240060E+00 -1.3100362111E-01  3.2750483723E+01  9.8642010008E+02
  1.6234148840E-03  3.4872990680E+00 -1.0810164628E-01  4.7999962233E+01 -7.9141732224E+02
  1.6315693757E-03  3.4772536644E+00 -8.5208638899E-02  7.0650094840E+01 -6.3850520480E+03
  1.6397244886E-03  3.4671934603E+00 -6.2322132648E-02  1.0426547481E+02 -2.0626277648E+04
  1.6478805893E-03  3.4571087367E+00 -3.9446419454E-02  1.5469335798E+02 -7.5291283499E+04
