 AIMInt (Version 19.02.13, Professional)
 Portions Copyright (c) 1997-2019 by Todd A. Keith
 AIMInt is a component of the AIMAll package ( http://aim.tkgristmill.com )

 TP:  64-bit Linux

 Licensed To:  Research Group of Fernando Cortes Guzman, UNAM, fercor@unam.mx

 AIMInt is a heavily modified and extended version of the PROAIMV program
 developed by members of R.F.W. Bader's research group

 Much of the Quantum Theory of Atoms in Molecules (QTAIM) is described in the book:
   "Atoms in Molecules - A Quantum Theory"
   R.F.W. Bader, Oxford University Press, Oxford, 1990

 For additional references see:  http://aim.tkgristmill.com/references.html

 Current Directory:  /home/scratch/M_H2O_4_cuadrado_plano/Opt

 Inp File:  Fe2_cuadrado_plano_cc-pvtz-def2-tzv_1_atomicfiles/o6.inp
 Wfx File:  Fe2_cuadrado_plano_cc-pvtz-def2-tzv_1.wfx
 Out File:  Fe2_cuadrado_plano_cc-pvtz-def2-tzv_1_atomicfiles/o6.int

 Wfx Title:   Fe2_cuadrado_plano_cc-pvtz-def2-tzv_1                                         
 Job Title:   Fe2_cuadrado_plano_cc-pvtz-def2-tzv_1                                         
 
<Atom>
O6      
</Atom>
<Nuclei of Molecule>
    13
Fe1       26.0           6.6469427404E-04  -6.3747935490E-04  -4.4502506417E-04
O2         8.0           3.4391477590E+00  -1.5410151627E-03   1.2208174831E-04
H3         1.0           4.5323166269E+00  -4.4954133333E-03  -1.4963508524E+00
O4         8.0           1.6620549849E-03   3.4395448649E+00   2.8733829863E-04
H5         1.0          -1.4976588283E+00   4.5344011264E+00   2.0597880277E-03
O6         8.0          -3.4394542686E+00   2.9083471215E-03   1.2206285104E-04
H7         1.0          -4.5320896668E+00   2.3216630805E-03   1.4969402877E+00
O8         8.0          -2.7874962719E-03  -3.4390572194E+00   2.8737609315E-04
H9         1.0           1.4949372866E+00  -4.5362302851E+00   7.8945742940E-04
H10        1.0          -4.5329195967E+00   3.2951743954E-03  -1.4960983283E+00
H11        1.0          -1.5032196526E+00  -4.5324892311E+00  -1.9484422144E-04
H12        1.0           1.5005791801E+00   4.5349784557E+00   1.2338265295E-03
H13        1.0           4.5322282066E+00  -4.6846838368E-05   1.4966404449E+00
</Nuclei of Molecule>
<Total Number of CPs of DelSqRho>
    34
</Total Number of CPs of DelSqRho>
<Number of (3,+3) CPs of DelSqRho>
     5
</Number of (3,+3) CPs of DelSqRho>
<Number of (3,+1) CPs of DelSqRho>
    14
</Number of (3,+1) CPs of DelSqRho>
<Number of (3,-1) CPs of DelSqRho>
    10
</Number of (3,-1) CPs of DelSqRho>
<Number of (3,-3) CPs of DelSqRho>
     5
</Number of (3,-3) CPs of DelSqRho>
<Number of Degenerate CPs of DelSqRho>
     0
</Number of Degenerate CPs of DelSqRho>
<CP of DelSqRho>
CP# = 1       
Type = (3,+3)
Coords = -3.43945459302364E+00  2.90834664817452E-03  1.22062950894234E-04
DistFromNuc =  3.2440800136E-07
Rho =  2.9719587032E+02
DelSqRho = -3.3282521665E+06
GradDelSqRho = -2.4916789698E-05 -4.5039172392E-10 -4.9120174594E-10
HessDelSqRho_EigVals =  1.3235750635E+11  1.3235752699E+11  1.3235753443E+11
HessDelSqRho_EigVec1 =  4.6449676575E-04  9.9999983797E-01  3.2910741217E-04
HessDelSqRho_EigVec2 =  9.9999985979E-01 -4.6441303259E-04 -2.5445578469E-04
HessDelSqRho_EigVec3 =  2.5430290169E-04 -3.2922555992E-04  9.9999991347E-01
</CP of DelSqRho>
<CP of DelSqRho>
CP# = 2       
Type = (3,-1)
Coords = -1.98263144897039E+00  2.63161693404244E-03  2.63752967307106E-04
DistFromNuc =  1.4568228528E+00
Rho =  1.5834238223E-01
DelSqRho =  3.9809146407E-01
GradDelSqRho = -2.3314683517E-15  9.1072982489E-18  4.1335207826E-18
HessDelSqRho_EigVals = -2.5025923145E-01 -2.4133162282E-01  5.2257361660E+00
HessDelSqRho_EigVec1 =  1.3860875898E-03  9.9999483354E-01 -2.9002837860E-03
HessDelSqRho_EigVec2 =  3.3382311371E-04  2.8998237039E-03  9.9999573978E-01
HessDelSqRho_EigVec3 =  9.9999898366E-01 -1.3870498665E-03 -3.2980197938E-04
</CP of DelSqRho>
<CP of DelSqRho>
CP# = 3       
Type = (3,+1)
Coords = -4.11415293424342E+00  2.52470718483545E-03  9.27070262701024E-01
DistFromNuc =  1.1464952690E+00
Rho =  4.1766388611E-01
DelSqRho = -9.7657754041E-01
GradDelSqRho =  5.5511151231E-16  2.7647155398E-18  8.2156503822E-15
HessDelSqRho_EigVals = -3.2106411756E+01  1.4942581707E+01  1.6083628118E+01
HessDelSqRho_EigVec1 = -5.9158178823E-01 -3.0378494227E-04  8.0624493521E-01
HessDelSqRho_EigVec2 =  2.3609313822E-04  9.9999982087E-01  5.5002303815E-04
HessDelSqRho_EigVec3 =  8.0624495787E-01 -5.1573250940E-04  5.9158161053E-01
</CP of DelSqRho>
<CP of DelSqRho>
CP# = 4       
Type = (3,+1)
Coords = -4.11467170752146E+00  3.12857938988036E-03 -9.26455530144729E-01
DistFromNuc =  1.1465010572E+00
Rho =  4.1766050393E-01
DelSqRho = -9.7656436814E-01
GradDelSqRho =  3.3306690739E-16  3.9031278209E-18 -6.3282712404E-15
HessDelSqRho_EigVals = -3.2106027981E+01  1.4942358457E+01  1.6083375116E+01
HessDelSqRho_EigVec1 =  5.9202555960E-01 -2.1932636875E-04  8.0591915766E-01
HessDelSqRho_EigVec2 =  2.4582131524E-04  9.9999996559E-01  9.1564840948E-05
HessDelSqRho_EigVec3 =  8.0591915001E-01 -1.4390338111E-04 -5.9202559315E-01
</CP of DelSqRho>
<CP of DelSqRho>
CP# = 5       
Type = (3,-1)
Coords = -3.27258096079313E+00  2.90310057057727E-03  1.18651241453358E-04
DistFromNuc =  1.6687330794E-01
Rho =  2.2756290558E+01
DelSqRho =  1.2952577237E+03
GradDelSqRho = -2.6963320465E-11 -1.4765966228E-14 -1.3439249713E-13
HessDelSqRho_EigVals = -4.5305156539E+05 -3.7022426351E+03  3.4110847259E+02
HessDelSqRho_EigVec1 =  9.9999999945E-01 -2.4752440174E-05 -2.1944951967E-05
HessDelSqRho_EigVec2 =  2.4759447346E-05  9.9999994870E-01  3.1936403468E-04
HessDelSqRho_EigVec3 =  2.1937045802E-05 -3.1936457785E-04  9.9999994876E-01
</CP of DelSqRho>
<CP of DelSqRho>
CP# = 6       
Type = (3,-1)
Coords = -3.60825934695290E+00  3.09700069925692E-03  1.65119014003211E-04
DistFromNuc =  1.6880518925E-01
Rho =  2.2330212565E+01
DelSqRho =  1.2516981425E+03
GradDelSqRho = -5.6900262280E-11  2.1760371283E-14 -2.1649348980E-15
HessDelSqRho_EigVals = -4.0634368579E+05 -2.0833511213E+03  1.5935798107E+03
HessDelSqRho_EigVec1 =  9.9999932889E-01 -1.1301848478E-03 -2.5477724043E-04
HessDelSqRho_EigVec2 =  1.1302659326E-03  9.9999931058E-01  3.1833860494E-04
HessDelSqRho_EigVec3 =  2.5441728332E-04 -3.1862635733E-04  9.9999991687E-01
</CP of DelSqRho>
<CP of DelSqRho>
CP# = 7       
Type = (3,+1)
Coords = -3.48450298931751E+00  1.65120420042350E-01  1.86680339642654E-04
DistFromNuc =  1.6835126377E-01
Rho =  2.2577249915E+01
DelSqRho =  1.2300042386E+03
GradDelSqRho = -7.8088646660E-12  7.3896444519E-13 -8.2434059578E-15
HessDelSqRho_EigVals = -4.1159836930E+05  2.6549030391E+03  3.8010763894E+03
HessDelSqRho_EigVec1 = -2.6299145312E-01  9.6479808719E-01  3.8279432222E-04
HessDelSqRho_EigVec2 =  9.6479813605E-01  2.6299151905E-01 -1.3259228503E-04
HessDelSqRho_EigVec3 =  2.2859644326E-04 -3.3444861086E-04  9.9999991794E-01
</CP of DelSqRho>
<CP of DelSqRho>
CP# = 8       
Type = (3,+1)
Coords = -3.48459958207322E+00 -1.59280349819709E-01  8.32221122178273E-05
DistFromNuc =  1.6835460864E-01
Rho =  2.2576522448E+01
DelSqRho =  1.2299276168E+03
GradDelSqRho =  6.1817218011E-12 -7.2759576142E-12 -1.4932499681E-14
HessDelSqRho_EigVals = -4.1152069663E+05  2.6579713984E+03  3.8037262451E+03
HessDelSqRho_EigVec1 =  2.6356470278E-01  9.6464169171E-01  2.3253394266E-04
HessDelSqRho_EigVec2 =  9.6464169202E-01 -2.6356462976E-01 -3.0325770291E-04
HessDelSqRho_EigVec3 =  2.3124730105E-04 -3.0423996223E-04  9.9999992698E-01
</CP of DelSqRho>
<CP of DelSqRho>
CP# = 9       
Type = (3,-3)
Coords = -3.31527430854452E+00  2.88043991858059E-03  1.11910281759307E-01
DistFromNuc =  1.6708461673E-01
Rho =  2.2679516484E+01
DelSqRho =  1.2964633268E+03
GradDelSqRho =  2.5437429940E-12  1.1102230246E-16 -4.2632564146E-12
HessDelSqRho_EigVals = -4.4840920888E+05 -4.0004255880E+03 -5.7279781461E+02
HessDelSqRho_EigVec1 =  7.4542750619E-01 -1.5971229917E-04  6.6658668416E-01
HessDelSqRho_EigVec2 =  1.1048296824E-04  9.9999998716E-01  1.1604680302E-04
HessDelSqRho_EigVec3 = -6.6658669414E-01 -1.2858003519E-05  7.4542751427E-01
</CP of DelSqRho>
<CP of DelSqRho>
CP# = 10      
Type = (3,-3)
Coords = -3.31534618196968E+00  2.95186950258753E-03 -1.11745937248855E-01
DistFromNuc =  1.6708461483E-01
Rho =  2.2679503510E+01
DelSqRho =  1.2964659961E+03
GradDelSqRho = -5.4853899201E-12  3.2196467714E-15 -1.3159251466E-11
HessDelSqRho_EigVals = -4.4840965612E+05 -4.0006314452E+03 -5.7323763886E+02
HessDelSqRho_EigVec1 =  7.4499896987E-01  2.6621978327E-04 -6.6706556201E-01
HessDelSqRho_EigVec2 =  1.1040105298E-04  9.9999985746E-01  5.2239005565E-04
HessDelSqRho_EigVec3 =  6.6706560600E-01 -4.6282479378E-04  7.4499883428E-01
</CP of DelSqRho>
<CP of DelSqRho>
CP# = 11      
Type = (3,+1)
Coords = -2.76796440599437E+00  2.75127854381840E-03 -5.37823467907216E-05
DistFromNuc =  6.7148990402E-01
Rho =  8.4474647905E-01
DelSqRho = -3.3667032011E+00
GradDelSqRho =  3.2418512319E-14 -5.2041704279E-17 -1.2869479787E-16
HessDelSqRho_EigVals = -5.9480513271E+00  1.9606150231E+01  2.3436828746E+02
HessDelSqRho_EigVec1 =  1.6403203297E-04  9.9999993721E-01  3.1412658541E-04
HessDelSqRho_EigVec2 =  2.6085237417E-04 -3.1416936710E-04  9.9999991663E-01
HessDelSqRho_EigVec3 =  9.9999995252E-01 -1.6395007863E-04 -2.6090389163E-04
</CP of DelSqRho>
<CP of DelSqRho>
CP# = 12      
Type = (3,-1)
Coords = -4.16909353279117E+00  3.23232032796407E-03  3.34597586855513E-04
DistFromNuc =  7.2963936705E-01
Rho =  6.5386716372E-01
DelSqRho = -8.4286262820E-01
GradDelSqRho =  3.1139535395E-12  4.6863641440E-13  1.3446275343E-14
HessDelSqRho_EigVals = -1.8735268038E+01 -7.7101947626E+00  1.2738970303E+02
HessDelSqRho_EigVec1 =  2.8627200099E-04 -3.3934543937E-04  9.9999990145E-01
HessDelSqRho_EigVec2 =  4.8842835663E-04  9.9999982319E-01  3.3920558944E-04
HessDelSqRho_EigVec3 =  9.9999983974E-01 -4.8833120344E-04 -2.8643769631E-04
</CP of DelSqRho>
<CP of DelSqRho>
CP# = 13      
Type = (3,+3)
Coords = -3.26663802533792E+00  6.11989480610825E-01  2.70419014626199E-04
DistFromNuc =  6.3312345014E-01
Rho =  9.8166281172E-01
DelSqRho = -4.5590358708E+00
GradDelSqRho = -1.3322676296E-14  5.4178883602E-14  3.5561831258E-17
HessDelSqRho_EigVals =  1.2789585761E+01  2.4815710312E+01  3.5405557090E+02
HessDelSqRho_EigVec1 =  9.6655632818E-01 -2.5645421219E-01 -3.1860846151E-04
HessDelSqRho_EigVec2 =  2.4645841297E-04 -3.1347700161E-04  9.9999992050E-01
HessDelSqRho_EigVec3 =  2.5645429168E-01  9.6655632985E-01  2.3978788150E-04
</CP of DelSqRho>
<CP of DelSqRho>
CP# = 14      
Type = (3,+3)
Coords = -3.26670013396720E+00 -6.06264621102204E-01 -1.14316106766719E-04
DistFromNuc =  6.3319487690E-01
Rho =  9.8134408898E-01
DelSqRho = -4.5553216139E+00
GradDelSqRho = -6.2172489379E-15 -5.1514348343E-14  6.9388939039E-17
HessDelSqRho_EigVals =  1.2749942313E+01  2.4791127755E+01  3.5365488487E+02
HessDelSqRho_EigVec1 =  9.6660835116E-01  2.5625820677E-01 -1.6407505113E-04
HessDelSqRho_EigVec2 =  2.5402418746E-04 -3.1790928562E-04  9.9999991720E-01
HessDelSqRho_EigVec3 = -2.5625813339E-01  9.6660831281E-01  3.7238955315E-04
</CP of DelSqRho>
<CP of DelSqRho>
CP# = 15      
Type = (3,-1)
Coords = -3.18642823300558E+00  2.55475034999679E-03  6.75091855594580E-01
DistFromNuc =  7.2083737475E-01
Rho =  6.6050588525E-01
DelSqRho = -8.7227920916E-01
GradDelSqRho =  2.6645352591E-15  3.1712913545E-18 -3.0198066270E-14
HessDelSqRho_EigVals = -1.6037134014E+01 -1.2499081715E+01  1.3727488893E+02
HessDelSqRho_EigVec1 =  9.2603132107E-01 -7.6033747204E-06 -3.7744667484E-01
HessDelSqRho_EigVec2 =  1.8196279544E-04  9.9999989259E-01  4.2628504812E-04
HessDelSqRho_EigVec3 =  3.7744663105E-01 -4.6343455835E-04  9.2603122298E-01
</CP of DelSqRho>
<CP of DelSqRho>
CP# = 16      
Type = (3,-1)
Coords = -3.18678856206506E+00  2.97670600788274E-03 -6.74983534312040E-01
DistFromNuc =  7.2083807562E-01
Rho =  6.6049896789E-01
DelSqRho = -8.7221882503E-01
GradDelSqRho =  1.0658141036E-14  6.7220534694E-18 -3.1974423109E-14
HessDelSqRho_EigVals = -1.6037392876E+01 -1.2499132581E+01  1.3727331358E+02
HessDelSqRho_EigVec1 =  9.2623504420E-01 -2.9273642025E-04  3.7694635852E-01
HessDelSqRho_EigVec2 =  2.2875779972E-04  9.9999995083E-01  2.1449448522E-04
HessDelSqRho_EigVec3 = -3.7694640277E-01 -1.1244288941E-04  9.2623506562E-01
</CP of DelSqRho>
<CP of DelSqRho>
CP# = 17      
Type = (3,+1)
Coords = -3.76632274314258E+00  3.77823031489597E-01  4.90208651734315E-01
DistFromNuc =  6.9827565101E-01
Rho =  7.7221181613E-01
DelSqRho = -2.5486067952E+00
GradDelSqRho = -3.5527136788E-15  1.5987211555E-14  9.7699626167E-15
HessDelSqRho_EigVals = -1.2012061787E+01  1.5447535811E+01  1.7571262048E+02
HessDelSqRho_EigVec1 =  4.1630073827E-01  7.7285074056E-01 -4.7895242783E-01
HessDelSqRho_EigVec2 = -8.0361017537E-01  6.6336605973E-02 -5.9144749619E-01
HessDelSqRho_EigVec3 = -4.2532855695E-01  6.3111107384E-01  6.4868669720E-01
</CP of DelSqRho>
<CP of DelSqRho>
CP# = 18      
Type = (3,+1)
Coords = -3.76644309678249E+00 -3.72488103038283E-01  4.89734731312414E-01
DistFromNuc =  6.9825837170E-01
Rho =  7.7225960434E-01
DelSqRho = -2.5489269236E+00
GradDelSqRho =  1.1546319456E-14 -7.1054273576E-15 -2.6645352591E-15
HessDelSqRho_EigVals = -1.2002106200E+01  1.5445215124E+01  1.7572371179E+02
HessDelSqRho_EigVec1 =  4.1607066599E-01 -7.7240871530E-01 -4.7986454071E-01
HessDelSqRho_EigVec2 =  8.0360845887E-01  6.5367370582E-02  5.9155773319E-01
HessDelSqRho_EigVec3 = -4.2555686546E-01 -6.3175302404E-01  6.4791162273E-01
</CP of DelSqRho>
<CP of DelSqRho>
CP# = 19      
Type = (3,+1)
Coords = -3.76659437354815E+00  3.78143678997176E-01 -4.89530102658450E-01
DistFromNuc =  6.9827032425E-01
Rho =  7.7222689043E-01
DelSqRho = -2.5487540802E+00
GradDelSqRho = -9.7699626167E-15  1.0658141036E-14 -1.2434497876E-14
HessDelSqRho_EigVals = -1.2011611905E+01  1.5448745834E+01  1.7572089039E+02
HessDelSqRho_EigVec1 =  4.1657053292E-01  7.7253582244E-01  4.7922582791E-01
HessDelSqRho_EigVec2 = -8.0327762000E-01  6.5948636719E-02  5.9194243177E-01
HessDelSqRho_EigVec3 =  4.2569244334E-01 -6.3153715675E-01  6.4803299556E-01
</CP of DelSqRho>
<CP of DelSqRho>
CP# = 20      
Type = (3,+1)
Coords = -3.76671417655244E+00 -3.72185324183007E-01 -4.89534895853931E-01
DistFromNuc =  6.9825371234E-01
Rho =  7.7226783644E-01
DelSqRho = -2.5489625241E+00
GradDelSqRho = -8.8817841970E-16  1.0658141036E-14 -7.9936057773E-15
HessDelSqRho_EigVals = -1.2002865674E+01  1.5445540514E+01  1.7573001009E+02
HessDelSqRho_EigVec1 =  4.1633675088E-01 -7.7270576806E-01  4.7915499150E-01
HessDelSqRho_EigVec2 =  8.0327827841E-01  6.5731283818E-02 -5.9196571333E-01
HessDelSqRho_EigVec3 =  4.2591984845E-01  6.3135187838E-01  6.4806410822E-01
</CP of DelSqRho>
<CP of DelSqRho>
CP# = 21      
Type = (3,+3)
Coords = -3.86378561527349E+00  2.57211914314977E-03  5.95370818702492E-01
DistFromNuc =  7.3101182354E-01
Rho =  7.3656777584E-01
DelSqRho = -2.8894103641E+00
GradDelSqRho = -1.2434497876E-14 -6.9388939039E-18 -6.2172489379E-15
HessDelSqRho_EigVals =  9.4623742747E+00  2.2990737802E+01  1.3135919312E+02
HessDelSqRho_EigVec1 =  9.6666477246E-05  9.9999973368E-01  7.2339503915E-04
HessDelSqRho_EigVec2 =  8.1861402139E-01 -4.9461014548E-04  5.7434383372E-01
HessDelSqRho_EigVec3 = -5.7434403856E-01 -5.3666152692E-04  8.1861385119E-01
</CP of DelSqRho>
<CP of DelSqRho>
CP# = 22      
Type = (3,+3)
Coords = -3.86411692222771E+00  2.97552878092547E-03 -5.94884417427689E-01
DistFromNuc =  7.3100689837E-01
Rho =  7.3657921327E-01
DelSqRho = -2.8895292477E+00
GradDelSqRho = -1.4210854715E-14  1.1275702594E-17 -1.2434497876E-14
HessDelSqRho_EigVals =  9.4626858334E+00  2.2991754333E+01  1.3136437668E+02
HessDelSqRho_EigVec1 =  1.2803895454E-04  9.9999999052E-01 -5.0611737848E-05
HessDelSqRho_EigVec2 =  8.1828962450E-01 -1.3386488582E-04 -5.7480611733E-01
HessDelSqRho_EigVec3 =  5.7480611866E-01 -3.2182514367E-05  8.1828963388E-01
</CP of DelSqRho>
<CP of DelSqRho>
CP# = 23      
Type = (3,-3)
Coords = -3.02539831540502E+00  2.62930094065625E-03  1.05934385947694E+00
DistFromNuc =  1.1372744720E+00
Rho =  2.4784850287E-01
DelSqRho =  8.5649412017E-01
GradDelSqRho = -2.7295388172E-12  8.5221525203E-12 -2.2500890040E-12
HessDelSqRho_EigVals = -1.7659880970E+01 -2.0538307457E+00 -5.2413867740E-01
HessDelSqRho_EigVec1 =  4.0312119574E-01 -2.6353251491E-04  9.1514656318E-01
HessDelSqRho_EigVec2 =  9.1514659603E-01  1.0598117060E-05 -4.0312120716E-01
HessDelSqRho_EigVec3 =  9.6536715132E-05  9.9999996522E-01  2.4544320958E-04
</CP of DelSqRho>
<CP of DelSqRho>
CP# = 24      
Type = (3,-3)
Coords = -3.02599488994661E+00  3.26735588927856E-03 -1.05932828973841E+00
DistFromNuc =  1.1372703444E+00
Rho =  2.4784680964E-01
DelSqRho =  8.5649857101E-01
GradDelSqRho = -2.4480417693E-14 -3.0018142919E-14  4.0190073491E-14
HessDelSqRho_EigVals = -1.7660049674E+01 -2.0539329874E+00 -5.2408847153E-01
HessDelSqRho_EigVec1 = -4.0261695796E-01 -2.8705705959E-04  9.1536850654E-01
HessDelSqRho_EigVec2 =  9.1536854345E-01 -2.5929662806E-04  4.0261689288E-01
HessDelSqRho_EigVec3 =  1.2177794576E-04  9.9999992518E-01  3.6716022212E-04
</CP of DelSqRho>
<CP of DelSqRho>
CP# = 25      
Type = (3,+1)
Coords = -2.18651521557882E+00  7.81795274245187E-04 -2.68508827340581E-04
DistFromNuc =  1.2529409186E+00
Rho =  2.3855803549E-01
DelSqRho =  4.4281503854E-01
GradDelSqRho = -1.2741543931E-15 -3.4694469520E-18  1.9732479539E-17
HessDelSqRho_EigVals = -8.0277385299E+00  4.5660462124E-01  7.3147743574E-01
HessDelSqRho_EigVec1 =  9.9999827861E-01 -1.8189582037E-03 -3.6630069924E-04
HessDelSqRho_EigVec2 =  1.8190363393E-03  9.9999832285E-01  2.1308969144E-04
HessDelSqRho_EigVec3 =  3.6591248366E-04 -2.1375563891E-04  9.9999991021E-01
</CP of DelSqRho>
<CP of DelSqRho>
CP# = 26      
Type = (3,-3)
Coords = -4.59397301268720E+00  4.95069777694000E-03  4.48197975793035E-04
DistFromNuc =  1.1545205966E+00
Rho =  2.5265321533E-01
DelSqRho =  8.7837978829E-01
GradDelSqRho =  2.7428614935E-12 -3.5971486206E-13 -6.9275775437E-16
HessDelSqRho_EigVals = -1.6993673381E+01 -4.0223941423E+00 -9.7197146431E-02
HessDelSqRho_EigVec1 =  9.9999840649E-01 -1.7625452271E-03 -2.8362334622E-04
HessDelSqRho_EigVec2 =  2.8304837089E-04 -3.2645964813E-04  9.9999990665E-01
HessDelSqRho_EigVec3 =  1.7626376541E-03  9.9999839343E-01  3.2596024236E-04
</CP of DelSqRho>
<CP of DelSqRho>
CP# = 27      
Type = (3,-1)
Coords = -3.64811891966393E+00  9.93713799762332E-01  6.32312481487416E-01
DistFromNuc =  1.1936922162E+00
Rho =  2.4629301299E-01
DelSqRho =  7.1044598265E-01
GradDelSqRho = -1.3556863965E-15  2.8206603719E-15  1.9845236565E-15
HessDelSqRho_EigVals = -1.7305042118E+01 -1.0841655248E+00  3.0179476418E-01
HessDelSqRho_EigVec1 = -1.6014388434E-01  8.3779963917E-01  5.2196331377E-01
HessDelSqRho_EigVec2 = -6.3313153701E-01 -4.9286754373E-01  5.9684674849E-01
HessDelSqRho_EigVec3 =  7.5729676690E-01 -2.3489007845E-01  6.0936709617E-01
</CP of DelSqRho>
<CP of DelSqRho>
CP# = 28      
Type = (3,-1)
Coords = -3.64824755406741E+00 -9.88435523533079E-01  6.31434945366754E-01
DistFromNuc =  1.1936973073E+00
Rho =  2.4629455216E-01
DelSqRho =  7.1038902006E-01
GradDelSqRho = -1.0208847656E-15 -2.7547408799E-15  3.2439329001E-15
HessDelSqRho_EigVals = -1.7303555122E+01 -1.0844536903E+00  3.0166995521E-01
HessDelSqRho_EigVec1 =  1.6023752077E-01  8.3825498251E-01 -5.2120295590E-01
HessDelSqRho_EigVec2 = -6.3321331667E-01  4.9235421716E-01  5.9718357348E-01
HessDelSqRho_EigVec3 =  7.5720857928E-01  2.3434143710E-01  6.0968783679E-01
</CP of DelSqRho>
<CP of DelSqRho>
CP# = 29      
Type = (3,-1)
Coords = -3.64848034504892E+00  9.94124257529081E-01 -6.31304854665260E-01
DistFromNuc =  1.1936921018E+00
Rho =  2.4629275717E-01
DelSqRho =  7.1045832694E-01
GradDelSqRho = -1.0460382560E-15  1.0789980021E-15  2.0469737017E-16
HessDelSqRho_EigVals = -1.7305269777E+01 -1.0842562527E+00  3.0173693796E-01
HessDelSqRho_EigVec1 = -1.6043888545E-01  8.3814111298E-01 -5.2132412065E-01
HessDelSqRho_EigVec2 =  6.3346753212E-01  4.9247732522E-01  5.9681234060E-01
HessDelSqRho_EigVec3 =  7.5695326790E-01 -2.3448999739E-01 -6.0994769558E-01
</CP of DelSqRho>
<CP of DelSqRho>
CP# = 30      
Type = (3,-1)
Coords = -3.64864788080509E+00 -9.88041134154407E-01 -6.31669783579134E-01
DistFromNuc =  1.1936933354E+00
Rho =  2.4629379776E-01
DelSqRho =  7.1041237272E-01
GradDelSqRho = -1.5525775110E-16 -2.5222879341E-15 -1.1414480472E-15
HessDelSqRho_EigVals = -1.7304163812E+01 -1.0844942375E+00  3.0161340865E-01
HessDelSqRho_EigVec1 =  1.6056940911E-01  8.3793272954E-01  5.2161883174E-01
HessDelSqRho_EigVec2 =  6.3351318891E-01 -4.9274789592E-01  5.9654048525E-01
HessDelSqRho_EigVec3 =  7.5688737890E-01  2.3466625626E-01 -6.0996167407E-01
</CP of DelSqRho>
<CP of DelSqRho>
CP# = 31      
Type = (3,+1)
Coords = -4.63877080943937E+00  8.66937819319625E-01  1.35467200924282E+00
DistFromNuc =  2.0049221060E+00
Rho =  7.4557575411E-02
DelSqRho =  1.7947057122E-01
GradDelSqRho =  8.4933579267E-13 -7.0846453704E-13 -6.1948363106E-13
HessDelSqRho_EigVals = -1.6475268358E+00  3.9635467039E-02  5.7477887847E-01
HessDelSqRho_EigVec1 = -4.8793553054E-01  7.7702202430E-01  3.9768793266E-01
HessDelSqRho_EigVec2 = -7.9836115984E-01 -2.1307244401E-01 -5.6322250671E-01
HessDelSqRho_EigVec3 = -3.5289995253E-01 -5.9231487179E-01  7.2430982056E-01
</CP of DelSqRho>
<CP of DelSqRho>
CP# = 32      
Type = (3,+1)
Coords = -4.63919503892626E+00 -8.62156036552391E-01  1.35376622030274E+00
DistFromNuc =  2.0050104261E+00
Rho =  7.4551522905E-02
DelSqRho =  1.7943103712E-01
GradDelSqRho =  3.4048198289E-13  2.2664162214E-13 -2.0959449454E-13
HessDelSqRho_EigVals = -1.6468481946E+00  3.9668438762E-02  5.7483255323E-01
HessDelSqRho_EigVec1 =  4.8835725925E-01  7.7711904181E-01 -3.9698007783E-01
HessDelSqRho_EigVec2 = -7.9825093900E-01  2.1402818651E-01 -5.6301631750E-01
HessDelSqRho_EigVec3 = -3.5256577504E-01  5.9184282562E-01  7.2485822340E-01
</CP of DelSqRho>
<CP of DelSqRho>
CP# = 33      
Type = (3,+1)
Coords = -4.63970286918871E+00  8.67765593078851E-01 -1.35309134710896E+00
DistFromNuc =  2.0049342363E+00
Rho =  7.4556590795E-02
DelSqRho =  1.7946938953E-01
GradDelSqRho =  1.0204597584E-13 -5.7794047326E-14  5.7431490119E-14
HessDelSqRho_EigVals = -1.6476113291E+00  3.9629885175E-02  5.7476562401E-01
HessDelSqRho_EigVec1 = -4.8831199173E-01  7.7724221609E-01 -3.9679457691E-01
HessDelSqRho_EigVec2 =  7.9801277926E-01  2.1369580755E-01 -5.6347999607E-01
HessDelSqRho_EigVec3 = -3.5316710333E-01 -5.9180118230E-01 -7.2459944642E-01
</CP of DelSqRho>
<CP of DelSqRho>
CP# = 34      
Type = (3,+1)
Coords = -4.64016047822857E+00 -8.61213476336305E-01 -1.35328206567193E+00
DistFromNuc =  2.0050198659E+00
Rho =  7.4550674813E-02
DelSqRho =  1.7942940591E-01
GradDelSqRho =  2.6587542931E-13  1.7830875665E-13  1.6469464681E-13
HessDelSqRho_EigVals = -1.6469257615E+00  3.9660425448E-02  5.7480832625E-01
HessDelSqRho_EigVec1 =  4.8876433577E-01  7.7681517897E-01  3.9707379893E-01
HessDelSqRho_EigVec2 =  7.9790055160E-01 -2.1397839861E-01 -5.6353168029E-01
HessDelSqRho_EigVec3 = -3.5279474745E-01  5.9225959059E-01 -7.2440626966E-01
</CP of DelSqRho>
<Path of -GradDelSqRho>
Starting CP# =      3
Ending CP# =      0
Number of Points =     29
 -4.1141529342E+00  2.5247071848E-03  9.2707026270E-01  4.1766388611E-01 -9.7657754041E-01
 -4.1289449453E+00  2.5171247463E-03  9.4722457607E-01  4.0728361280E-01 -9.8658208766E-01
 -4.1437419359E+00  2.5095695421E-03  9.6737523387E-01  3.9792249577E-01 -1.0165298151E+00
 -4.1585435709E+00  2.5020439320E-03  9.8752248038E-01  3.8955280131E-01 -1.0664355365E+00
 -4.1733493594E+00  2.4945493084E-03  1.0076666748E+00  3.8214204605E-01 -1.1364437234E+00
 -4.1881587137E+00  2.4870860607E-03  1.0278082479E+00  3.7565311288E-01 -1.2267461596E+00
 -4.2029710199E+00  2.4796535543E-03  1.0479476503E+00  3.7004427648E-01 -1.3374123347E+00
 -4.2177857192E+00  2.4722501044E-03  1.0680852924E+00  3.6526925491E-01 -1.4681016349E+00
 -4.2326024008E+00  2.4648729205E-03  1.0882214761E+00  3.6127749236E-01 -1.6176306741E+00
 -4.2474209118E+00  2.4575179822E-03  1.1083563134E+00  3.5801499763E-01 -1.7834030079E+00
 -4.2622414946E+00  2.4501797847E-03  1.1284896259E+00  3.5542619980E-01 -1.9607969297E+00
 -4.2770649729E+00  2.4428508805E-03  1.1486208066E+00  3.5345739281E-01 -2.1427713830E+00
 -4.2918930000E+00  2.4355212258E-03  1.1687486370E+00  3.5206232956E-01 -2.3201837719E+00
 -4.3067282353E+00  2.4281780712E-03  1.1888711549E+00  3.5121024955E-01 -2.4835474861E+00
 -4.3215734754E+00  2.4208107524E-03  1.2089862930E+00  3.5089591909E-01 -2.6270333952E+00
 -4.3364260968E+00  2.4134346798E-03  1.2290959817E+00  3.5115003538E-01 -2.7552122327E+00
 -4.3512674671E+00  2.4061296857E-03  1.2492139734E+00  3.5204671663E-01 -2.8921526127E+00
 -4.3660752539E+00  2.3989778660E-03  1.2693566947E+00  3.5370317962E-01 -3.0910471659E+00
 -4.3808505446E+00  2.3919607725E-03  1.2895232672E+00  3.5626568579E-01 -3.4408839794E+00
 -4.3956057351E+00  2.3850218732E-03  1.3097045525E+00  3.5987659648E-01 -4.0654453700E+00
 -4.4103497417E+00  2.3781241435E-03  1.3298940105E+00  3.6462065744E-01 -5.1097703756E+00
 -4.4250872805E+00  2.3712490079E-03  1.3500881903E+00  3.7045439232E-01 -6.7106636795E+00
 -4.4398207662E+00  2.3643873327E-03  1.3702853275E+00  3.7713046229E-01 -8.9514000453E+00
 -4.4545514778E+00  2.3575344377E-03  1.3904844881E+00  3.8413741185E-01 -1.1807158748E+01
 -4.4692801194E+00  2.3506878038E-03  1.4106851581E+00  3.9068123615E-01 -1.5096838936E+01
 -4.4840070839E+00  2.3438460079E-03  1.4308870508E+00  3.9573405972E-01 -1.8465513193E+01
 -4.4987325756E+00  2.3370081919E-03  1.4510900171E+00  3.9816232510E-01 -2.1422221940E+01
 -4.5134566417E+00  2.3301737335E-03  1.4712940224E+00  3.9692150911E-01 -2.3442060515E+01
 -4.5267066241E+00  2.3240243503E-03  1.4894788493E+00  3.9204841372E-01 -2.4111599374E+01
</Path of -GradDelSqRho>
<Path of -GradDelSqRho>
Starting CP# =      3
Ending CP# =     21
Number of Points =     17
 -4.1141529342E+00  2.5247071848E-03  9.2707026270E-01  4.1766388611E-01 -9.7657754041E-01
 -4.0993658626E+00  2.5323128315E-03  9.0691232506E-01  4.2908603735E-01 -9.8664982453E-01
 -4.0845838009E+00  2.5399384753E-03  8.8675071323E-01  4.4156735623E-01 -1.0170511462E+00
 -4.0698063824E+00  2.5475792019E-03  8.6658569793E-01  4.5511913550E-01 -1.0680817775E+00
 -4.0550329498E+00  2.5552293059E-03  8.4641776229E-01  4.6974600822E-01 -1.1399834169E+00
 -4.0402625305E+00  2.5628822344E-03  8.2624761958E-01  4.8544525050E-01 -1.2327996112E+00
 -4.0254938034E+00  2.5705304129E-03  8.0607623790E-01  5.0220613759E-01 -1.3462069970E+00
 -4.0107250430E+00  2.5781648826E-03  7.8590488054E-01  5.2000946164E-01 -1.4793227364E+00
 -3.9959540278E+00  2.5857746375E-03  7.6573517424E-01  5.3882733876E-01 -1.6304956564E+00
 -3.9811778839E+00  2.5933454639E-03  7.4556922507E-01  5.5862344907E-01 -1.7970906422E+00
 -3.9663928151E+00  2.6008578857E-03  7.2540981859E-01  5.7935386577E-01 -1.9752770731E+00
 -3.9515936198E+00  2.6082833684E-03  7.0526078081E-01  6.0096863586E-01 -2.1598313269E+00
 -3.9367727537E+00  2.6155767602E-03  6.8512767911E-01  6.2341427585E-01 -2.3439585012E+00
 -3.9219183042E+00  2.6226594706E-03  6.6501934615E-01  6.4663733572E-01 -2.5191254968E+00
 -3.9070088104E+00  2.6293752837E-03  6.4495180292E-01  6.7058913930E-01 -2.6748693699E+00
 -3.8919959501E+00  2.6353381427E-03  6.2496152590E-01  6.9523149887E-01 -2.7984899618E+00
 -3.8637856153E+00  2.5721191431E-03  5.9537081870E-01  7.3656777584E-01 -2.8894103641E+00
</Path of -GradDelSqRho>
<Path of -GradDelSqRho>
Starting CP# =      4
Ending CP# =     22
Number of Points =     17
 -4.1146717075E+00  3.1285793899E-03 -9.2645553014E-01  4.1766050393E-01 -9.7656436814E-01
 -4.0998735365E+00  3.1231073406E-03 -9.0630573853E-01  4.2908275237E-01 -9.8663654726E-01
 -4.0850803656E+00  3.1176558299E-03 -8.8615227576E-01  4.4156417354E-01 -1.0170376211E+00
 -4.0702918288E+00  3.1122206335E-03 -8.6599541224E-01  4.5511606248E-01 -1.0680679810E+00
 -4.0555072699E+00  3.1067969559E-03 -8.4583563081E-01  4.6974305475E-01 -1.1399694727E+00
 -4.0407257179E+00  3.1013794240E-03 -8.2567364458E-01  4.8544242913E-01 -1.2327858228E+00
 -4.0259458529E+00  3.0959619869E-03 -8.0551042158E-01  5.0220346361E-01 -1.3461938828E+00
 -4.0111659516E+00  3.0905376649E-03 -7.8534722521E-01  5.2000695312E-01 -1.4793110682E+00
 -3.9963837946E+00  3.0850980635E-03 -7.6518568248E-01  5.3882501640E-01 -1.6304864985E+00
 -3.9815965108E+00  3.0796325005E-03 -7.4502789988E-01  5.5862133597E-01 -1.7970853916E+00
 -3.9668003075E+00  3.0741264418E-03 -7.2487666365E-01  5.7935198700E-01 -1.9752774983E+00
 -3.9519899878E+00  3.0685585939E-03 -7.0473580065E-01  6.0096701788E-01 -2.1598396079E+00
 -3.9371580149E+00  3.0628950920E-03 -6.8461087939E-01  6.2341294565E-01 -2.3439772712E+00
 -3.9222924881E+00  3.0570765390E-03 -6.6451073374E-01  6.4663631983E-01 -2.5191578961E+00
 -3.9073719704E+00  3.0509839105E-03 -6.4445138539E-01  6.7058846260E-01 -2.6749191264E+00
 -3.8923482004E+00  3.0443210050E-03 -6.2446930646E-01  6.9523118405E-01 -2.7985615313E+00
 -3.8641169222E+00  2.9755287809E-03 -5.9488441743E-01  7.3657921327E-01 -2.8895292477E+00
</Path of -GradDelSqRho>
<Path of -GradDelSqRho>
Starting CP# =      4
Ending CP# =      0
Number of Points =     29
 -4.1146717075E+00  3.1285793899E-03 -9.2645553014E-01  4.1766050393E-01 -9.7656436814E-01
 -4.1294748077E+00  3.1340746875E-03 -9.4660170078E-01  4.0728013645E-01 -9.8656878217E-01
 -4.1442828765E+00  3.1395969156E-03 -9.6674421963E-01  3.9791892652E-01 -1.0165160628E+00
 -4.1590955787E+00  3.1451482076E-03 -9.8688333131E-01  3.8954913891E-01 -1.0664209652E+00
 -4.1739124237E+00  3.1507298362E-03 -1.0070193953E+00  3.8213828904E-01 -1.1364279173E+00
 -4.1887328241E+00  3.1563421534E-03 -1.0271528425E+00  3.7564925890E-01 -1.2267286745E+00
 -4.2035561669E+00  3.1619845449E-03 -1.0472841236E+00  3.7004032251E-01 -1.3373927165E+00
 -4.2183818940E+00  3.1676553798E-03 -1.0674136488E+00  3.6526519754E-01 -1.4680794445E+00
 -4.2332095958E+00  3.1733519310E-03 -1.0875417194E+00  3.6127332807E-01 -1.6176055229E+00
 -4.2480391205E+00  3.1790702268E-03 -1.1076684469E+00  3.5801072294E-01 -1.7833746055E+00
 -4.2628707120E+00  3.1848047725E-03 -1.1277936515E+00  3.5542181135E-01 -1.9607651390E+00
 -4.2777051957E+00  3.1905480640E-03 -1.1479167243E+00  3.5345288737E-01 -2.1427362684E+00
 -4.2925442264E+00  3.1962899007E-03 -1.1680364443E+00  3.5205770378E-01 -2.3201456083E+00
 -4.3073904658E+00  3.2020172508E-03 -1.1881508454E+00  3.5120549951E-01 -2.4835066775E+00
 -4.3222467120E+00  3.2077191335E-03 -1.2082578566E+00  3.5089103964E-01 -2.6269902399E+00
 -4.3371103396E+00  3.2134112403E-03 -1.2283594123E+00  3.5114501924E-01 -2.7551664825E+00
 -4.3519627053E+00  3.2191755233E-03 -1.2484692884E+00  3.5204155355E-01 -2.8921028153E+00
 -4.3667814653E+00  3.2250966580E-03 -1.2686039386E+00  3.5369785597E-01 -3.0909898714E+00
 -4.3815677098E+00  3.2311561100E-03 -1.2887624814E+00  3.5626018487E-01 -3.4408129994E+00
 -4.3963338431E+00  3.2372959607E-03 -1.3089357618E+00  3.5987090011E-01 -4.0653513848E+00
 -4.4110887871E+00  3.2434781794E-03 -1.3291172280E+00  3.6461474906E-01 -5.1096412580E+00
 -4.4258372605E+00  3.2496836509E-03 -1.3493034236E+00  3.7044826178E-01 -6.7104858864E+00
 -4.4405816793E+00  3.2559029575E-03 -1.3694925810E+00  3.7712411171E-01 -8.9511612703E+00
 -4.4553233232E+00  3.2621312603E-03 -1.3896837645E+00  3.8413086173E-01 -1.1806851640E+01
 -4.4700628968E+00  3.2683659435E-03 -1.4098764596E+00  3.9067452981E-01 -1.5096465082E+01
 -4.4848007931E+00  3.2746055162E-03 -1.4300703787E+00  3.9572726440E-01 -1.8465085904E+01
 -4.4995372168E+00  3.2808490583E-03 -1.4502653727E+00  3.9815552816E-01 -2.1421766202E+01
 -4.5142722154E+00  3.2870958556E-03 -1.4704614063E+00  3.9691480919E-01 -2.3441609147E+01
 -4.5275320389E+00  3.2927190981E-03 -1.4886390588E+00  3.9204188489E-01 -2.4111180863E+01
</Path of -GradDelSqRho>
<Path of -GradDelSqRho>
Starting CP# =      7
Ending CP# =     13
Number of Points =     32
 -3.4845029893E+00  1.6512042004E-01  1.8668033964E-04  2.2577249915E+01  1.2300042386E+03
 -3.4910511229E+00  1.8924761704E-01  1.9624418201E-04  1.5664299954E+01  1.1480617389E+03
 -3.4975729924E+00  2.1338193121E-01  2.0580207844E-04  1.0978270252E+01  9.7840056392E+02
 -3.5040884031E+00  2.3751798983E-01  2.1535849485E-04  7.8114243180E+00  7.7045462506E+02
 -3.5105885711E+00  2.6165815717E-01  2.2491143870E-04  5.6793749756E+00  5.6991432889E+02
 -3.5170582882E+00  2.8580650155E-01  2.3445745059E-04  4.2448705250E+00  4.0568632228E+02
 -3.5234809701E+00  3.0996739542E-01  2.4399273513E-04  3.2770561944E+00  2.8300219908E+02
 -3.5298399000E+00  3.3414514263E-01  2.5351343354E-04  2.6209092287E+00  1.9476041922E+02
 -3.5361194608E+00  3.5834362103E-01  2.6301589758E-04  2.1729802144E+00  1.3178479399E+02
 -3.5423042913E+00  3.8256647886E-01  2.7249649124E-04  1.8639098748E+00  8.6886290859E+01
 -3.5483754153E+00  4.0681807612E-01  2.8195068403E-04  1.6468920878E+00  5.5166499135E+01
 -3.5543045811E+00  4.3110475217E-01  2.9137169382E-04  1.4903301551E+00  3.3231645905E+01
 -3.5600473226E+00  4.5543614628E-01  3.0074875940E-04  1.3730779810E+00  1.8531123960E+01
 -3.5655328319E+00  4.7982673861E-01  3.1006451343E-04  1.2812087056E+00  9.0417614772E+00
 -3.5706459241E+00  5.0429791632E-01  3.1929011401E-04  1.2057354131E+00  3.1646565109E+00
 -3.5751905165E+00  5.2888050218E-01  3.2837490742E-04  1.1409942852E+00 -3.1312324645E-01
 -3.5788050627E+00  5.5361533622E-01  3.3722092428E-04  1.0835423600E+00 -2.2629696178E+00
 -3.5807239726E+00  5.7853240445E-01  3.4560409786E-04  1.0315422108E+00 -3.2776748286E+00
 -3.5788842659E+00  6.0340808738E-01  3.5282872214E-04  9.8514990140E-01 -3.7437681218E+00
 -3.5668147768E+00  6.2469215330E-01  3.5583794764E-04  9.5300539445E-01 -3.9240210641E+00
 -3.5436006081E+00  6.3329171387E-01  3.5157533825E-04  9.4916235426E-01 -4.0244982604E+00
 -3.5187641784E+00  6.3606316747E-01  3.4510352503E-04  9.5467103271E-01 -4.1144198548E+00
 -3.4938002232E+00  6.3737691629E-01  3.3825140387E-04  9.6074997940E-01 -4.1969402144E+00
 -3.4688055888E+00  6.3784118067E-01  3.3124711327E-04  9.6621197474E-01 -4.2716453280E+00
 -3.4438087197E+00  6.3751685781E-01  3.2412612029E-04  9.7091366594E-01 -4.3381285311E+00
 -3.4188344378E+00  6.3640620497E-01  3.1690358071E-04  9.7483001271E-01 -4.3960718844E+00
 -3.3939077408E+00  6.3450685026E-01  3.0959188664E-04  9.7795227117E-01 -4.4452538046E+00
 -3.3690540026E+00  6.3181633936E-01  3.0220120480E-04  9.8027948284E-01 -4.4855519766E+00
 -3.3442990185E+00  6.2833248815E-01  2.9473791307E-04  9.8181784174E-01 -4.5169439739E+00
 -3.3196690413E+00  6.2405347988E-01  2.8720141320E-04  9.8258044290E-01 -4.5395057678E+00
 -3.2951908109E+00  6.1897794059E-01  2.7957697565E-04  9.8258697172E-01 -4.5534082384E+00
 -3.2666380253E+00  6.1198948061E-01  2.7041901463E-04  9.8166281172E-01 -4.5590358708E+00
</Path of -GradDelSqRho>
<Path of -GradDelSqRho>
Starting CP# =      7
Ending CP# =      1
Number of Points =      7
 -3.4845029893E+00  1.6512042004E-01  1.8668033964E-04  2.2577249915E+01  1.2300042386E+03
 -3.4778964500E+00  1.4100915349E-01  1.7710333648E-04  3.2809811616E+01  9.7779904688E+02
 -3.4712404658E+00  1.1691148389E-01  1.6751523272E-04  4.8060849016E+01 -8.0500832431E+02
 -3.4645627076E+00  9.2819837215E-02  1.5792225134E-04  7.0719033300E+01 -6.4077958557E+03
 -3.4578690772E+00  6.8732596613E-02  1.4832572271E-04  1.0435692055E+02 -2.0699898243E+04
 -3.4511492135E+00  4.4652660762E-02  1.3872335105E-04  1.5482726182E+02 -7.5538952556E+04
 -3.4394545930E+00  2.9083466482E-03  1.2206295089E-04  2.9719587032E+02 -3.3282521665E+06
</Path of -GradDelSqRho>
<Path of -GradDelSqRho>
Starting CP# =      8
Ending CP# =      1
Number of Points =      7
 -3.4845995821E+00 -1.5928034982E-01  8.3222112218E-05  2.2576522448E+01  1.2299276168E+03
 -3.4779787460E+00 -1.3517300395E-01  8.9022873003E-05  3.2808626860E+01  9.7777390328E+02
 -3.4713085154E+00 -1.1107927264E-01  9.4803996269E-05  4.8058918239E+01 -8.0473783371E+02
 -3.4646165320E+00 -8.6991572219E-02  1.0057645613E-04  7.0715952966E+01 -6.4069400498E+03
 -3.4579086959E+00 -6.2908282572E-02  1.0634259370E-04  1.0435199667E+02 -2.0696706970E+04
 -3.4511746551E+00 -3.8832306307E-02  1.1209826516E-04  1.5481959298E+02 -7.5528194039E+04
 -3.4394545930E+00  2.9083466482E-03  1.2206295089E-04  2.9719587032E+02 -3.3282521665E+06
</Path of -GradDelSqRho>
<Path of -GradDelSqRho>
Starting CP# =      8
Ending CP# =     14
Number of Points =     32
 -3.4845995821E+00 -1.5928034982E-01  8.3222112218E-05  2.2576522448E+01  1.2299276168E+03
 -3.4911620807E+00 -1.8340364477E-01  7.7398229721E-05  1.5663844186E+01  1.1479962225E+03
 -3.4976983547E+00 -2.0753406296E-01  7.1564017704E-05  1.0977974639E+01  9.7834759164E+02
 -3.5042281806E+00 -2.3166622681E-01  6.5727325769E-05  7.8112197165E+00  7.7041310395E+02
 -3.5107427816E+00 -2.5580250438E-01  5.9884709753E-05  5.6792173327E+00  5.6988461253E+02
 -3.5172269665E+00 -2.7994696915E-01  5.4030231458E-05  4.2447324625E+00  4.0566733904E+02
 -3.5236641705E+00 -3.0410399910E-01  4.8157476977E-05  3.2769217562E+00  2.8299169825E+02
 -3.5300376973E+00 -3.2827790369E-01  4.2260069663E-05  2.6207700139E+00  1.9475606275E+02
 -3.5363319496E+00 -3.5247256603E-01  3.6332170205E-05  2.1728326053E+00  1.3178468275E+02
 -3.5425315866E+00 -3.7669163961E-01  3.0368168376E-05  1.8637531708E+00  8.6889002180E+01
 -3.5486176591E+00 -4.0093949097E-01  2.4361234487E-05  1.6467272833E+00  5.5170972379E+01
 -3.5545619555E+00 -4.2522246933E-01  1.8301266097E-05  1.4901591316E+00  3.3237085249E+01
 -3.5603200750E+00 -4.4955023002E-01  1.2172501027E-05  1.3729029637E+00  1.8536945239E+01
 -3.5658213180E+00 -4.7393727986E-01  5.9502164630E-06  1.2810318948E+00  9.0475606363E+00
 -3.5709506876E+00 -4.9840505277E-01 -4.0488780494E-07  1.2055587297E+00  3.1701800594E+00
 -3.5755124503E+00 -5.2298446157E-01 -6.9574930069E-06  1.1408191580E+00 -3.0801098880E-01
 -3.5791457898E+00 -5.4771655127E-01 -1.3820940189E-05  1.0833694000E+00 -2.2583186418E+00
 -3.5810869445E+00 -5.7263193589E-01 -2.1215664702E-05  1.0313701659E+00 -3.2734737353E+00
 -3.5792788600E+00 -5.9751025357E-01 -2.9635532116E-05  9.8496974223E-01 -3.7399439629E+00
 -3.5672584952E+00 -6.1882398781E-01 -3.9717992459E-05  9.5276808412E-01 -3.9203446910E+00
 -3.5440604040E+00 -6.2746204367E-01 -4.8788350333E-05  9.4887627857E-01 -4.0207235004E+00
 -3.5192264003E+00 -6.3025470552E-01 -5.6397167028E-05  9.5437324856E-01 -4.1105398576E+00
 -3.4942634402E+00 -6.3158719059E-01 -6.3528383826E-05  9.6044603629E-01 -4.1929743272E+00
 -3.4692691560E+00 -6.3206992460E-01 -7.0347947857E-05  9.6590345739E-01 -4.2676145738E+00
 -3.4442720548E+00 -6.3176400367E-01 -7.6865855661E-05  9.7060182212E-01 -4.3340549534E+00
 -3.4192969640E+00 -6.3067168995E-01 -8.3074784614E-05  9.7451608164E-01 -4.3919782371E+00
 -3.3943688818E+00 -6.2879059960E-01 -8.8966563879E-05  9.7763749979E-01 -4.4411632329E+00
 -3.3695131824E+00 -6.2611826400E-01 -9.4534005450E-05  9.7996511624E-01 -4.4814876889E+00
 -3.3447556614E+00 -6.2265248349E-01 -9.9771751319E-05  9.8150511186E-01 -4.5129289127E+00
 -3.3201225719E+00 -6.1839142457E-01 -1.0467768543E-04  9.8227055722E-01 -4.5355622848E+00
 -3.2956406546E+00 -6.1333369557E-01 -1.0925597192E-04  9.8228110217E-01 -4.5495577835E+00
 -3.2667001340E+00 -6.0626462110E-01 -1.1431610677E-04  9.8134408898E-01 -4.5553216139E+00
</Path of -GradDelSqRho>
<Path of -GradDelSqRho>
Starting CP# =     11
Ending CP# =     13
Number of Points =     36
 -2.7679644060E+00  2.7512785438E-03 -5.3782346791E-05  8.4474647905E-01 -3.3667032011E+00
 -2.7685909454E+00  1.0855359179E-02 -5.1072550963E-05  8.4564304888E-01 -3.3668604406E+00
 -2.7687116444E+00  2.4323273980E-02 -4.6807796450E-05  8.4545345615E-01 -3.3680746034E+00
 -2.7697426508E+00  4.8583465073E-02 -3.8908251867E-05  8.4548192642E-01 -3.3729613109E+00
