 AIMInt (Version 19.02.13, Professional)
 Portions Copyright (c) 1997-2019 by Todd A. Keith
 AIMInt is a component of the AIMAll package ( http://aim.tkgristmill.com )

 TP:  64-bit Linux

 Licensed To:  Research Group of Fernando Cortes Guzman, UNAM, fercor@unam.mx

 AIMInt is a heavily modified and extended version of the PROAIMV program
 developed by members of R.F.W. Bader's research group

 Much of the Quantum Theory of Atoms in Molecules (QTAIM) is described in the book:
   "Atoms in Molecules - A Quantum Theory"
   R.F.W. Bader, Oxford University Press, Oxford, 1990

 For additional references see:  http://aim.tkgristmill.com/references.html

 Current Directory:  /home/scratch/M_H2O_4_cuadrado_plano/Opt

 Inp File:  Fe2_cuadrado_plano_cc-pvtz-def2-tzv_1_atomicfiles/o8.inp
 Wfx File:  Fe2_cuadrado_plano_cc-pvtz-def2-tzv_1.wfx
 Out File:  Fe2_cuadrado_plano_cc-pvtz-def2-tzv_1_atomicfiles/o8.int

 Wfx Title:   Fe2_cuadrado_plano_cc-pvtz-def2-tzv_1                                         
 Job Title:   Fe2_cuadrado_plano_cc-pvtz-def2-tzv_1                                         
 
<Atom>
O8      
</Atom>
<Nuclei of Molecule>
    13
Fe1       26.0           6.6469427404E-04  -6.3747935490E-04  -4.4502506417E-04
O2         8.0           3.4391477590E+00  -1.5410151627E-03   1.2208174831E-04
H3         1.0           4.5323166269E+00  -4.4954133333E-03  -1.4963508524E+00
O4         8.0           1.6620549849E-03   3.4395448649E+00   2.8733829863E-04
H5         1.0          -1.4976588283E+00   4.5344011264E+00   2.0597880277E-03
O6         8.0          -3.4394542686E+00   2.9083471215E-03   1.2206285104E-04
H7         1.0          -4.5320896668E+00   2.3216630805E-03   1.4969402877E+00
O8         8.0          -2.7874962719E-03  -3.4390572194E+00   2.8737609315E-04
H9         1.0           1.4949372866E+00  -4.5362302851E+00   7.8945742940E-04
H10        1.0          -4.5329195967E+00   3.2951743954E-03  -1.4960983283E+00
H11        1.0          -1.5032196526E+00  -4.5324892311E+00  -1.9484422144E-04
H12        1.0           1.5005791801E+00   4.5349784557E+00   1.2338265295E-03
H13        1.0           4.5322282066E+00  -4.6846838368E-05   1.4966404449E+00
</Nuclei of Molecule>
<Total Number of CPs of DelSqRho>
    38
</Total Number of CPs of DelSqRho>
<Number of (3,+3) CPs of DelSqRho>
     5
</Number of (3,+3) CPs of DelSqRho>
<Number of (3,+1) CPs of DelSqRho>
    15
</Number of (3,+1) CPs of DelSqRho>
<Number of (3,-1) CPs of DelSqRho>
    12
</Number of (3,-1) CPs of DelSqRho>
<Number of (3,-3) CPs of DelSqRho>
     6
</Number of (3,-3) CPs of DelSqRho>
<Number of Degenerate CPs of DelSqRho>
     0
</Number of Degenerate CPs of DelSqRho>
<CP of DelSqRho>
CP# = 1       
Type = (3,+3)
Coords = -2.78749667166306E-03 -3.43905755540288E+00  2.87376043170813E-04
DistFromNuc =  3.3600011743E-07
Rho =  2.9733508993E+02
DelSqRho = -3.3297221702E+06
GradDelSqRho =  7.5028303570E-09  2.5993354939E-05 -2.7672619751E-10
HessDelSqRho_EigVals =  1.3241515735E+11  1.3241517501E+11  1.3241518220E+11
HessDelSqRho_EigVec1 = -3.3600120286E-04  8.9089818980E-05  9.9999993958E-01
HessDelSqRho_EigVec2 =  1.1426265807E-03  9.9999934327E-01 -8.8705841926E-05
HessDelSqRho_EigVec3 =  9.9999929075E-01 -1.1425967064E-03  3.3610277859E-04
</CP of DelSqRho>
<CP of DelSqRho>
CP# = 2       
Type = (3,-1)
Coords = -2.06162943374365E-03 -1.97366976575013E+00  4.88434588030060E-05
DistFromNuc =  1.4653876528E+00
Rho =  1.6111954644E-01
DelSqRho =  4.3962136728E-01
GradDelSqRho = -5.5462362133E-16  8.9706020390E-14 -2.1765358613E-17
HessDelSqRho_EigVals = -7.5540656166E-01 -2.7565680237E-01  4.9540246057E+00
HessDelSqRho_EigVec1 = -1.4427914742E-04  2.4321195965E-04  9.9999996002E-01
HessDelSqRho_EigVec2 =  9.9999914382E-01 -1.3005593396E-03  1.4459534125E-04
HessDelSqRho_EigVec3 =  1.3005944549E-03  9.9999912470E-01 -2.4302410783E-04
</CP of DelSqRho>
<CP of DelSqRho>
CP# = 3       
Type = (3,+1)
Coords =  9.26453111445718E-01 -4.12161390054305E+00  5.93530051266374E-04
DistFromNuc =  1.1529838783E+00
Rho =  4.1852433024E-01
DelSqRho = -1.0087929290E+00
GradDelSqRho =  4.0878411767E-13 -2.4058532944E-13  7.0971874211E-16
HessDelSqRho_EigVals = -3.2666765459E+01  1.5413232020E+01  1.6246493113E+01
HessDelSqRho_EigVec1 =  8.0616803051E-01 -5.9168659975E-01  2.7250559265E-04
HessDelSqRho_EigVec2 = -3.2427251092E-04  1.8738715406E-05  9.9999994725E-01
HessDelSqRho_EigVec3 =  5.9168657365E-01  8.0616807635E-01  1.7676114609E-04
</CP of DelSqRho>
<CP of DelSqRho>
CP# = 4       
Type = (3,+1)
Coords = -9.33712527251796E-01 -4.11929604420556E+00 -9.58673581262809E-06
DistFromNuc =  1.1529728359E+00
Rho =  4.1853541238E-01
DelSqRho = -1.0088600036E+00
GradDelSqRho = -4.4364512064E-13 -2.6190161151E-13 -2.8406096919E-16
HessDelSqRho_EigVals = -3.2668934670E+01  1.5414270219E+01  1.6247685104E+01
HessDelSqRho_EigVec1 =  8.0763700054E-01  5.8967991908E-01  2.6152675281E-04
HessDelSqRho_EigVec2 = -3.5584044092E-04  4.3859676311E-05  9.9999993573E-01
HessDelSqRho_EigVec3 = -5.8967986971E-01  8.0763704169E-01 -2.4525465983E-04
</CP of DelSqRho>
<CP of DelSqRho>
CP# = 5       
Type = (3,-1)
Coords = -2.60648009455839E-03 -3.27217023554190E+00  2.85972215130976E-04
DistFromNuc =  1.6688708204E-01
Rho =  2.2769757847E+01
DelSqRho =  1.2929419925E+03
GradDelSqRho =  2.9448665728E-14  9.4217966762E-12  1.7347234760E-17
HessDelSqRho_EigVals = -4.5258269013E+05 -2.8405253869E+03  3.1848225377E+02
HessDelSqRho_EigVec1 =  1.0852904189E-03  9.9999941104E-01 -7.7104178202E-06
HessDelSqRho_EigVec2 = -3.3654074300E-04  8.0756665835E-06  9.9999994334E-01
HessDelSqRho_EigVec3 =  9.9999935444E-01 -1.0852877625E-03  3.3654930924E-04
</CP of DelSqRho>
<CP of DelSqRho>
CP# = 6       
Type = (3,-1)
Coords = -2.98433142336468E-03 -3.60794397286094E+00  3.22771019018336E-04
DistFromNuc =  1.6888687187E-01
Rho =  2.2328662453E+01
DelSqRho =  1.2477787259E+03
GradDelSqRho = -2.3758772727E-14 -7.3214323493E-11  1.6521506385E-14
HessDelSqRho_EigVals = -4.0442294750E+05 -1.1492508100E+03  1.6237750819E+03
HessDelSqRho_EigVec1 =  1.1652689225E-03  9.9999929874E-01 -2.1136641396E-04
HessDelSqRho_EigVec2 = -3.4013698899E-04  2.1176289656E-04  9.9999991973E-01
HessDelSqRho_EigVec3 =  9.9999926323E-01 -1.1651969355E-03  3.4038351119E-04
</CP of DelSqRho>
<CP of DelSqRho>
CP# = 7       
Type = (3,+1)
Coords = -2.91964484068477E-03 -3.50669805017520E+00  1.54552932150169E-01
DistFromNuc =  1.6844334726E-01
Rho =  2.2515596816E+01
DelSqRho =  1.2379518670E+03
GradDelSqRho =  9.7144514655E-16 -3.8085090637E-12  9.5212726592E-12
HessDelSqRho_EigVals = -4.1130795010E+05  1.6310504460E+03  2.8861126561E+03
HessDelSqRho_EigVec1 = -7.8000316513E-04 -3.9725668862E-01  9.1770720545E-01
HessDelSqRho_EigVec2 =  9.2707507946E-04  9.1770680299E-01  3.9725730237E-01
HessDelSqRho_EigVec3 =  9.9999926606E-01 -1.1606454336E-03  3.4752743482E-04
</CP of DelSqRho>
<CP of DelSqRho>
CP# = 8       
Type = (3,+1)
Coords = -2.81500833487285E-03 -3.50670799077306E+00 -1.53974241626343E-01
DistFromNuc =  1.6844368295E-01
Rho =  2.2515525177E+01
DelSqRho =  1.2379436545E+03
GradDelSqRho =  3.7192471325E-15  1.8559376258E-11  1.0118128557E-11
HessDelSqRho_EigVals = -4.1130012686E+05  1.6314793149E+03  2.8864416345E+03
HessDelSqRho_EigVec1 =  1.5751520091E-04  3.9731565423E-01  9.1768199617E-01
HessDelSqRho_EigVec2 =  1.1890412289E-03  9.1768128442E-01 -3.9731555016E-01
HessDelSqRho_EigVec3 =  9.9999928068E-01 -1.1537449671E-03  3.2787594186E-04
</CP of DelSqRho>
<CP of DelSqRho>
CP# = 9       
Type = (3,-3)
Coords =  1.05539778931913E-01 -3.31183978373132E+00  3.24128902470584E-04
DistFromNuc =  1.6709002317E-01
Rho =  2.2696281027E+01
DelSqRho =  1.2939863880E+03
GradDelSqRho = -7.3896444519E-12 -9.2228447102E-12 -4.2743586448E-15
HessDelSqRho_EigVals = -4.4811312383E+05 -3.1156112579E+03 -5.4237085090E+02
HessDelSqRho_EigVec1 =  6.4578465545E-01  7.6351956785E-01  2.1979021373E-04
HessDelSqRho_EigVec2 = -3.6298385481E-04  1.9147124739E-05  9.9999993394E-01
HessDelSqRho_EigVec3 =  7.6351951320E-01 -6.4578469256E-01  2.8951019531E-04
</CP of DelSqRho>
<CP of DelSqRho>
CP# = 10      
Type = (3,-3)
Coords = -1.10806080991944E-01 -3.31157758599757E+00  2.51218922074010E-04
DistFromNuc =  1.6709001432E-01
Rho =  2.2696290015E+01
DelSqRho =  1.2939853615E+03
GradDelSqRho = -2.1316282073E-12 -7.1906924859E-12  1.0103029524E-14
HessDelSqRho_EigVals = -4.4811311224E+05 -3.1155258044E+03 -5.4217677872E+02
HessDelSqRho_EigVec1 = -6.4393213860E-01  7.6508258031E-01 -2.1487730376E-04
HessDelSqRho_EigVec2 = -3.1247424061E-04  1.7860931057E-05  9.9999995102E-01
HessDelSqRho_EigVec3 =  7.6508254668E-01  6.4393217421E-01  2.2756737075E-04
</CP of DelSqRho>
<CP of DelSqRho>
CP# = 11      
Type = (3,-1)
Coords =  6.62951848027466E-01 -3.18723037929208E+00  4.86601929438725E-04
DistFromNuc =  7.1177641970E-01
Rho =  6.8449769320E-01
DelSqRho = -1.0710513162E+00
GradDelSqRho =  2.1316282073E-14 -5.3290705182E-15  1.1709383463E-17
HessDelSqRho_EigVals = -1.7032939639E+01 -1.1300102958E+01  1.4882510756E+02
HessDelSqRho_EigVec1 = -3.8100955279E-01  9.2457109192E-01 -1.2912354487E-04
HessDelSqRho_EigVec2 = -3.0628165448E-04  1.3441154184E-05  9.9999995301E-01
HessDelSqRho_EigVec3 =  9.2457105020E-01  3.8100957443E-01  2.7805795557E-04
</CP of DelSqRho>
<CP of DelSqRho>
CP# = 12      
Type = (3,-1)
Coords = -6.67904055846121E-01 -3.18560224071463E+00  5.42782512718710E-05
DistFromNuc =  7.1177209722E-01
Rho =  6.8451831554E-01
DelSqRho = -1.0711695012E+00
GradDelSqRho = -2.1316282073E-14  0.0000000000E+00 -1.4311468677E-17
HessDelSqRho_EigVals = -1.7033452472E+01 -1.1300866582E+01  1.4883185725E+02
HessDelSqRho_EigVec1 =  3.8327946920E-01  9.2363242063E-01 -6.6401992269E-06
HessDelSqRho_EigVec2 = -2.9170348376E-04  1.2823732977E-04  9.9999994923E-01
HessDelSqRho_EigVec3 =  9.2363237459E-01 -3.8327944780E-01  3.1857753049E-04
</CP of DelSqRho>
<CP of DelSqRho>
CP# = 13      
Type = (3,+1)
Coords = -1.98441318026787E-03 -2.77464281481782E+00  2.76913860844529E-04
DistFromNuc =  6.6441489001E-01
Rho =  8.7369886367E-01
DelSqRho = -3.6625704756E+00
GradDelSqRho = -8.6736173799E-18  9.6811447747E-14 -4.3368086899E-19
HessDelSqRho_EigVals = -5.3361540616E+00  2.0956185391E+01  2.5424924068E+02
HessDelSqRho_EigVec1 = -3.1020903104E-04  8.7334911184E-06  9.9999995185E-01
HessDelSqRho_EigVec2 =  9.9999922411E-01 -1.2064599548E-03  3.1021934190E-04
HessDelSqRho_EigVec3 =  1.2064626060E-03  9.9999927219E-01 -8.3592295686E-06
</CP of DelSqRho>
<CP of DelSqRho>
CP# = 14      
Type = (3,-1)
Coords = -3.68678496353377E-03 -4.15879733435144E+00  3.41275482386944E-04
DistFromNuc =  7.1974067878E-01
Rho =  6.8095866955E-01
DelSqRho = -1.1368554594E+00
GradDelSqRho = -1.4484941024E-14  7.8337336618E-13  6.6720934333E-14
HessDelSqRho_EigVals = -1.9486611460E+01 -4.6283264329E+00  1.3919945361E+02
HessDelSqRho_EigVec1 =  9.9999917849E-01 -1.2457152428E-03  3.0202937907E-04
HessDelSqRho_EigVec2 = -3.0192972650E-04  8.0183551512E-05  9.9999995120E-01
HessDelSqRho_EigVec3 =  1.2457393998E-03  9.9999922088E-01 -7.9807367177E-05
</CP of DelSqRho>
<CP of DelSqRho>
CP# = 15      
Type = (3,+3)
Coords = -2.57102311707060E-03 -3.10580052095238E+00  5.52465610810904E-01
DistFromNuc =  6.4495029019E-01
Rho =  9.3247890752E-01
DelSqRho = -4.2081471940E+00
GradDelSqRho =  2.6454533009E-16 -1.4210854715E-14  1.1546319456E-14
HessDelSqRho_EigVals =  7.5633227927E+00  2.2352814144E+01  3.0970904147E+02
HessDelSqRho_EigVec1 =  1.2554729315E-03  8.6912362687E-01 -4.9459331274E-01
HessDelSqRho_EigVec2 =  9.9999916585E-01 -1.2412552653E-03  3.5719772506E-04
HessDelSqRho_EigVec3 =  3.0346757133E-04  4.9459334863E-01  8.6912446025E-01
</CP of DelSqRho>
<CP of DelSqRho>
CP# = 16      
Type = (3,+3)
Coords = -2.21538927169778E-03 -3.10575498494047E+00 -5.51874415880265E-01
DistFromNuc =  6.4495996102E-01
Rho =  9.3245013769E-01
DelSqRho = -4.2079530465E+00
GradDelSqRho =  2.4286128664E-17  2.2204460493E-16  1.8873791419E-14
HessDelSqRho_EigVals =  7.5613557140E+00  2.2352426600E+01  3.0967269833E+02
HessDelSqRho_EigVec1 =  8.8236133133E-04  8.6908935973E-01  4.9465433006E-01
HessDelSqRho_EigVec2 =  9.9999923441E-01 -1.1959833622E-03  3.1750608281E-04
HessDelSqRho_EigVec3 = -8.6753950700E-04 -4.9465367120E-01  8.6908974965E-01
</CP of DelSqRho>
<CP of DelSqRho>
CP# = 17      
Type = (3,+1)
Coords =  4.42903339005914E-01 -3.70969573880508E+00  4.48004220067477E-01
DistFromNuc =  6.8726697957E-01
Rho =  7.8539851425E-01
DelSqRho = -2.5152866234E+00
GradDelSqRho =  2.2870594307E-14 -1.1546319456E-14  1.7763568394E-14
HessDelSqRho_EigVals = -1.2974720538E+01  1.2129180633E+01  1.9238375413E+02
HessDelSqRho_EigVec1 = -5.1504661680E-01  5.1325428690E-01  6.8651075702E-01
HessDelSqRho_EigVec2 =  6.1144032306E-01  7.8129258895E-01 -1.2538987912E-01
HessDelSqRho_EigVec3 =  6.0072265969E-01 -3.5517872603E-01  7.1622647166E-01
</CP of DelSqRho>
<CP of DelSqRho>
CP# = 18      
Type = (3,+1)
Coords = -4.49459799256239E-01 -3.70858635248953E+00  4.47697033361898E-01
DistFromNuc =  6.8726814363E-01
Rho =  7.8540484304E-01
DelSqRho = -2.5154010566E+00
GradDelSqRho =  6.6613381478E-16  8.8817841970E-16  1.7763568394E-15
HessDelSqRho_EigVals = -1.2973826939E+01  1.2130254774E+01  1.9238355348E+02
HessDelSqRho_EigVec1 =  5.1584328244E-01  5.1198517113E-01  6.8686016954E-01
HessDelSqRho_EigVec2 =  6.0941439592E-01 -7.8280454956E-01  1.2582182334E-01
HessDelSqRho_EigVec3 = -6.0209617339E-01 -3.5367813295E-01  7.1581560214E-01
</CP of DelSqRho>
<CP of DelSqRho>
CP# = 19      
Type = (3,+1)
Coords =  4.43163312813827E-01 -3.70971400572786E+00 -4.47156583963612E-01
DistFromNuc =  6.8726509987E-01
Rho =  7.8540395148E-01
DelSqRho = -2.5153098673E+00
GradDelSqRho = -1.7763568394E-15  1.5987211555E-14  3.5527136788E-15
HessDelSqRho_EigVals = -1.2973322891E+01  1.2128667617E+01  1.9238408544E+02
HessDelSqRho_EigVec1 = -5.1462835882E-01  5.1323933567E-01 -6.8683552370E-01
HessDelSqRho_EigVec2 =  6.1137969631E-01  7.8128595323E-01  1.2572639431E-01
HessDelSqRho_EigVec3 = -6.0114267794E-01  3.5521492593E-01  7.1585601705E-01
</CP of DelSqRho>
<CP of DelSqRho>
CP# = 20      
Type = (3,+1)
Coords = -4.49140344779278E-01 -3.70860384794620E+00 -4.47433385427264E-01
DistFromNuc =  6.8727005655E-01
Rho =  7.8539378208E-01
DelSqRho = -2.5152011396E+00
GradDelSqRho = -3.4861002973E-14 -2.4868995752E-14 -3.7303493627E-14
HessDelSqRho_EigVals = -1.2974512616E+01  1.2127406358E+01  1.9237651090E+02
HessDelSqRho_EigVec1 =  5.1631953346E-01  5.1196969101E-01 -6.8651378344E-01
HessDelSqRho_EigVec2 =  6.0951599223E-01 -7.8279886438E-01 -1.2536424185E-01
HessDelSqRho_EigVec3 =  6.0158490222E-01  3.5371312303E-01  7.1622805866E-01
</CP of DelSqRho>
<CP of DelSqRho>
CP# = 21      
Type = (3,+3)
Coords =  5.81868873122704E-01 -3.86230345808580E+00  4.69868578977785E-04
DistFromNuc =  7.2177592239E-01
Rho =  7.5991896564E-01
DelSqRho = -3.1714263608E+00
GradDelSqRho = -1.2434497876E-14  5.3290705182E-15  1.3010426070E-17
HessDelSqRho_EigVals =  1.2816660109E+01  2.3748810192E+01  1.4206511095E+02
HessDelSqRho_EigVec1 = -2.8287482776E-04  2.8638326433E-05  9.9999995958E-01
HessDelSqRho_EigVec2 =  5.8151697940E-01  8.1353425419E-01  1.4119826156E-04
HessDelSqRho_EigVec3 =  8.1353421726E-01 -5.8151699583E-01  2.4678203511E-04
</CP of DelSqRho>
<CP of DelSqRho>
CP# = 22      
Type = (3,+3)
Coords = -5.88497809635647E-01 -3.86084998659685E+00  1.14534914031362E-04
DistFromNuc =  7.2177956435E-01
Rho =  7.5991531185E-01
DelSqRho = -3.1713719950E+00
GradDelSqRho = -8.8817841970E-15 -5.3290705182E-15 -7.8062556419E-18
HessDelSqRho_EigVals =  1.2816370176E+01  2.3748306407E+01  1.4206139358E+02
HessDelSqRho_EigVec1 = -3.3310887448E-04  7.3863976726E-05  9.9999994179E-01
HessDelSqRho_EigVec2 = -5.7948798631E-01  8.1498074186E-01 -2.5323032419E-04
HessDelSqRho_EigVec3 =  8.1498071312E-01  5.7948803693E-01  2.2867403051E-04
</CP of DelSqRho>
<CP of DelSqRho>
CP# = 23      
Type = (3,-1)
Coords = -1.07770761340119E-03 -2.17762969426181E+00  3.68099197287344E-04
DistFromNuc =  1.2614286865E+00
Rho =  2.3843794834E-01
DelSqRho =  4.8235217229E-01
GradDelSqRho = -1.6181717424E-17 -9.9920072216E-16  2.8460307028E-19
HessDelSqRho_EigVals = -7.7310736877E+00 -2.0540870070E-01  6.4429128901E-01
HessDelSqRho_EigVec1 =  1.5046298796E-03  9.9999885552E-01  1.5824894695E-04
HessDelSqRho_EigVec2 = -1.9833334943E-04 -1.5795070435E-04  9.9999996786E-01
HessDelSqRho_EigVec3 =  9.9999884838E-01 -1.5046612172E-03  1.9809546510E-04
</CP of DelSqRho>
<CP of DelSqRho>
CP# = 24      
Type = (3,+1)
Coords = -1.41814225668340E-03 -2.28502841430255E+00  4.68091366335594E-01
DistFromNuc =  1.2452409130E+00
Rho =  2.4161095561E-01
DelSqRho =  4.7245071481E-01
GradDelSqRho = -2.4828229750E-17 -4.9960036108E-16  1.2490009027E-16
HessDelSqRho_EigVals = -1.0652550298E+01  2.3703424126E-01  7.4546001184E-01
HessDelSqRho_EigVec1 =  1.1223321675E-03  9.1251975865E-01  4.0903108739E-01
HessDelSqRho_EigVec2 = -1.0645304164E-03 -4.0903002300E-01  9.1252030501E-01
HessDelSqRho_EigVec3 =  9.9999880357E-01 -1.4595769256E-03  5.1233748638E-04
</CP of DelSqRho>
<CP of DelSqRho>
CP# = 25      
Type = (3,-3)
Coords = -4.26981530063249E-03 -4.52282221340518E+00  4.23506138693699E-01
DistFromNuc =  1.1634701889E+00
Rho =  2.4806209859E-01
DelSqRho =  8.5780102126E-01
GradDelSqRho = -1.6353156893E-16  6.0507154842E-15 -1.8457457784E-15
HessDelSqRho_EigVals = -1.7525247297E+01 -2.8561173571E+00 -1.3849815285E-01
HessDelSqRho_EigVec1 =  1.2728045837E-03  9.3024579129E-01 -3.6693480042E-01
HessDelSqRho_EigVec2 =  9.9999917535E-01 -1.2467943912E-03  3.0789747660E-04
HessDelSqRho_EigVec3 =  1.7107191933E-04  3.6693488972E-01  9.3024661109E-01
</CP of DelSqRho>
<CP of DelSqRho>
CP# = 26      
Type = (3,+1)
Coords = -1.21471420990264E-03 -2.28520204799835E+00 -4.67953915166629E-01
DistFromNuc =  1.2452446093E+00
Rho =  2.4161223688E-01
DelSqRho =  4.7241032625E-01
GradDelSqRho =  9.3469611391E-15  7.9847066459E-12 -4.1508185777E-12
HessDelSqRho_EigVals = -1.0652464528E+01  2.3743347115E-01  7.4552512496E-01
HessDelSqRho_EigVec1 =  1.2823757573E-03  9.1236450624E-01 -4.0937679865E-01
HessDelSqRho_EigVec2 =  5.7332448627E-04  4.0937639719E-01  9.1236540746E-01
HessDelSqRho_EigVec3 =  9.9999901341E-01 -1.4047010231E-03  1.8934555550E-06
</CP of DelSqRho>
<CP of DelSqRho>
CP# = 27      
Type = (3,-3)
Coords = -4.00375788312238E-03 -4.52281795678021E+00 -4.22949584520077E-01
DistFromNuc =  1.1634725351E+00
Rho =  2.4806122562E-01
DelSqRho =  8.5780061231E-01
GradDelSqRho =  1.6826817717E-16  1.0769163339E-14  4.1078251911E-15
HessDelSqRho_EigVals = -1.7525514035E+01 -2.8559868898E+00 -1.3850156413E-01
HessDelSqRho_EigVec1 =  1.0417404600E-03  9.3024084014E-01  3.6694808094E-01
HessDelSqRho_EigVec2 =  9.9999918382E-01 -1.2404976158E-03  3.0582510269E-04
HessDelSqRho_EigVec3 = -7.3968922001E-04 -3.6694746286E-01  9.3024137317E-01
</CP of DelSqRho>
<CP of DelSqRho>
CP# = 28      
Type = (3,-1)
Coords =  6.98014415601813E-01 -3.56400169920614E+00  9.47918963950864E-01
DistFromNuc =  1.1852173088E+00
Rho =  2.4340648332E-01
DelSqRho =  7.3471326454E-01
GradDelSqRho =  6.1062266354E-16 -1.8735013541E-16  6.9388939039E-18
HessDelSqRho_EigVals = -1.7435707740E+01 -1.3589213606E+00  3.1360212008E-01
HessDelSqRho_EigVec1 =  5.8107579616E-01 -8.3595972785E-02  8.0954470689E-01
HessDelSqRho_EigVec2 =  5.4197976560E-01 -7.0230631239E-01 -4.6154498942E-01
HessDelSqRho_EigVec3 =  6.0713166019E-01  7.0694947267E-01 -3.6278587388E-01
</CP of DelSqRho>
<CP of DelSqRho>
CP# = 29      
Type = (3,-1)
Coords = -7.04461879800082E-01 -3.56230894522204E+00  9.47503802415618E-01
DistFromNuc =  1.1852244035E+00
Rho =  2.4340878571E-01
DelSqRho =  7.3468195709E-01
GradDelSqRho = -1.6930901126E-15 -4.3715031595E-16  3.7123082386E-15
HessDelSqRho_EigVals = -1.7435319211E+01 -1.3586898693E+00  3.1375885835E-01
HessDelSqRho_EigVec1 = -5.8175633846E-01 -8.2202565582E-02  8.0919855467E-01
HessDelSqRho_EigVec2 =  5.4343751009E-01  7.0094596749E-01  4.6189871541E-01
HessDelSqRho_EigVec3 = -6.0517372323E-01  7.0846135313E-01 -3.6310780194E-01
</CP of DelSqRho>
<CP of DelSqRho>
CP# = 30      
Type = (3,-1)
Coords =  6.98596443856904E-01 -3.56407002146599E+00 -9.46910199242683E-01
DistFromNuc =  1.1852218690E+00
Rho =  2.4340752537E-01
DelSqRho =  7.3468464245E-01
GradDelSqRho =  1.7347234760E-15 -8.7777007884E-16 -3.5874081483E-15
HessDelSqRho_EigVals = -1.7435034424E+01 -1.3589374766E+00  3.1369921193E-01
HessDelSqRho_EigVec1 = -5.8156788926E-01  8.3657236126E-02  8.0918493376E-01
HessDelSqRho_EigVec2 =  5.4169823863E-01 -7.0227228438E-01  4.6192711206E-01
HessDelSqRho_EigVec3 =  6.0691169741E-01  7.0697602890E-01  3.6310203266E-01
</CP of DelSqRho>
<CP of DelSqRho>
CP# = 31      
Type = (3,-1)
Coords = -7.03927779951219E-01 -3.56230580740481E+00 -9.47325085245204E-01
DistFromNuc =  1.1852245731E+00
Rho =  2.4340973534E-01
DelSqRho =  7.3467170178E-01
GradDelSqRho =  2.9143354396E-15 -9.8011876393E-16 -1.3877787808E-15
HessDelSqRho_EigVals = -1.7434445627E+01 -1.3592067866E+00  3.1379307664E-01
HessDelSqRho_EigVec1 =  5.8129997278E-01  8.2195429152E-02  8.0952717871E-01
HessDelSqRho_EigVec2 =  5.4369789545E-01  7.0095000576E-01 -4.6158605688E-01
HessDelSqRho_EigVec3 = -6.0537834462E-01  7.0845818568E-01  3.6277273742E-01
</CP of DelSqRho>
<CP of DelSqRho>
CP# = 32      
Type = (3,-3)
Coords =  1.05493404572224E+00 -3.01192498950784E+00  6.09002320435479E-04
DistFromNuc =  1.1407089487E+00
Rho =  2.4713213127E-01
DelSqRho =  8.7106705246E-01
GradDelSqRho =  2.1094237468E-15 -1.9984014443E-15 -1.2316536679E-16
HessDelSqRho_EigVals = -1.8076014563E+01 -1.9555032241E+00 -5.8667530954E-01
HessDelSqRho_EigVec1 =  9.1304100653E-01  4.0786767725E-01  2.7974864526E-04
HessDelSqRho_EigVec2 = -4.0786765781E-01  9.1304104938E-01 -1.2590391347E-04
HessDelSqRho_EigVec3 = -3.0677413337E-04  8.5501116458E-07  9.9999995294E-01
</CP of DelSqRho>
<CP of DelSqRho>
CP# = 33      
Type = (3,-1)
Coords = -4.23693429043295E-03 -4.60372537055782E+00  2.66353980648283E-04
DistFromNuc =  1.1646690533E+00
Rho =  2.5113634454E-01
DelSqRho =  8.5399289934E-01
GradDelSqRho = -3.8434967015E-17  2.1288526497E-14 -1.0171917020E-15
HessDelSqRho_EigVals = -1.6828784435E+01 -3.9560870828E+00  8.7625230236E-02
HessDelSqRho_EigVec1 =  1.2430189621E-03  9.9999922735E-01  1.4481356003E-05
HessDelSqRho_EigVec2 =  9.9999917696E-01 -1.2430235012E-03  3.1777202994E-04
HessDelSqRho_EigVec3 = -3.1778978508E-04 -1.4086347425E-05  9.9999994941E-01
</CP of DelSqRho>
<CP of DelSqRho>
CP# = 34      
Type = (3,-3)
Coords = -1.05944876000761E+00 -3.00929302588429E+00 -6.04776355253667E-06
DistFromNuc =  1.1407148524E+00
Rho =  2.4713527432E-01
DelSqRho =  8.7110663041E-01
GradDelSqRho =  2.5246471580E-13 -1.3716805469E-13  4.6372411119E-14
HessDelSqRho_EigVals = -1.8076021257E+01 -1.9555911068E+00 -5.8694124205E-01
HessDelSqRho_EigVec1 =  9.1203000184E-01 -4.1012340658E-01  2.5905398399E-04
HessDelSqRho_EigVec2 =  4.1012339404E-01  9.1203003854E-01  1.0223911330E-04
HessDelSqRho_EigVec3 = -2.7819566843E-04  1.2998960464E-05  9.9999996122E-01
</CP of DelSqRho>
<CP of DelSqRho>
CP# = 35      
Type = (3,+1)
Coords =  1.32353568619360E+00 -4.67221688760499E+00  8.50497292729940E-01
DistFromNuc =  2.0006681019E+00
Rho =  7.4320659848E-02
DelSqRho =  1.8329140357E-01
GradDelSqRho = -4.8745729675E-16  5.6551985317E-16 -4.6490589156E-16
HessDelSqRho_EigVals = -1.7521342263E+00  2.8864910310E-02  5.7626660673E-01
HessDelSqRho_EigVec1 =  3.6199313559E-01 -5.0855029128E-01  7.8124104540E-01
HessDelSqRho_EigVec2 =  5.4978730617E-01  7.9327248283E-01  2.6163464214E-01
HessDelSqRho_EigVec3 =  7.5279139725E-01 -3.3480646533E-01 -5.6675368813E-01
</CP of DelSqRho>
<CP of DelSqRho>
CP# = 36      
Type = (3,+1)
Coords = -1.33283359755717E+00 -4.66872902325578E+00  8.49702815385129E-01
DistFromNuc =  2.0006553839E+00
Rho =  7.4321399632E-02
DelSqRho =  1.8328934891E-01
GradDelSqRho =  2.1684043450E-16  2.0296264669E-16 -2.9143354396E-16
HessDelSqRho_EigVals = -1.7519124587E+00  2.8894649574E-02  5.7631855443E-01
HessDelSqRho_EigVec1 = -3.6391898349E-01 -5.0749596755E-01  7.8103189203E-01
HessDelSqRho_EigVec2 = -5.4802034990E-01  7.9469451686E-01  2.6102551785E-01
HessDelSqRho_EigVec3 =  7.5315115983E-01  3.3302922964E-01  5.6732253847E-01
</CP of DelSqRho>
<CP of DelSqRho>
CP# = 37      
Type = (3,+1)
Coords =  1.32419449087562E+00 -4.67210339810394E+00 -8.49095537060772E-01
DistFromNuc =  2.0006837347E+00
Rho =  7.4318832911E-02
DelSqRho =  1.8328164248E-01
GradDelSqRho = -8.6909646146E-16  9.5062846484E-16  1.1865508576E-15
HessDelSqRho_EigVals = -1.7518723589E+00  2.8877885386E-02  5.7628989294E-01
HessDelSqRho_EigVec1 = -3.6264100897E-01  5.0846189728E-01  7.8099807786E-01
HessDelSqRho_EigVec2 =  5.5002273823E-01  7.9329375567E-01 -2.6107471086E-01
HessDelSqRho_EigVec3 =  7.5230744117E-01 -3.3489030477E-01  5.6734645299E-01
</CP of DelSqRho>
<CP of DelSqRho>
CP# = 38      
Type = (3,+1)
Coords = -1.33214192965611E+00 -4.66891995600668E+00 -8.49916418200724E-01
DistFromNuc =  2.0006479081E+00
Rho =  7.4321744695E-02
DelSqRho =  1.8329565305E-01
GradDelSqRho =  1.3530843113E-16  6.4184768611E-17 -7.2164496601E-16
HessDelSqRho_EigVals = -1.7520117340E+00  2.8876142261E-02  5.7631493535E-01
HessDelSqRho_EigVec1 =  3.6326953205E-01  5.0766893280E-01  7.8122180061E-01
HessDelSqRho_EigVec2 = -5.4779495384E-01  7.9464023011E-01 -2.6166312931E-01
HessDelSqRho_EigVec3 =  7.5362851301E-01  3.3289511767E-01 -5.6676706415E-01
</CP of DelSqRho>
<Path of -GradDelSqRho>
Starting CP# =      3
Ending CP# =      0
Number of Points =     29
  9.2645311145E-01 -4.1216139005E+00  5.9353005127E-04  4.1852433024E-01 -1.0087929290E+00
  9.4660784544E-01 -4.1364053390E+00  6.0034859407E-04  4.0801212248E-01 -1.0189584407E+00
  9.6676383224E-01 -4.1511950702E+00  6.0717970934E-04  3.9852854861E-01 -1.0493375970E+00
  9.8692131867E-01 -4.1659827574E+00  6.1402372318E-04  3.9004361205E-01 -1.0998759821E+00
  1.0070805498E+00 -4.1807680661E+00  6.2088066662E-04  3.8252269202E-01 -1.1706523478E+00
  1.0272417326E+00 -4.1955507134E+00  6.2775026043E-04  3.7592665878E-01 -1.2617856179E+00
  1.0474049976E+00 -4.2103305204E+00  6.3463191051E-04  3.7021190603E-01 -1.3732518568E+00
  1.0675703579E+00 -4.2251074685E+00  6.4152470645E-04  3.6533042693E-01 -1.5045802982E+00
  1.0877376610E+00 -4.2398817649E+00  6.4842741415E-04  3.6123015114E-01 -1.6544043481E+00
  1.1079065298E+00 -4.2546539241E+00  6.5533844922E-04  3.5785588224E-01 -1.8198825335E+00
  1.1280762792E+00 -4.2694248807E+00  6.6225581210E-04  3.5515131007E-01 -1.9961007227E+00
  1.1482457964E+00 -4.2841961545E+00  6.6917696396E-04  3.5306267242E-01 -2.1757398065E+00
  1.1684133845E+00 -4.2989700618E+00  6.7609866237E-04  3.5154460403E-01 -2.3495300117E+00
  1.1885767393E+00 -4.3137497461E+00  6.8301705038E-04  3.5056839136E-01 -2.5082352562E+00
  1.2087340446E+00 -4.3285376801E+00  6.8992956098E-04  3.5013208986E-01 -2.6469507699E+00
  1.2288892300E+00 -4.3433285031E+00  6.9684303597E-04  3.5027068333E-01 -2.7721274284E+00
  1.2490588995E+00 -4.3580995638E+00  7.0378299086E-04  3.5106281945E-01 -2.9107839464E+00
  1.2692574439E+00 -4.3728311133E+00  7.1076918871E-04  3.5262905344E-01 -3.1198858539E+00
  1.2894800184E+00 -4.3875296626E+00  7.1779190820E-04  3.5511573818E-01 -3.4922454402E+00
  1.3097163684E+00 -4.4022092423E+00  7.2483473390E-04  3.5865978621E-01 -4.1541817621E+00
  1.3299600679E+00 -4.4168786859E+00  7.3188785566E-04  3.6333298431E-01 -5.2502199750E+00
  1.3502078814E+00 -4.4315424507E+00  7.3894647894E-04  3.6907060983E-01 -6.9117828079E+00
  1.3704581893E+00 -4.4462027705E+00  7.4600825713E-04  3.7559720627E-01 -9.2106742041E+00
  1.3907101446E+00 -4.4608608146E+00  7.5307198108E-04  3.8237070878E-01 -1.2104847144E+01
  1.4109632844E+00 -4.4755172220E+00  7.6013698820E-04  3.8857142133E-01 -1.5393150468E+01
  1.4312173505E+00 -4.4901723494E+00  7.6720288571E-04  3.9315994991E-01 -1.8703720497E+01
  1.4514722058E+00 -4.5048263859E+00  7.7426940104E-04  3.9501379049E-01 -2.1539464897E+01
  1.4717278097E+00 -4.5194793877E+00  7.8133624474E-04  3.9312592750E-01 -2.3386282176E+01
  1.4879329806E+00 -4.5312008382E+00  7.8698927194E-04  3.8845051697E-01 -2.3884226295E+01
</Path of -GradDelSqRho>
<Path of -GradDelSqRho>
Starting CP# =      3
Ending CP# =     21
Number of Points =     18
  9.2645311145E-01 -4.1216139005E+00  5.9353005127E-04  4.1852433024E-01 -1.0087929290E+00
  9.0629938467E-01 -4.1068210898E+00  5.8672308908E-04  4.3009028402E-01 -1.0190561104E+00
  8.8614655277E-01 -4.0920270599E+00  5.7992731124E-04  4.4272978664E-01 -1.0501011791E+00
  8.6599456043E-01 -4.0772318864E+00  5.7314171097E-04  4.5645675538E-01 -1.1023556215E+00
  8.4584347848E-01 -4.0624354730E+00  5.6636514164E-04  4.7127853245E-01 -1.1762205551E+00
  8.2569353350E-01 -4.0476375113E+00  5.5959635755E-04  4.8719514391E-01 -1.2719363778E+00
  8.0554513986E-01 -4.0328374374E+00  5.5283404282E-04  5.0419859117E-01 -1.3894182770E+00
  7.8539893803E-01 -4.0180343801E+00  5.4607681949E-04  5.2227228031E-01 -1.5280667817E+00
  7.6525584598E-01 -4.0032270916E+00  5.3932322593E-04  5.4139071418E-01 -1.6865607921E+00
  7.4511713410E-01 -3.9884138464E+00  5.3257165259E-04  5.6151958966E-01 -1.8626428307E+00
  7.2498454247E-01 -3.9735922845E+00  5.2582021073E-04  5.8261645493E-01 -2.0529079333E+00
  7.0486047657E-01 -3.9587591492E+00  5.1906648384E-04  6.0463208974E-01 -2.2526075843E+00
  6.8474835969E-01 -3.9439098172E+00  5.1230704781E-04  6.2751277438E-01 -2.4554765597E+00
  6.6465333352E-01 -3.9290373669E+00  5.0553647381E-04  6.5120361077E-01 -2.6535800255E+00
  6.4458385660E-01 -3.9141304619E+00  4.9874498385E-04  6.7565305235E-01 -2.8371544817E+00
  6.2455617497E-01 -3.8991674667E+00  4.9191175667E-04  7.0081876184E-01 -2.9943685428E+00
  6.0461195962E-01 -3.8840934945E+00  4.8497808570E-04  7.2667451107E-01 -3.1108424384E+00
  5.8186887312E-01 -3.8623034581E+00  4.6986857898E-04  7.5991896564E-01 -3.1714263608E+00
</Path of -GradDelSqRho>
<Path of -GradDelSqRho>
Starting CP# =      4
Ending CP# =     22
Number of Points =     18
 -9.3371252725E-01 -4.1192960442E+00 -9.5867358126E-06  4.1853541238E-01 -1.0088600036E+00
 -9.1352207697E-01 -4.1045533961E+00 -3.0496271913E-06  4.3010153670E-01 -1.0191238430E+00
 -8.9333252329E-01 -4.0898095201E+00  3.4856032082E-06  4.4274121888E-01 -1.0501707898E+00
 -8.7314381087E-01 -4.0750644922E+00  1.0019518642E-05  4.5646837289E-01 -1.1024281492E+00
 -8.5295601002E-01 -4.0603182162E+00  1.6552792498E-05  4.7129033688E-01 -1.1762968024E+00
 -8.3276934633E-01 -4.0455703836E+00  2.3086219696E-05  4.8720713224E-01 -1.2720168483E+00
 -8.1258423252E-01 -4.0308204298E+00  2.9620741500E-05  5.0421075519E-01 -1.3895031071E+00
 -7.9240130675E-01 -4.0160674822E+00  3.6157491709E-05  5.2228460621E-01 -1.5281556658E+00
 -7.7222148382E-01 -4.0013102908E+00  4.2697876271E-05  5.4140318240E-01 -1.6866529052E+00
 -7.5204602991E-01 -3.9865471268E+00  4.9243707265E-05  5.6153217501E-01 -1.8627367503E+00
 -7.3187667956E-01 -3.9717756255E+00  5.5797430763E-05  5.8262912689E-01 -2.0530015637E+00
 -7.1171583082E-01 -3.9569925232E+00  6.2362529170E-05  6.0464481330E-01 -2.2526980850E+00
 -6.9156689679E-01 -3.9421931865E+00  6.8944277342E-05  6.2752551115E-01 -2.4555602773E+00
 -6.7143500446E-01 -3.9273706777E+00  7.5551298354E-05  6.5121632064E-01 -2.6536524206E+00
 -6.5132858938E-01 -3.9125136324E+00  8.2199209632E-05  6.7566569567E-01 -2.8372100272E+00
 -6.3126385653E-01 -3.8976003580E+00  8.8921030689E-05  7.0083130211E-01 -2.9944005443E+00
 -6.1128238473E-01 -3.8825758067E+00  9.5808986065E-05  7.2668691727E-01 -3.1108426770E+00
 -5.8849780964E-01 -3.8608499866E+00  1.1453491403E-04  7.5991531185E-01 -3.1713719950E+00
</Path of -GradDelSqRho>
<Path of -GradDelSqRho>
Starting CP# =      4
Ending CP# =      0
Number of Points =     29
 -9.3371252725E-01 -4.1192960442E+00 -9.5867358126E-06  4.1853541238E-01 -1.0088600036E+00
 -9.5390398609E-01 -4.1340373110E+00 -1.6126091811E-05  4.0802304564E-01 -1.0190262093E+00
 -9.7409669848E-01 -4.1487768606E+00 -2.2668118575E-05  3.9853932608E-01 -1.0494074967E+00
 -9.9429091041E-01 -4.1635143557E+00 -2.9213058080E-05  3.9005425799E-01 -1.0999494871E+00
 -1.0144868660E+00 -4.1782494612E+00 -3.5761040084E-05  3.8253322068E-01 -1.1707309114E+00
 -1.0346847712E+00 -4.1929818942E+00 -4.2312080528E-05  3.7593708368E-01 -1.2618705942E+00
 -1.0548847558E+00 -4.2077114759E+00 -4.8866079460E-05  3.7022223926E-01 -1.3733443856E+00
 -1.0750868323E+00 -4.2224381885E+00 -5.5422815587E-05  3.6534067855E-01 -1.5046811360E+00
 -1.0952908481E+00 -4.2371622403E+00 -6.1981933305E-05  3.6124032894E-01 -1.6545136374E+00
 -1.1154964262E+00 -4.2518841480E+00 -6.8542915851E-05  3.5786599181E-01 -1.8199995266E+00
 -1.1357028830E+00 -4.2666048499E+00 -7.5105034576E-05  3.5516135562E-01 -1.9962235332E+00
 -1.1559091075E+00 -4.2813258704E+00 -8.1667260985E-05  3.5307265849E-01 -2.1758653544E+00
 -1.1761134066E+00 -4.2960495334E+00 -8.8228141199E-05  3.5155453835E-01 -2.3496544364E+00
 -1.1963134810E+00 -4.3107789919E+00 -9.4785753494E-05  3.5057828889E-01 -2.5083551527E+00
 -1.2165075189E+00 -4.3255167251E+00 -1.0133849449E-04  3.5014197743E-01 -2.6470655682E+00
 -1.2366994444E+00 -4.3402573525E+00 -1.0788906150E-04  3.5028060412E-01 -2.7722429772E+00
 -1.2569058254E+00 -4.3549781532E+00 -1.1444998853E-04  3.5107283518E-01 -2.9109168480E+00
 -1.2771410125E+00 -4.3696593301E+00 -1.2103264390E-04  3.5263924202E-01 -3.1200673941E+00
 -1.2974001675E+00 -4.3843074192E+00 -1.2763375636E-04  3.5512618400E-01 -3.4925232876E+00
 -1.3176730614E+00 -4.3989364897E+00 -1.3424559755E-04  3.5867056163E-01 -4.1546172673E+00
 -1.3379532852E+00 -4.4135553978E+00 -1.4086321665E-04  3.6334412231E-01 -5.2508791463E+00
 -1.3582376120E+00 -4.4281686123E+00 -1.4748408363E-04  3.6908207117E-01 -6.9127200755E+00
 -1.3785244265E+00 -4.4427783731E+00 -1.5410691433E-04  3.7560884789E-01 -9.2119102141E+00
 -1.3988128839E+00 -4.4573858526E+00 -1.6073102495E-04  3.8238226393E-01 -1.2106345269E+01
 -1.4191025222E+00 -4.4719916916E+00 -1.6735602785E-04  3.8858250301E-01 -1.5394800856E+01
 -1.4393930838E+00 -4.4865962478E+00 -1.7398168259E-04  3.9317008650E-01 -1.8705342836E+01
 -1.4596844319E+00 -4.5011997115E+00 -1.8060780858E-04  3.9502249416E-01 -2.1540837875E+01
 -1.4799765251E+00 -4.5158021397E+00 -1.8723418774E-04  3.9313278344E-01 -2.3387197036E+01
 -1.4962108827E+00 -4.5274831330E+00 -1.9253489885E-04  3.8845570098E-01 -2.3884672012E+01
</Path of -GradDelSqRho>
<Path of -GradDelSqRho>
Starting CP# =      7
Ending CP# =     15
Number of Points =     43
 -2.9196448407E-03 -3.5066980502E+00  1.5455293215E-01  2.2515596816E+01  1.2379518670E+03
 -2.9391187605E-03 -3.5166046191E+00  1.7750634806E-01  1.5599300805E+01  1.1558582492E+03
 -2.9585668917E-03 -3.5264867159E+00  2.0047031501E-01  1.0909811856E+01  9.8555714671E+02
 -2.9780085035E-03 -3.5363626402E+00  2.2343693722E-01  7.7398714396E+00  7.7683268114E+02
 -2.9974348858E-03 -3.5462241096E+00  2.4640976899E-01  5.6052108837E+00  5.7565181422E+02
 -3.0168310436E-03 -3.5560568724E+00  2.6939490045E-01  4.1686256727E+00  4.1095909683E+02
 -3.0361806498E-03 -3.5658454041E+00  2.9239890022E-01  3.1993141144E+00  2.8792702716E+02
 -3.0554673469E-03 -3.5755741363E+00  3.1542825007E-01  2.5423062601E+00  1.9938469890E+02
 -3.0746760693E-03 -3.5852287097E+00  3.3848878350E-01  2.0941839294E+00  1.3610512519E+02
 -3.0937923311E-03 -3.5947952999E+00  3.6158595001E-01  1.7855826909E+00  9.0873522294E+01
 -3.1127985757E-03 -3.6042571569E+00  3.8472620959E-01  1.5696510723E+00  5.8788285646E+01
 -3.1316689546E-03 -3.6135896598E+00  4.0791892376E-01  1.4147126997E+00  3.6467809058E+01
 -3.1503633010E-03 -3.6227546287E+00  4.3117831832E-01  1.2995191082E+00  2.1380437205E+01
 -3.1688189500E-03 -3.6316926579E+00  4.5452579246E-01  1.2100310782E+00  1.1521629056E+01
 -3.1869371021E-03 -3.6403104633E+00  4.7799320196E-01  1.1371487796E+00  5.3065812060E+00
 -3.2045571817E-03 -3.6484573995E+00  5.0162784818E-01  1.0750963710E+00  1.5305602297E+00
 -3.2214030195E-03 -3.6558770253E+00  5.2549986891E-01  1.0203014586E+00 -6.7489349704E-01
 -3.2369504589E-03 -3.6620907173E+00  5.4971083153E-01  9.7068318941E-01 -1.9030554431E+00
 -3.2500163899E-03 -3.6660487647E+00  5.7437825336E-01  9.2540707490E-01 -2.5405916301E+00
 -3.2570658526E-03 -3.6647915818E+00  5.9923546815E-01  8.8608953821E-01 -2.8344577122E+00
 -3.2482063602E-03 -3.6511962735E+00  6.1954729949E-01  8.6398116733E-01 -2.9628950728E+00
 -3.2251223186E-03 -3.6283917873E+00  6.2950846707E-01  8.6372505412E-01 -3.0564535422E+00
 -3.1988113378E-03 -3.6040534372E+00  6.3518663348E-01  8.6968674434E-01 -3.1472137497E+00
 -3.1716468725E-03 -3.5794118650E+00  6.3939342448E-01  8.7653749190E-01 -3.2365676685E+00
 -3.1439777132E-03 -3.5546277333E+00  6.4266185799E-01  8.8329610939E-01 -3.3241575621E+00
 -3.1158677649E-03 -3.5297464747E+00  6.4508335259E-01  8.8976640488E-01 -3.4095493938E+00
 -3.0873372627E-03 -3.5047981961E+00  6.4667236863E-01  8.9589011801E-01 -3.4923098519E+00
 -3.0584003517E-03 -3.4798108719E+00  6.4743094740E-01  9.0163398439E-01 -3.5720173772E+00
 -3.0290709718E-03 -3.4548121369E+00  6.4735940486E-01  9.0697127116E-01 -3.6482683043E+00
 -2.9993639055E-03 -3.4298295579E+00  6.4645798241E-01  9.1187917243E-01 -3.7206822593E+00
 -2.9692951812E-03 -3.4048907178E+00  6.4472710837E-01  9.1633862448E-01 -3.7889072093E+00
 -2.9388824500E-03 -3.3800232751E+00  6.4216747310E-01  9.2033441576E-01 -3.8526241252E+00
 -2.9081454358E-03 -3.3552550145E+00  6.3878008661E-01  9.2385528832E-01 -3.9115511687E+00
 -2.8771064931E-03 -3.3306138894E+00  6.3456633760E-01  9.2689399367E-01 -3.9654473208E+00
 -2.8457913062E-03 -3.3061280575E+00  6.2952805412E-01  9.2944730127E-01 -4.0141153854E+00
 -2.8142297728E-03 -3.2818259095E+00  6.2366756475E-01  9.3151596156E-01 -4.0574043174E+00
 -2.7824571230E-03 -3.2577360913E+00  6.1698775936E-01  9.3310462597E-01 -4.0952108452E+00
 -2.7505153387E-03 -3.2338875208E+00  6.0949214939E-01  9.3422172668E-01 -4.1274803740E+00
 -2.7184549412E-03 -3.2103093988E+00  6.0118492786E-01  9.3487931865E-01 -4.1542071745E+00
 -2.6863372163E-03 -3.1870312145E+00  5.9207102955E-01  9.3509288681E-01 -4.1754338786E+00
 -2.6542369014E-03 -3.1640827465E+00  5.8215619236E-01  9.3488112168E-01 -4.1912503185E+00
 -2.6222451913E-03 -3.1414940558E+00  5.7144702019E-01  9.3426566651E-01 -4.2017917577E+00
 -2.5710231171E-03 -3.1058005210E+00  5.5246561081E-01  9.3247890752E-01 -4.2081471940E+00
</Path of -GradDelSqRho>
<Path of -GradDelSqRho>
Starting CP# =      7
Ending CP# =      1
Number of Points =      7
 -2.9196448407E-03 -3.5066980502E+00  1.5455293215E-01  2.2515596816E+01  1.2379518670E+03
 -2.9001134957E-03 -3.4967369057E+00  1.3162315111E-01  3.2750066254E+01  9.8642447880E+02
 -2.8805333874E-03 -3.4867293642E+00  1.0871357605E-01  4.7999322420E+01 -7.9132346904E+02
 -2.8609317885E-03 -3.4767013608E+00  8.5812948320E-02  7.0649104116E+01 -6.3847789114E+03
 -2.8413146659E-03 -3.4666585607E+00  6.2918806627E-02  1.0426390993E+02 -2.0625283913E+04
 -2.8216718650E-03 -3.4565912468E+00  4.0035433261E-02  1.5469092306E+02 -7.5287916671E+04
 -2.7874966717E-03 -3.4390575554E+00  2.8737604317E-04  2.9733508993E+02 -3.3297221702E+06
</Path of -GradDelSqRho>
<Path of -GradDelSqRho>
Starting CP# =      8
Ending CP# =      1
Number of Points =      7
 -2.8150083349E-03 -3.5067079908E+00 -1.5397424163E-01  2.2515525177E+01  1.2379436545E+03
 -2.8110302776E-03 -3.4967453775E+00 -1.3104509075E-01  3.2749948189E+01  9.8642143455E+02
 -2.8069895350E-03 -3.4867363751E+00 -1.0813614588E-01  4.7999128982E+01 -7.9129683259E+02
 -2.8029211506E-03 -3.4767069143E+00 -8.5236148390E-02  7.0648794933E+01 -6.3846934477E+03
 -2.7988328019E-03 -3.4666626596E+00 -6.2342636806E-02  1.0426341569E+02 -2.0624965534E+04
 -2.7947114411E-03 -3.4565938954E+00 -3.9459893462E-02  1.5469015358E+02 -7.5286839270E+04
