 AIMInt (Version 19.02.13, Professional)
 Portions Copyright (c) 1997-2019 by Todd A. Keith
 AIMInt is a component of the AIMAll package ( http://aim.tkgristmill.com )

 TP:  64-bit Linux

 Licensed To:  Research Group of Fernando Cortes Guzman, UNAM, fercor@unam.mx

 AIMInt is a heavily modified and extended version of the PROAIMV program
 developed by members of R.F.W. Bader's research group

 Much of the Quantum Theory of Atoms in Molecules (QTAIM) is described in the book:
   "Atoms in Molecules - A Quantum Theory"
   R.F.W. Bader, Oxford University Press, Oxford, 1990

 For additional references see:  http://aim.tkgristmill.com/references.html

 Current Directory:  /home/scratch/M_H2O_4_tetraedrico/Opt

 Inp File:  Sc3_tetraedrico_cc-pvtz-def2-tzv_1_atomicfiles/o2.inp
 Wfx File:  Sc3_tetraedrico_cc-pvtz-def2-tzv_1.wfx
 Out File:  Sc3_tetraedrico_cc-pvtz-def2-tzv_1_atomicfiles/o2.int

 Wfx Title:   Sc3_tetraedrico_cc-pvtz-def2-tzv_1                                            
 Job Title:   Sc3_tetraedrico_cc-pvtz-def2-tzv_1                                            
 
<Atom>
O2      
</Atom>
<Nuclei of Molecule>
    13
Sc1       21.0          -2.7137082821E-05   7.1428703004E-06  -4.8040555792E-05
O2         8.0           2.2796721095E+00  -1.5953808611E+00   2.8294584191E+00
H3         1.0           3.8164691761E+00  -8.5218702200E-01   3.6044986955E+00
O4         8.0           2.3025148231E+00   1.5647792252E+00  -2.8281547045E+00
H5         1.0           2.1093436565E+00   3.2439235520E+00  -3.6388834037E+00
O6         8.0          -2.3095647930E+00  -2.8134328473E+00  -1.5808673888E+00
H7         1.0          -3.8466057220E+00  -3.5782028045E+00  -8.2755044030E-01
O8         8.0          -2.2727298375E+00   2.8440624499E+00   1.5793728159E+00
H9         1.0          -2.0627761965E+00   3.6535523342E+00   3.2571142900E+00
H10        1.0          -3.7996191529E+00   3.6287099538E+00   8.2597436348E-01
H11        1.0           3.8305823382E+00   8.0172845580E-01  -3.6011113877E+00
H12        1.0          -2.1097431537E+00  -3.6263559715E+00  -3.2581618482E+00
H13        1.0           2.0637805168E+00  -3.2715422323E+00   3.6406554492E+00
</Nuclei of Molecule>
<Total Number of CPs of DelSqRho>
    37
</Total Number of CPs of DelSqRho>
<Number of (3,+3) CPs of DelSqRho>
     5
</Number of (3,+3) CPs of DelSqRho>
<Number of (3,+1) CPs of DelSqRho>
    14
</Number of (3,+1) CPs of DelSqRho>
<Number of (3,-1) CPs of DelSqRho>
    12
</Number of (3,-1) CPs of DelSqRho>
<Number of (3,-3) CPs of DelSqRho>
     6
</Number of (3,-3) CPs of DelSqRho>
<Number of Degenerate CPs of DelSqRho>
     0
</Number of Degenerate CPs of DelSqRho>
<CP of DelSqRho>
CP# = 1       
Type = (3,+3)
Coords =  2.27967228146535E+00 -1.59538098159819E+00  2.82945862012578E+00
DistFromNuc =  2.9070789050E-07
Rho =  2.9726002377E+02
DelSqRho = -3.3288983387E+06
GradDelSqRho =  1.9429862732E-05 -9.9779585980E-06 -1.6637585759E-05
HessDelSqRho_EigVals =  1.3238262524E+11  1.3238264339E+11  1.3238265102E+11
HessDelSqRho_EigVec1 = -5.6641146029E-01  4.2061881915E-01  7.0870153564E-01
HessDelSqRho_EigVec2 =  5.7740945970E-01 -4.1104400002E-01  7.0543684756E-01
HessDelSqRho_EigVec3 =  5.8802752784E-01  8.0877848576E-01 -1.0049252813E-02
</CP of DelSqRho>
<CP of DelSqRho>
CP# = 2       
Type = (3,-1)
Coords =  1.27632219607916E+00 -8.93903708512189E-01  1.60597664599141E+00
DistFromNuc =  1.7308058509E+00
Rho =  9.1240016910E-02
DelSqRho =  2.1635736663E-01
GradDelSqRho = -6.5919492087E-16  2.8449465006E-16 -8.2572837456E-16
HessDelSqRho_EigVals = -1.8790841190E-01 -2.2141190648E-02  2.3097086944E+00
HessDelSqRho_EigVec1 =  5.7305847938E-01 -4.2374555077E-01 -7.0145825779E-01
HessDelSqRho_EigVec2 =  5.8453617000E-01  8.1127068215E-01 -1.2543773225E-02
HessDelSqRho_EigVec3 =  5.7438788739E-01 -4.0283940781E-01  7.1260014478E-01
</CP of DelSqRho>
<CP of DelSqRho>
CP# = 3       
Type = (3,+1)
Coords =  2.21764327871654E+00 -1.54822589382605E+00  2.97863903856545E+00
DistFromNuc =  1.6830336899E-01
Rho =  2.2558135999E+01
DelSqRho =  1.2372157242E+03
GradDelSqRho =  2.2453150450E-12 -2.4584778657E-12 -3.1263880373E-12
HessDelSqRho_EigVals = -4.1385022670E+05  2.0308286588E+03  3.0558260531E+03
HessDelSqRho_EigVec1 = -3.7162326676E-01  2.8235665322E-01  8.8440424467E-01
HessDelSqRho_EigVec2 =  7.1738347174E-01 -5.1733739682E-01  4.6660794284E-01
HessDelSqRho_EigVec3 =  5.8928524678E-01  8.0785935548E-01 -1.0303382737E-02
</CP of DelSqRho>
<CP of DelSqRho>
CP# = 4       
Type = (3,+1)
Coords =  2.39962428208216E+00 -1.68331973610204E+00  2.75061921770714E+00
DistFromNuc =  1.6833712935E-01
Rho =  2.2551028639E+01
DelSqRho =  1.2363980819E+03
GradDelSqRho = -1.9412027541E-11  9.4644292403E-12  7.0627947935E-12
HessDelSqRho_EigVals = -4.1305241405E+05  2.0660404277E+03  3.0849987922E+03
HessDelSqRho_EigVec1 =  7.1093719180E-01 -5.2128392478E-01 -4.7205018705E-01
HessDelSqRho_EigVec2 =  3.8628894292E-01 -2.7144530003E-01  8.8153179277E-01
HessDelSqRho_EigVec3 = -5.8766415740E-01 -8.0906150499E-01  8.3856569345E-03
</CP of DelSqRho>
<CP of DelSqRho>
CP# = 5       
Type = (3,-3)
Coords =  2.14181239289394E+00 -1.63417557489466E+00  2.74318660822607E+00
DistFromNuc =  1.6719197537E-01
Rho =  2.2664775610E+01
DelSqRho =  1.2920343454E+03
GradDelSqRho =  1.4949819160E-11  4.3769432523E-12  7.1054273576E-12
HessDelSqRho_EigVals = -4.4550931658E+05 -3.2711436647E+03 -5.1198803354E+02
HessDelSqRho_EigVec1 =  8.2444288573E-01  2.2942556267E-01  5.1735658820E-01
HessDelSqRho_EigVec2 = -5.6326646151E-01  4.2147115313E-01  7.1069892389E-01
HessDelSqRho_EigVec3 =  5.4998377307E-02  8.7734028647E-01 -4.7670661861E-01
</CP of DelSqRho>
<CP of DelSqRho>
CP# = 6       
Type = (3,-3)
Coords =  2.27099277276570E+00 -1.45450785016296E+00  2.73983440233348E+00
DistFromNuc =  1.6719150839E-01
Rho =  2.2665938628E+01
DelSqRho =  1.2918268404E+03
GradDelSqRho =  9.3791641120E-13 -6.6535221777E-11  5.5820237321E-11
HessDelSqRho_EigVals = -4.4548832305E+05 -3.2548111577E+03 -4.7679494267E+02
HessDelSqRho_EigVec1 = -5.4367566896E-02  8.4161323492E-01 -5.3733725952E-01
HessDelSqRho_EigVec2 = -5.6631481324E-01  4.1722355532E-01  7.1078269337E-01
HessDelSqRho_EigVec3 =  8.2239388372E-01  3.4294557541E-01  4.5393461240E-01
</CP of DelSqRho>
<CP of DelSqRho>
CP# = 7       
Type = (3,-1)
Coords =  2.37613929829243E+00 -1.66377843281196E+00  2.94980968873191E+00
DistFromNuc =  1.6872633000E-01
Rho =  2.2351896845E+01
DelSqRho =  1.2524642314E+03
GradDelSqRho =  5.3148596635E-12  5.9259264162E-12 -3.6664005165E-12
HessDelSqRho_EigVals = -4.0812483684E+05 -1.5588880665E+03  1.3901274892E+03
HessDelSqRho_EigVec1 =  5.7164650930E-01 -4.0533353222E-01  7.1338979251E-01
HessDelSqRho_EigVec2 =  5.7298681169E-01 -4.2512004345E-01 -7.0068470961E-01
HessDelSqRho_EigVec3 =  5.8728730791E-01  8.0930691107E-01 -1.0767620572E-02
</CP of DelSqRho>
<CP of DelSqRho>
CP# = 8       
Type = (3,-1)
Coords =  2.69580268691597E+00 -1.88811386323271E+00  3.33890386336429E+00
DistFromNuc =  7.1999439491E-01
Rho =  6.7937772056E-01
DelSqRho = -1.1448549416E+00
GradDelSqRho =  0.0000000000E+00 -2.6645352591E-15  3.1974423109E-14
HessDelSqRho_EigVals = -1.8689649828E+01 -4.8885554485E+00  1.3970115562E+02
HessDelSqRho_EigVec1 =  5.8627866835E-01  8.1000563927E-01 -1.2968708236E-02
HessDelSqRho_EigVec2 =  5.6836219789E-01 -4.2268019947E-01 -7.0590782754E-01
HessDelSqRho_EigVec3 =  5.7727093729E-01 -4.0648777759E-01  7.0818496992E-01
</CP of DelSqRho>
<CP of DelSqRho>
CP# = 9       
Type = (3,-1)
Coords =  1.74003910408978E+00 -2.02790070063353E+00  2.65309771895796E+00
DistFromNuc =  7.1370882624E-01
Rho =  6.7847909439E-01
DelSqRho = -1.0863820217E+00
GradDelSqRho =  1.5187850977E-13  3.6859404418E-12  3.0953017927E-12
HessDelSqRho_EigVals = -1.5005485265E+01 -1.1479831281E+01  1.4612858891E+02
HessDelSqRho_EigVec1 =  3.0951269135E-01 -6.9149161178E-01  6.5271835023E-01
HessDelSqRho_EigVec2 = -5.6652672250E-01  4.1720203328E-01  7.1062643922E-01
HessDelSqRho_EigVec3 =  7.6370764471E-01  5.8973028942E-01  2.6261915230E-01
</CP of DelSqRho>
<CP of DelSqRho>
CP# = 10      
Type = (3,-1)
Coords =  2.51992034450812E+00 -9.51397546443481E-01  2.63735697589458E+00
DistFromNuc =  7.1367828079E-01
Rho =  6.7865065988E-01
DelSqRho = -1.0884465231E+00
GradDelSqRho =  3.5527136788E-15  1.0658141036E-14 -2.6645352591E-15
HessDelSqRho_EigVals = -1.4961786857E+01 -1.1468911784E+01  1.4613708772E+02
HessDelSqRho_EigVec1 =  7.6343961285E-01 -6.6388056317E-02  6.4245823484E-01
HessDelSqRho_EigVec2 = -5.6200920270E-01  4.2190202036E-01  7.1143822030E-01
HessDelSqRho_EigVec3 =  3.1828542791E-01  9.0420755980E-01 -2.8478601648E-01
</CP of DelSqRho>
<CP of DelSqRho>
CP# = 11      
Type = (3,+3)
Coords =  2.47279276634601E+00 -1.74397863025925E+00  2.23482310708552E+00
DistFromNuc =  6.4262589380E-01
Rho =  9.3507538487E-01
DelSqRho = -4.1706346243E+00
GradDelSqRho = -1.5569767697E-12  1.2265743976E-12  4.7073456244E-12
HessDelSqRho_EigVals =  9.6700371024E+00  2.0621898131E+01  3.1418380887E+02
HessDelSqRho_EigVec1 =  7.4441573336E-01 -5.3444991485E-01  4.0026054569E-01
HessDelSqRho_EigVec2 =  5.8723793880E-01  8.0933271730E-01 -1.1495909533E-02
HessDelSqRho_EigVec3 = -3.1779996720E-01  2.4360591376E-01  9.1632927467E-01
</CP of DelSqRho>
<CP of DelSqRho>
CP# = 12      
Type = (3,+1)
Coords =  2.48279700461347E+00 -1.16109882720024E+00  3.32506616265557E+00
DistFromNuc =  6.8955612061E-01
Rho =  7.8285640724E-01
DelSqRho = -2.5509749752E+00
GradDelSqRho = -1.3100631691E-14 -2.3092638912E-14 -4.8849813084E-14
HessDelSqRho_EigVals = -1.2349927203E+01  1.2710665455E+01  1.8908411916E+02
HessDelSqRho_EigVec1 =  9.7859628051E-01 -1.0628595852E-01 -1.7621752127E-01
HessDelSqRho_EigVec2 = -3.3204358777E-02  7.6352903615E-01 -6.4491928295E-01
HessDelSqRho_EigVec3 =  2.0309305832E-01  6.3696680132E-01  7.4365751773E-01
</CP of DelSqRho>
<CP of DelSqRho>
CP# = 13      
Type = (3,+1)
Coords =  1.93773083051867E+00 -1.91272543032969E+00  3.33676436334224E+00
DistFromNuc =  6.8919571601E-01
Rho =  7.8391551931E-01
DelSqRho = -2.5594858667E+00
GradDelSqRho =  2.1316282073E-14  2.2204460493E-14 -3.7303493627E-14
HessDelSqRho_EigVals = -1.2354291289E+01  1.2781403157E+01  1.8971246949E+02
HessDelSqRho_EigVec1 = -4.0316692303E-01  9.0045971330E-01  1.6318313914E-01
HessDelSqRho_EigVec2 =  7.4531439167E-01  2.1962348384E-01  6.2950137642E-01
HessDelSqRho_EigVec3 = -5.3100177941E-01 -3.7541687505E-01  7.5967050765E-01
</CP of DelSqRho>
<CP of DelSqRho>
CP# = 14      
Type = (3,+3)
Coords =  1.80303783775340E+00 -1.24642976369655E+00  3.08026764551753E+00
DistFromNuc =  6.4175724806E-01
Rho =  9.3851321571E-01
DelSqRho = -4.2057423147E+00
GradDelSqRho =  1.9539925233E-14 -1.7763568394E-15 -1.0658141036E-14
HessDelSqRho_EigVals =  9.9757825334E+00  2.0769686795E+01  3.1816314515E+02
HessDelSqRho_EigVec1 =  3.3872893605E-01 -2.3359287159E-01  9.1142584900E-01
HessDelSqRho_EigVec2 =  5.8701032671E-01  8.0950888189E-01 -1.0688614035E-02
HessDelSqRho_EigVec3 =  7.3531053591E-01 -5.3863692826E-01 -4.1132551016E-01
</CP of DelSqRho>
<CP of DelSqRho>
CP# = 15      
Type = (3,+1)
Coords =  2.41692127759825E+00 -2.26408143361769E+00  2.73610375448530E+00
DistFromNuc =  6.8899410972E-01
Rho =  7.8449608908E-01
DelSqRho = -2.5611625600E+00
GradDelSqRho = -1.7763568394E-15  1.2434497876E-14  7.9936057773E-15
HessDelSqRho_EigVals = -1.2263228176E+01  1.2746905918E+01  1.8980506733E+02
HessDelSqRho_EigVec1 = -4.1193700698E-01 -3.0159788698E-01  8.5985267159E-01
HessDelSqRho_EigVec2 =  8.7744154771E-01  1.2322607510E-01  4.6358566066E-01
HessDelSqRho_EigVec3 = -2.4577272558E-01  9.4543854850E-01  2.1387313618E-01
</CP of DelSqRho>
<CP of DelSqRho>
CP# = 16      
Type = (3,+1)
Coords =  2.95666914366777E+00 -1.51801471015750E+00  2.72553250010072E+00
DistFromNuc =  6.8928303492E-01
Rho =  7.8370090880E-01
DelSqRho = -2.5554305586E+00
GradDelSqRho =  2.6645352591E-14  1.0658141036E-14 -2.6645352591E-15
HessDelSqRho_EigVals = -1.2239298588E+01  1.2702130420E+01  1.8929454616E+02
HessDelSqRho_EigVec1 =  1.6896566023E-01  5.0217242429E-01  8.4809991271E-01
HessDelSqRho_EigVec2 = -1.6425752904E-01  8.6278538111E-01 -4.7814312742E-01
HessDelSqRho_EigVec3 =  9.7183849986E-01  5.8517026830E-02 -2.2826670312E-01
</CP of DelSqRho>
<CP of DelSqRho>
CP# = 17      
Type = (3,+1)
Coords =  1.89143340428187E+00 -1.32109938972916E+00  2.35508835355940E+00
DistFromNuc =  6.7155534160E-01
Rho =  8.3810322263E-01
DelSqRho = -3.2803169772E+00
GradDelSqRho =  2.1316282073E-14  1.7763568394E-15  3.9079850467E-14
HessDelSqRho_EigVals = -6.3746818197E+00  1.7424585576E+01  2.3194006145E+02
HessDelSqRho_EigVec1 =  5.6685028115E-01 -4.2102495880E-01 -7.0810927322E-01
HessDelSqRho_EigVec2 =  5.8671534836E-01  8.0970784822E-01 -1.1760124568E-02
HessDelSqRho_EigVec3 =  5.7831294189E-01 -4.0879234900E-01  7.0600492678E-01
</CP of DelSqRho>
<CP of DelSqRho>
CP# = 18      
Type = (3,+3)
Coords =  2.87062521644040E+00 -1.29788689778731E+00  3.11918454825511E+00
DistFromNuc =  7.2226689163E-01
Rho =  7.5386851681E-01
DelSqRho = -3.0637854129E+00
GradDelSqRho = -1.9539925233E-14 -1.0658141036E-14 -3.7747582837E-14
HessDelSqRho_EigVals =  1.1265547397E+01  2.2312397401E+01  1.4104514650E+02
HessDelSqRho_EigVec1 = -5.6095454220E-01  4.2376053002E-01  7.1116595445E-01
HessDelSqRho_EigVec2 = -1.2936546970E-01  8.0363043781E-01 -5.8089817927E-01
HessDelSqRho_EigVec3 =  8.1767632767E-01  4.1785778995E-01  3.9598016434E-01
</CP of DelSqRho>
<CP of DelSqRho>
CP# = 19      
Type = (3,+3)
Coords =  2.18570420467362E+00 -2.24328707959810E+00  3.13379297408497E+00
DistFromNuc =  7.2196395787E-01
Rho =  7.5488139914E-01
DelSqRho = -3.0744663986E+00
GradDelSqRho =  5.3290705182E-15  1.0658141036E-14 -6.6613381478E-15
HessDelSqRho_EigVals =  1.1305343484E+01  2.2411293772E+01  1.4140449640E+02
HessDelSqRho_EigVec1 =  5.6750869904E-01 -4.1558183305E-01 -7.1079224570E-01
HessDelSqRho_EigVec2 =  8.1204514282E-01  1.3983131010E-01  5.6659499710E-01
HessDelSqRho_EigVec3 =  1.3607557657E-01  8.9874298036E-01 -4.1682669385E-01
</CP of DelSqRho>
<CP of DelSqRho>
CP# = 20      
Type = (3,+1)
Coords =  3.22889801834397E+00 -1.13104260984492E+00  3.30499890250311E+00
DistFromNuc =  1.1587832364E+00
Rho =  4.0678551984E-01
DelSqRho = -9.2282942489E-01
GradDelSqRho =  6.6899263906E-13  3.5599301285E-13  3.0253577421E-13
HessDelSqRho_EigVals = -2.9995238029E+01  1.4197433749E+01  1.4895578867E+01
HessDelSqRho_EigVec1 =  8.2000741105E-01  3.9388697716E-01  4.1526003306E-01
HessDelSqRho_EigVec2 = -5.6341102780E-01  4.2775671237E-01  7.0681837043E-01
HessDelSqRho_EigVec3 = -1.0077628480E-01  8.1355838404E-01 -5.7268394091E-01
</CP of DelSqRho>
<CP of DelSqRho>
CP# = 21      
Type = (3,-3)
Coords =  2.64426787986331E+00 -1.84275068501692E+00  3.90650749943429E+00
DistFromNuc =  1.1636823566E+00
Rho =  2.4724010456E-01
DelSqRho =  8.5344613441E-01
GradDelSqRho =  1.6653345369E-16 -6.2450045135E-16  2.9976021665E-15
HessDelSqRho_EigVals = -1.7546285672E+01 -2.6844090287E+00 -1.8750068387E-01
HessDelSqRho_EigVec1 =  3.1065387841E-01 -2.1042184900E-01  9.2693948740E-01
HessDelSqRho_EigVec2 =  5.8649464332E-01  8.0985329715E-01 -1.2714969611E-02
HessDelSqRho_EigVec3 = -7.4800949271E-01  5.4759499866E-01  3.7499535498E-01
</CP of DelSqRho>
<CP of DelSqRho>
CP# = 22      
Type = (3,+1)
Coords =  1.59007519904051E+00 -1.11104725841313E+00  1.93476596912869E+00
DistFromNuc =  1.2290636752E+00
Rho =  2.4339126657E-01
DelSqRho =  4.4085355988E-01
GradDelSqRho = -3.4491853818E-13  2.2773449793E-13 -1.3283818490E-12
HessDelSqRho_EigVals = -1.1792859178E+01  1.6148794143E-01  8.0411498701E-01
HessDelSqRho_EigVec1 =  5.6147334698E-01 -3.9424281543E-01  7.2754400768E-01
HessDelSqRho_EigVec2 =  5.8473348651E-01 -4.3308987404E-01 -6.8594453912E-01
HessDelSqRho_EigVec3 =  5.8552064898E-01  8.1055892043E-01 -1.2641445125E-02
</CP of DelSqRho>
<CP of DelSqRho>
CP# = 23      
Type = (3,-3)
Coords =  3.15803246312680E+00 -2.22457286803163E+00  3.26344254393284E+00
DistFromNuc =  1.1643632221E+00
Rho =  2.4746231006E-01
DelSqRho =  8.5155331520E-01
GradDelSqRho =  2.2204460493E-15 -4.1633363423E-15  2.2759572005E-15
HessDelSqRho_EigVals = -1.7484891030E+01 -2.7445979683E+00 -1.6886886585E-01
HessDelSqRho_EigVec1 =  7.5539036473E-01 -5.4100859462E-01  3.6972300095E-01
HessDelSqRho_EigVec2 =  5.8617099724E-01  8.1009514014E-01 -1.2223989615E-02
HessDelSqRho_EigVec3 = -2.9289752282E-01  2.2595478414E-01  9.2906161079E-01
</CP of DelSqRho>
<CP of DelSqRho>
CP# = 24      
Type = (3,-3)
Coords =  1.41615125562367E+00 -2.29146378229465E+00  2.54827664230527E+00
DistFromNuc =  1.1442302608E+00
Rho =  2.4579262507E-01
DelSqRho =  8.2384809428E-01
GradDelSqRho = -3.0496438708E-15 -2.9143354396E-16 -1.6445178552E-15
HessDelSqRho_EigVals = -1.7499826312E+01 -1.7761713198E+00 -4.6902900970E-01
HessDelSqRho_EigVec1 =  7.6830801397E-01  5.7861187969E-01  2.7369890088E-01
HessDelSqRho_EigVec2 = -2.9519063591E-01  6.9971321084E-01 -6.5058735851E-01
HessDelSqRho_EigVec3 = -5.6794831115E-01  4.1905812874E-01  7.0839607608E-01
</CP of DelSqRho>
<CP of DelSqRho>
CP# = 25      
Type = (3,+1)
Coords =  2.14153154281967E+00 -2.63253738831335E+00  3.32778293838410E+00
DistFromNuc =  1.1589235543E+00
Rho =  4.0695847000E-01
DelSqRho = -9.2479031183E-01
GradDelSqRho = -2.1094237468E-15 -3.3306690739E-15 -2.4424906542E-15
HessDelSqRho_EigVals = -3.0044303652E+01  1.4219821756E+01  1.4922860214E+01
HessDelSqRho_EigVec1 =  1.1271431863E-01  8.9361854998E-01 -4.3444374722E-01
HessDelSqRho_EigVec2 = -5.7184880443E-01  4.1590232320E-01  7.0711682375E-01
HessDelSqRho_EigVec3 =  8.1257887448E-01  1.6873394646E-01  5.5789284640E-01
</CP of DelSqRho>
<CP of DelSqRho>
CP# = 26      
Type = (3,-3)
Coords =  2.66670259962422E+00 -5.63804214383067E-01  2.52064490505833E+00
DistFromNuc =  1.1442503069E+00
Rho =  2.4585426425E-01
DelSqRho =  8.2296392071E-01
GradDelSqRho =  1.1102230246E-16 -2.5673907444E-16  1.2906342661E-15
HessDelSqRho_EigVals = -1.7500395010E+01 -1.7606809099E+00 -4.7186457367E-01
HessDelSqRho_EigVec1 =  3.0582514332E-01  9.0461852343E-01 -2.9687759899E-01
HessDelSqRho_EigVec2 =  7.6614905829E-01 -4.8710304937E-02  6.4081426847E-01
HessDelSqRho_EigVec3 =  5.6523145896E-01 -4.2342960839E-01 -7.0796946582E-01
</CP of DelSqRho>
<CP of DelSqRho>
CP# = 27      
Type = (3,-1)
Coords =  1.37236715197635E+00 -1.84393598588393E+00  3.55525156621744E+00
DistFromNuc =  1.1881740733E+00
Rho =  2.4262190738E-01
DelSqRho =  7.2068191091E-01
GradDelSqRho = -3.4694469520E-15 -1.0928757899E-15  3.2474023470E-15
HessDelSqRho_EigVals = -1.7114239765E+01 -1.2597298245E+00  2.8632809039E-01
HessDelSqRho_EigVec1 =  7.7779240981E-01  1.9239847299E-01 -5.9834922481E-01
HessDelSqRho_EigVec2 = -3.6671767665E-01  9.1207204043E-01 -1.8341957013E-01
HessDelSqRho_EigVec3 =  5.1044795315E-01  3.6208758700E-01  7.7995863125E-01
</CP of DelSqRho>
<CP of DelSqRho>
CP# = 28      
Type = (3,-1)
Coords =  2.42402599058570E+00 -2.61767078833967E+00  2.24111937343746E+00
DistFromNuc =  1.1883002865E+00
Rho =  2.4270175406E-01
DelSqRho =  7.2057548906E-01
GradDelSqRho = -2.0157486791E-15  3.0531133177E-15  2.0539125956E-15
HessDelSqRho_EigVals = -1.7107298546E+01 -1.2795655730E+00  2.8720346589E-01
HessDelSqRho_EigVec1 = -1.1468294793E-01  8.4844448300E-01  5.1671053861E-01
HessDelSqRho_EigVec2 = -1.5247876232E-01 -5.2901289982E-01  8.3480271853E-01
HessDelSqRho_EigVec3 =  9.8163030133E-01  1.6950253299E-02  1.9003852351E-01
</CP of DelSqRho>
<CP of DelSqRho>
CP# = 29      
Type = (3,-1)
Coords =  3.28679563622218E+00 -1.42382348135372E+00  2.22240154957241E+00
DistFromNuc =  1.1883803160E+00
Rho =  2.4270416473E-01
DelSqRho =  7.1947168263E-01
GradDelSqRho = -3.9690473130E-15 -3.6082248300E-16  1.1102230246E-15
HessDelSqRho_EigVals = -1.7085010364E+01 -1.2724143496E+00  2.8958130401E-01
HessDelSqRho_EigVec1 =  8.3388982809E-01  1.4683381446E-01 -5.3204096227E-01
HessDelSqRho_EigVec2 =  4.6689493290E-01  3.2641009918E-01  8.2186712356E-01
HessDelSqRho_EigVec3 = -2.9434142799E-01  9.3375386376E-01 -2.0363409754E-01
</CP of DelSqRho>
<CP of DelSqRho>
CP# = 30      
Type = (3,-1)
Coords =  2.24375857840315E+00 -6.39866730064292E-01  3.53494783123877E+00
DistFromNuc =  1.1882812575E+00
Rho =  2.4259316252E-01
DelSqRho =  7.1924982520E-01
GradDelSqRho =  2.1302404285E-15 -4.8724912993E-14  6.6058269965E-15
HessDelSqRho_EigVals = -1.7077551299E+01 -1.2537774548E+00  2.8956145995E-01
HessDelSqRho_EigVec1 = -5.0529437403E-02  8.1213876031E-01  5.8127223395E-01
HessDelSqRho_EigVec2 =  9.8344696758E-01 -6.0944083451E-02  1.7063962215E-01
HessDelSqRho_EigVec3 =  1.7400815473E-01  5.8027273993E-01 -7.9561593083E-01
</CP of DelSqRho>
<CP of DelSqRho>
CP# = 31      
Type = (3,-1)
Coords =  2.97102200982154E+00 -2.08364132735909E+00  3.63098774239083E+00
DistFromNuc =  1.1656810128E+00
Rho =  2.5017120675E-01
DelSqRho =  8.4661203788E-01
GradDelSqRho = -1.2564393970E-12  8.9445117979E-13 -1.1777245845E-12
HessDelSqRho_EigVals = -1.6617162263E+01 -3.9853272560E+00  1.1728130176E-01
HessDelSqRho_EigVec1 =  5.9303388179E-01 -4.1852072714E-01  6.8785988108E-01
HessDelSqRho_EigVec2 = -5.8624215252E-01 -8.1003841653E-01  1.2565920071E-02
HessDelSqRho_EigVec3 = -5.5193383086E-01  4.1070447368E-01  7.2573471851E-01
</CP of DelSqRho>
<CP of DelSqRho>
CP# = 32      
Type = (3,-1)
Coords =  3.71887098022312E+00 -1.99950231618461E-01  3.06291596896758E+00
DistFromNuc =  2.0181730498E+00
Rho =  7.2298713929E-02
DelSqRho =  1.8475201867E-01
GradDelSqRho = -1.3752887718E-14 -2.1593837829E-14  4.5727310827E-15
HessDelSqRho_EigVals = -2.0446641308E+00 -1.1013621461E-02  4.9517221787E-01
HessDelSqRho_EigVec1 =  4.0299929546E-01  8.7348962632E-01 -2.7314362627E-01
HessDelSqRho_EigVec2 = -5.6356373826E-01  4.7200521139E-01  6.7794320805E-01
HessDelSqRho_EigVec3 =  7.2110157453E-01 -1.1927679210E-01  6.8248484678E-01
</CP of DelSqRho>
<CP of DelSqRho>
CP# = 33      
Type = (3,+1)
Coords =  2.38051794392984E+00 -3.59654997419039E+00  2.88304103036208E+00
DistFromNuc =  2.0044248047E+00
Rho =  7.1568583629E-02
DelSqRho =  1.8234314895E-01
GradDelSqRho =  3.3057064031E-13  8.2190504402E-13  7.4124734128E-14
HessDelSqRho_EigVals = -1.7187211562E+00  1.6966069779E-02  5.8091682082E-01
HessDelSqRho_EigVec1 = -2.1555941906E-01  8.8733037812E-01  4.0765050831E-01
HessDelSqRho_EigVec2 = -9.3410375154E-01 -6.5713587159E-02 -3.5090156143E-01
HessDelSqRho_EigVec3 = -2.8457743797E-01 -4.5642800586E-01  8.4302381773E-01
</CP of DelSqRho>
<CP of DelSqRho>
CP# = 34      
Type = (3,-1)
Coords =  1.40247259052736E+00 -3.38842443612052E+00  3.11517851730740E+00
DistFromNuc =  2.0164623062E+00
Rho =  7.2361165863E-02
DelSqRho =  1.8569347476E-01
GradDelSqRho =  1.9845236565E-15  2.8033131372E-15  4.8572257327E-16
HessDelSqRho_EigVals = -2.0599534523E+00 -1.2353373869E-02  4.9630802314E-01
HessDelSqRho_EigVec1 =  7.1317346316E-01  6.5577358121E-01  2.4767846421E-01
HessDelSqRho_EigVec2 = -6.0857634195E-01  4.0387492749E-01  6.8302260501E-01
HessDelSqRho_EigVec3 =  3.4787705796E-01 -6.3784485036E-01  6.8712116793E-01
</CP of DelSqRho>
<CP of DelSqRho>
CP# = 35      
Type = (3,+1)
Coords =  1.38662788314947E+00 -2.89694238301068E+00  4.06575589529739E+00
DistFromNuc =  2.0049992108E+00
Rho =  7.1540574133E-02
DelSqRho =  1.8202445532E-01
GradDelSqRho = -1.2038980923E-14  1.8731544094E-14 -2.5847379792E-14
HessDelSqRho_EigVals = -1.7189347039E+00  1.7087729879E-02  5.8081537243E-01
HessDelSqRho_EigVec1 =  6.9518304942E-01  2.4663899128E-01 -6.7519607209E-01
HessDelSqRho_EigVec2 =  6.0858330790E-01  2.9793885982E-01  7.3543102543E-01
HessDelSqRho_EigVec3 = -3.8255311415E-01  9.2217224193E-01 -5.7021671943E-02
</CP of DelSqRho>
<CP of DelSqRho>
CP# = 36      
Type = (3,+1)
Coords =  3.25984370097413E+00 -2.92320721099838E-01  3.99869767817970E+00
DistFromNuc =  2.0064452453E+00
Rho =  7.1538411206E-02
DelSqRho =  1.8159167583E-01
GradDelSqRho = -2.5210909749E-13 -4.3703929364E-13 -5.6689375416E-13
HessDelSqRho_EigVals = -1.7197962814E+00  1.6157498608E-02  5.7732105472E-01
HessDelSqRho_EigVec1 =  3.0648224261E-02  7.7304638322E-01  6.3360869291E-01
HessDelSqRho_EigVec2 = -1.1177847327E-01 -6.2727933627E-01  7.7073095643E-01
HessDelSqRho_EigVec3 =  9.9326041865E-01 -9.4445347544E-02  6.7184946714E-02
</CP of DelSqRho>
<CP of DelSqRho>
CP# = 37      
Type = (3,+1)
Coords =  4.20451569628347E+00 -1.03216942004469E+00  2.83213486777272E+00
DistFromNuc =  2.0055515761E+00
Rho =  7.1578413988E-02
DelSqRho =  1.8194368012E-01
GradDelSqRho =  3.2751579226E-15 -1.4998419173E-14 -7.7333972559E-15
HessDelSqRho_EigVals = -1.7180502185E+00  1.6052132257E-02  5.7823306689E-01
HessDelSqRho_EigVec1 =  8.9596729631E-01  9.5364345374E-02 -4.3376058556E-01
HessDelSqRho_EigVec2 = -2.5440093744E-01  9.1076502549E-01 -3.2524949097E-01
HessDelSqRho_EigVec3 =  3.6403676597E-01  4.0176200664E-01  8.4027645632E-01
</CP of DelSqRho>
<Path of -GradDelSqRho>
Starting CP# =      3
Ending CP# =     14
Number of Points =     36
  2.2176432787E+00 -1.5482258938E+00  2.9786390386E+00  2.2558135999E+01  1.2372157242E+03
  2.2083348290E+00 -1.5411542972E+00  3.0007375704E+00  1.5634942351E+01  1.1548315387E+03
  2.1990085765E+00 -1.5340700653E+00  3.0228245500E+00  1.0941979370E+01  9.8438280406E+02
  2.1896777540E+00 -1.5269825895E+00  3.0449085585E+00  7.7705147284E+00  7.7560324782E+02
  2.1803365191E+00 -1.5198877252E+00  3.0669857909E+00  5.6354668990E+00  5.7430879012E+02
  2.1709746757E+00 -1.5127782390E+00  3.0890495845E+00  4.1991055726E+00  4.0947196005E+02
  2.1615810912E+00 -1.5056462345E+00  3.1110926073E+00  3.2302632908E+00  2.8632259511E+02
  2.1521445720E+00 -1.4984837739E+00  3.1331073952E+00  2.5737235444E+00  1.9771731813E+02
  2.1426547257E+00 -1.4912834896E+00  3.1550868896E+00  2.1259148986E+00  1.3443357540E+02
  2.1331014273E+00 -1.4840382055E+00  3.1770240630E+00  1.8173901040E+00  8.9250813281E+01
  2.1234722815E+00 -1.4767391362E+00  3.1989101774E+00  1.6012661750E+00  5.7257190347E+01
  2.1137489834E+00 -1.4693733090E+00  3.2207321896E+00  1.4458710952E+00  3.5058497876E+01
  2.1039030601E+00 -1.4619205475E+00  3.2424695041E+00  1.3299839951E+00  2.0109812673E+01
  2.0938900234E+00 -1.4543493353E+00  3.2640891570E+00  1.2396061766E+00  1.0394502103E+01
  2.0836396257E+00 -1.4466099317E+00  3.2855371700E+00  1.1656835242E+00  4.3182615010E+00
  2.0730376910E+00 -1.4386215538E+00  3.3067209530E+00  1.1024868987E+00  6.7001947621E-01
  2.0618885693E+00 -1.4302459559E+00  3.3274685028E+00  1.0464940437E+00 -1.4220856671E+00
  2.0498253895E+00 -1.4212245393E+00  3.3474137575E+00  9.9570279616E-01 -2.5525737974E+00
  2.0360525549E+00 -1.4109995411E+00  3.3655633430E+00  9.4955254074E-01 -3.1085971573E+00
  2.0187479624E+00 -1.3983204982E+00  3.3779239515E+00  9.1169744209E-01 -3.3417774489E+00
  1.9991274793E+00 -1.3842275766E+00  3.3740918523E+00  8.9815120675E-01 -3.4481036112E+00
  1.9820866224E+00 -1.3721456953E+00  3.3604201265E+00  9.0140972194E-01 -3.5374343399E+00
  1.9662120240E+00 -1.3609298241E+00  3.3447021091E+00  9.0726608602E-01 -3.6225447910E+00
  1.9508781729E+00 -1.3501083162E+00  3.3281883470E+00  9.1304719051E-01 -3.7032987581E+00
  1.9360021690E+00 -1.3396181931E+00  3.3110534123E+00  9.1836507449E-01 -3.7792157251E+00
  1.9215873029E+00 -1.3294609266E+00  3.2933337469E+00  9.2314994614E-01 -3.8498418262E+00
  1.9076477787E+00 -1.3196461939E+00  3.2750497198E+00  9.2737493725E-01 -3.9147700301E+00
  1.8941988896E+00 -1.3101845766E+00  3.2562202224E+00  9.3102209835E-01 -3.9736472739E+00
  1.8812559460E+00 -1.3010867910E+00  3.2368642146E+00  9.3407896570E-01 -4.0261797427E+00
  1.8688341577E+00 -1.2923636434E+00  3.2170009307E+00  9.3653832419E-01 -4.0721369714E+00
  1.8569485869E+00 -1.2840260582E+00  3.1966499695E+00  9.3839818302E-01 -4.1113547523E+00
  1.8456140892E+00 -1.2760851301E+00  3.1758313708E+00  9.3966170656E-01 -4.1437368096E+00
  1.8348452248E+00 -1.2685522111E+00  3.1545656863E+00  9.4033708674E-01 -4.1692552322E+00
  1.8246561193E+00 -1.2614390667E+00  3.1328740452E+00  9.4043735974E-01 -4.1879496950E+00
  1.8150602073E+00 -1.2547581871E+00  3.1107782180E+00  9.3998017070E-01 -4.1999255308E+00
  1.8030378378E+00 -1.2464297637E+00  3.0802676455E+00  9.3851321571E-01 -4.2057423147E+00
</Path of -GradDelSqRho>
<Path of -GradDelSqRho>
Starting CP# =      3
Ending CP# =      1
Number of Points =      7
  2.2176432787E+00 -1.5482258938E+00  2.9786390386E+00  2.2558135999E+01  1.2372157242E+03
  2.2269126459E+00 -1.5552697551E+00  2.9565152379E+00  3.2805679693E+01  9.8382359796E+02
  2.2361489911E+00 -1.5622901821E+00  2.9343701832E+00  4.8078169076E+01 -8.0503239126E+02
  2.2453707933E+00 -1.5693002884E+00  2.9122157984E+00  7.0765890988E+01 -6.4200523360E+03
  2.2545819657E+00 -1.5763028516E+00  2.8900546080E+00  1.0444524270E+02 -2.0752440549E+04
  2.2637756153E+00 -1.5832929810E+00  2.8678822180E+00  1.5497156700E+02 -7.5715600147E+04
  2.2796722815E+00 -1.5953809816E+00  2.8294586201E+00  2.9726002377E+02 -3.3288983387E+06
</Path of -GradDelSqRho>
<Path of -GradDelSqRho>
Starting CP# =      4
Ending CP# =     11
Number of Points =     36
  2.3996242821E+00 -1.6833197361E+00  2.7506192177E+00  2.2551028639E+01  1.2363980819E+03
  2.4173881601E+00 -1.6963453210E+00  2.7387964176E+00  1.5630604539E+01  1.1541290623E+03
  2.4351425279E+00 -1.7093644191E+00  2.7269521993E+00  1.0939272204E+01  9.8381295893E+02
  2.4528944533E+00 -1.7223818503E+00  2.7151024896E+00  7.7687312710E+00  7.7515555853E+02
  2.4706407824E+00 -1.7353954641E+00  2.7032402123E+00  5.6341568628E+00  5.7398635450E+02
  2.4883760124E+00 -1.7484015071E+00  2.6913530614E+00  4.1979895934E+00  4.0926297564E+02
  2.5060940939E+00 -1.7613958508E+00  2.6794276097E+00  3.2291791401E+00  2.8620322188E+02
  2.5237888747E+00 -1.7743742936E+00  2.6674503650E+00  2.5725864223E+00  1.9766295349E+02
  2.5414545454E+00 -1.7873328633E+00  2.6554088113E+00  2.1246889307E+00  1.3442426896E+02
  2.5590853325E+00 -1.8002676059E+00  2.6432907657E+00  1.8160691557E+00  8.9271641895E+01
  2.5766740651E+00 -1.8131736047E+00  2.6310813197E+00  1.5998613050E+00  5.7297051865E+01
  2.5942100469E+00 -1.8260435203E+00  2.6187584621E+00  1.4444022845E+00  3.5109074278E+01
  2.6116764042E+00 -1.8388657640E+00  2.6062879678E+00  1.3284745969E+00  2.0164991033E+01
  2.6290461733E+00 -1.8516217923E+00  2.5936164009E+00  1.2380791761E+00  1.0450030367E+01
  2.6462753077E+00 -1.8642812542E+00  2.5806594847E+00  1.1641589895E+00  4.3714368036E+00
  2.6632885192E+00 -1.8767921299E+00  2.5672804862E+00  1.1009799785E+00  7.1935056436E-01
  2.6799466630E+00 -1.8890579247E+00  2.5532457360E+00  1.0450123278E+00 -1.3772094486E+00
  2.6959558719E+00 -1.9008738150E+00  2.5381188674E+00  9.9423924997E-01 -2.5121468748E+00
  2.7105280141E+00 -1.9116864675E+00  2.5209588940E+00  9.4805346786E-01 -3.0720970505E+00
  2.7205314631E+00 -1.9192702670E+00  2.4996022967E+00  9.0985100678E-01 -3.3076635520E+00
  2.7174688462E+00 -1.9174628512E+00  2.4754264209E+00  8.9557641805E-01 -3.4133553638E+00
  2.7061968026E+00 -1.9096663466E+00  2.4545622405E+00  8.9861032661E-01 -3.5013390903E+00
  2.6932400111E+00 -1.9006230742E+00  2.4351923665E+00  9.0435814707E-01 -3.5852372909E+00
  2.6796442785E+00 -1.8911015882E+00  2.4164992271E+00  9.1005048881E-01 -3.6649476768E+00
  2.6655536955E+00 -1.8812072878E+00  2.3983745928E+00  9.1529119379E-01 -3.7400017966E+00
  2.6509983803E+00 -1.8709614169E+00  2.3808215353E+00  9.2001030268E-01 -3.8099555113E+00
  2.6359953127E+00 -1.8603755284E+00  2.3638571072E+00  9.2418128730E-01 -3.8744092562E+00
  2.6205602508E+00 -1.8494603108E+00  2.3474997960E+00  9.2778646749E-01 -3.9330150210E+00
  2.6047089763E+00 -1.8382265267E+00  2.3317681824E+00  9.3081354139E-01 -3.9854815190E+00
  2.5884574473E+00 -1.8266851507E+00  2.3166808176E+00  9.3325534732E-01 -4.0315782291E+00
  2.5718218530E+00 -1.8148474472E+00  2.3022562041E+00  9.3510984146E-01 -4.0711382958E+00
  2.5548186463E+00 -1.8027250537E+00  2.2885127792E+00  9.3638003177E-01 -4.1040602482E+00
  2.5374645556E+00 -1.7903300851E+00  2.2754688957E+00  9.3707385408E-01 -4.1303085292E+00
  2.5197765599E+00 -1.7776752765E+00  2.2631428023E+00  9.3720399331E-01 -4.1499128603E+00
  2.5017717937E+00 -1.7647742181E+00  2.2515526207E+00  9.3678765353E-01 -4.1629665014E+00
  2.4727927663E+00 -1.7439786303E+00  2.2348231071E+00  9.3507538487E-01 -4.1706346243E+00
</Path of -GradDelSqRho>
<Path of -GradDelSqRho>
Starting CP# =      4
Ending CP# =      1
Number of Points =      7
  2.3996242821E+00 -1.6833197361E+00  2.7506192177E+00  2.2551028639E+01  1.2363980819E+03
  2.3818395292E+00 -1.6702799192E+00  2.7623948473E+00  3.2793912487E+01  9.8353159051E+02
  2.3640371887E+00 -1.6572281159E+00  2.7741305630E+00  4.8058808960E+01 -8.0231638470E+02
  2.3462271234E+00 -1.6441710493E+00  2.7858486932E+00  7.0734849512E+01 -6.4113857960E+03
  2.3284114368E+00 -1.6311101536E+00  2.7975540025E+00  1.0439550663E+02 -2.0720074659E+04
  2.3105864859E+00 -1.6180429488E+00  2.8092381482E+00  1.5489405532E+02 -7.5606722558E+04
  2.2796722815E+00 -1.5953809816E+00  2.8294586201E+00  2.9726002377E+02 -3.3288983387E+06
</Path of -GradDelSqRho>
<Path of -GradDelSqRho>
Starting CP# =     12
Ending CP# =     18
Number of Points =     19
  2.4827970046E+00 -1.1610988272E+00  3.3250661627E+00  7.8285640724E-01 -2.5509749752E+00
  2.5047229863E+00 -1.1637013951E+00  3.3208123733E+00  7.7934291312E-01 -2.5540570777E+00
  2.5288922009E+00 -1.1670924716E+00  3.3154012673E+00  7.7579577917E-01 -2.5644816480E+00
  2.5528121252E+00 -1.1710040258E+00  3.3092802093E+00  7.7261337057E-01 -2.5817996965E+00
  2.5764505063E+00 -1.1754319537E+00  3.3024574109E+00  7.6977812653E-01 -2.6053945210E+00
  2.5997748848E+00 -1.1803717349E+00  3.2949406514E+00  7.6726917104E-01 -2.6345275588E+00
  2.6227523131E+00 -1.1858185503E+00  3.2867370549E+00  7.6506299154E-01 -2.6683486370E+00
  2.6453490164E+00 -1.1917673484E+00  3.2778528712E+00  7.6313419785E-01 -2.7059096915E+00
  2.6675299954E+00 -1.1982128506E+00  3.2682932649E+00  7.6145636830E-01 -2.7461818360E+00
  2.6892585737E+00 -1.2051494764E+00  3.2580621114E+00  7.6000298602E-01 -2.7880755320E+00
  2.7104958933E+00 -1.2125711506E+00  3.2471617986E+00  7.5874846008E-01 -2.8304634976E+00
  2.7312003739E+00 -1.2204709412E+00  3.2355930323E+00  7.5766921145E-01 -2.8722059022E+00
  2.7513271675E+00 -1.2288404388E+00  3.2233546392E+00  7.5674477972E-01 -2.9121773153E+00
  2.7708276673E+00 -1.2376687369E+00  3.2104433484E+00  7.5595886958E-01 -2.9492948000E+00
  2.7896491695E+00 -1.2469407850E+00  3.1968534888E+00  7.5530020507E-01 -2.9825464547E+00
  2.8077348257E+00 -1.2566347150E+00  3.1825764329E+00  7.5476299764E-01 -3.0110195899E+00
  2.8250240223E+00 -1.2667173742E+00  3.1675993243E+00  7.5434677994E-01 -3.0339275884E+00
  2.8414531432E+00 -1.2771362421E+00  3.1519017909E+00  7.5405536181E-01 -3.0506343635E+00
  2.8706252164E+00 -1.2978868978E+00  3.1191845483E+00  7.5386851681E-01 -3.0637854129E+00
</Path of -GradDelSqRho>
<Path of -GradDelSqRho>
Starting CP# =     12
Ending CP# =     14
Number of Points =     32
  2.4827970046E+00 -1.1610988272E+00  3.3250661627E+00  7.8285640724E-01 -2.5509749752E+00
  2.4607176558E+00 -1.1589217749E+00  3.3287358834E+00  7.8667972904E-01 -2.5541310399E+00
  2.4360233988E+00 -1.1570037949E+00  3.3321189143E+00  7.9130168258E-01 -2.5651743810E+00
  2.4112036401E+00 -1.1556154702E+00  3.3347612160E+00  7.9631492468E-01 -2.5842622522E+00
  2.3862917529E+00 -1.1547565839E+00  3.3366558398E+00  8.0171385665E-01 -2.6113855882E+00
  2.3613214120E+00 -1.1544254149E+00  3.3377967463E+00  8.0748692054E-01 -2.6464134482E+00
  2.3363264959E+00 -1.1546185447E+00  3.3381789826E+00  8.1361635579E-01 -2.6890998225E+00
  2.3113409467E+00 -1.1553306740E+00  3.3377988102E+00  8.2007803363E-01 -2.7390912421E+00
  2.2863985967E+00 -1.1565544592E+00  3.3366537774E+00  8.2684138151E-01 -2.7959348146E+00
  2.2615329764E+00 -1.1582803719E+00  3.3347427248E+00  8.3386941149E-01 -2.8590864124E+00
  2.2367771175E+00 -1.1604965818E+00  3.3320657151E+00  8.4111886768E-01 -2.9279188473E+00
  2.2121633690E+00 -1.1631888591E+00  3.3286238827E+00  8.4854050659E-01 -3.0017299816E+00
  2.1877232424E+00 -1.1663404890E+00  3.3244191954E+00  8.5607952244E-01 -3.0797508308E+00
  2.1634873055E+00 -1.1699321830E+00  3.3194541303E+00  8.6367612478E-01 -3.1611537997E+00
  2.1394851395E+00 -1.1739419676E+00  3.3137312614E+00  8.7126626998E-01 -3.2450612539E+00
  2.1157453746E+00 -1.1783450207E+00  3.3072527605E+00  8.7878254058E-01 -3.3305546591E+00
  2.0922958194E+00 -1.1831134191E+00  3.3000198111E+00  8.8615515809E-01 -3.4166845168E+00
  2.0691636975E+00 -1.1882157453E+00  3.2920319292E+00  8.9331310689E-01 -3.5024812964E+00
  2.0463760112E+00 -1.1936164883E+00  3.2832861794E+00  9.0018533985E-01 -3.5869675096E+00
  2.0239600596E+00 -1.1992751468E+00  3.2737762581E+00  9.0670203239E-01 -3.6691710137E+00
  2.0019441636E+00 -1.2051449053E+00  3.2634914022E+00  9.1279585087E-01 -3.7481395695E+00
  1.9803586825E+00 -1.2111706936E+00  3.2524150521E+00  9.1840320500E-01 -3.8229566395E+00
  1.9592374819E+00 -1.2172863389E+00  3.2405231709E+00  9.2346546248E-01 -3.8927584078E+00
  1.9386201303E+00 -1.2234103505E+00  3.2277820849E+00  9.2793011764E-01 -3.9567520546E+00
  1.9185553335E+00 -1.2294395873E+00  3.2141456879E+00  9.3175192551E-01 -4.0142354499E+00
  1.8991065405E+00 -1.2352395694E+00  3.1995518929E+00  9.3489404212E-01 -4.0646186604E+00
  1.8803614817E+00 -1.2406293762E+00  3.1839184698E+00  9.3732925847E-01 -4.1074480023E+00
  1.8624489864E+00 -1.2453578468E+00  3.1671393851E+00  9.3904150016E-01 -4.1424336644E+00
  1.8455692753E+00 -1.2490666134E+00  3.1490859028E+00  9.4002792711E-01 -4.1694815418E+00
  1.8300475359E+00 -1.2512378252E+00  3.1296259897E+00  9.4030226404E-01 -4.1887262631E+00
  1.8164159247E+00 -1.2511464576E+00  3.1086980917E+00  9.3990025981E-01 -4.2005472637E+00
  1.8030378378E+00 -1.2464297637E+00  3.0802676455E+00  9.3851321571E-01 -4.2057423147E+00
</Path of -GradDelSqRho>
<Path of -GradDelSqRho>
Starting CP# =     13
Ending CP# =     14
Number of Points =     32
  1.9377308305E+00 -1.9127254303E+00  3.3367643633E+00  7.8391551931E-01 -2.5594858667E+00
  1.9288519421E+00 -1.8923759198E+00  3.3401309510E+00  7.8772707597E-01 -2.5626336142E+00
  1.9193867361E+00 -1.8694389341E+00  3.3431697740E+00  7.9234024232E-01 -2.5736668761E+00
  1.9103737679E+00 -1.8462338593E+00  3.3454546250E+00  7.9734294733E-01 -2.5927403980E+00
  1.9018230615E+00 -1.8227926367E+00  3.3469790664E+00  8.0272938229E-01 -2.6198415694E+00
  1.8937433157E+00 -1.7991479416E+00  3.3477376083E+00  8.0848777451E-01 -2.6548359292E+00
  1.8861416941E+00 -1.7753331465E+00  3.3477258849E+00  8.1460014964E-01 -2.6974740218E+00
  1.8790236108E+00 -1.7513822414E+00  3.3469407821E+00  8.2104217259E-01 -2.7473990506E+00
  1.8723925227E+00 -1.7273297196E+00  3.3453805061E+00  8.2778307950E-01 -2.8041549599E+00
  1.8662497385E+00 -1.7032104394E+00  3.3430445862E+00  8.3478571458E-01 -2.8671946703E+00
  1.8605942452E+00 -1.6790594778E+00  3.3399338011E+00  8.4200668638E-01 -2.9358883060E+00
  1.8554225581E+00 -1.6549119909E+00  3.3360500238E+00  8.4939665739E-01 -3.0095313664E+00
  1.8507285868E+00 -1.6308031030E+00  3.3313959811E+00  8.5690077824E-01 -3.0873528968E+00
  1.8465035136E+00 -1.6067678437E+00  3.3259749273E+00  8.6445927342E-01 -3.1685237989E+00
  1.8427356656E+00 -1.5828411556E+00  3.3197902319E+00  8.7200817956E-01 -3.2521654827E+00
  1.8394103609E+00 -1.5590579950E+00  3.3128448843E+00  8.7948022949E-01 -3.3373590852E+00
  1.8365096951E+00 -1.5354535522E+00  3.3051409143E+00  8.8680586759E-01 -3.4231554834E+00
  1.8340122255E+00 -1.5120636203E+00  3.2966787248E+00  8.9391437339E-01 -3.5085862931E+00
  1.8318924955E+00 -1.4889251516E+00  3.2874563252E+00  9.0073506443E-01 -3.5926759971E+00
  1.8301203197E+00 -1.4660770611E+00  3.2774684414E+00  9.0719854511E-01 -3.6744552834E+00
