 AIMInt (Version 19.02.13, Professional)
 Portions Copyright (c) 1997-2019 by Todd A. Keith
 AIMInt is a component of the AIMAll package ( http://aim.tkgristmill.com )

 TP:  64-bit Linux

 Licensed To:  Research Group of Fernando Cortes Guzman, UNAM, fercor@unam.mx

 AIMInt is a heavily modified and extended version of the PROAIMV program
 developed by members of R.F.W. Bader's research group

 Much of the Quantum Theory of Atoms in Molecules (QTAIM) is described in the book:
   "Atoms in Molecules - A Quantum Theory"
   R.F.W. Bader, Oxford University Press, Oxford, 1990

 For additional references see:  http://aim.tkgristmill.com/references.html

 Current Directory:  /home/scratch/M_H2O_4_tetraedrico/Opt

 Inp File:  Sc3_tetraedrico_cc-pvtz-def2-tzv_1_atomicfiles/o4.inp
 Wfx File:  Sc3_tetraedrico_cc-pvtz-def2-tzv_1.wfx
 Out File:  Sc3_tetraedrico_cc-pvtz-def2-tzv_1_atomicfiles/o4.int

 Wfx Title:   Sc3_tetraedrico_cc-pvtz-def2-tzv_1                                            
 Job Title:   Sc3_tetraedrico_cc-pvtz-def2-tzv_1                                            
 
<Atom>
O4      
</Atom>
<Nuclei of Molecule>
    13
Sc1       21.0          -2.7137082821E-05   7.1428703004E-06  -4.8040555792E-05
O2         8.0           2.2796721095E+00  -1.5953808611E+00   2.8294584191E+00
H3         1.0           3.8164691761E+00  -8.5218702200E-01   3.6044986955E+00
O4         8.0           2.3025148231E+00   1.5647792252E+00  -2.8281547045E+00
H5         1.0           2.1093436565E+00   3.2439235520E+00  -3.6388834037E+00
O6         8.0          -2.3095647930E+00  -2.8134328473E+00  -1.5808673888E+00
H7         1.0          -3.8466057220E+00  -3.5782028045E+00  -8.2755044030E-01
O8         8.0          -2.2727298375E+00   2.8440624499E+00   1.5793728159E+00
H9         1.0          -2.0627761965E+00   3.6535523342E+00   3.2571142900E+00
H10        1.0          -3.7996191529E+00   3.6287099538E+00   8.2597436348E-01
H11        1.0           3.8305823382E+00   8.0172845580E-01  -3.6011113877E+00
H12        1.0          -2.1097431537E+00  -3.6263559715E+00  -3.2581618482E+00
H13        1.0           2.0637805168E+00  -3.2715422323E+00   3.6406554492E+00
</Nuclei of Molecule>
<Total Number of CPs of DelSqRho>
    36
</Total Number of CPs of DelSqRho>
<Number of (3,+3) CPs of DelSqRho>
     5
</Number of (3,+3) CPs of DelSqRho>
<Number of (3,+1) CPs of DelSqRho>
    14
</Number of (3,+1) CPs of DelSqRho>
<Number of (3,-1) CPs of DelSqRho>
    12
</Number of (3,-1) CPs of DelSqRho>
<Number of (3,-3) CPs of DelSqRho>
     5
</Number of (3,-3) CPs of DelSqRho>
<Number of Degenerate CPs of DelSqRho>
     0
</Number of Degenerate CPs of DelSqRho>
<CP of DelSqRho>
CP# = 1       
Type = (3,+3)
Coords =  2.30251499698356E+00  1.56477934365317E+00 -2.82815490496870E+00
DistFromNuc =  2.9064675950E-07
Rho =  2.9725993000E+02
DelSqRho = -3.3288973383E+06
GradDelSqRho =  9.0283157306E-06 -1.4013279497E-06  2.3063294179E-05
HessDelSqRho_EigVals =  1.3238258595E+11  1.3238260409E+11  1.3238261174E+11
HessDelSqRho_EigVec1 =  5.7097819532E-01  4.1309091105E-01  7.0946444567E-01
HessDelSqRho_EigVec2 =  5.8349624326E-01  4.0371121492E-01 -7.0466260653E-01
HessDelSqRho_EigVec3 = -5.7750847142E-01  8.1631682217E-01 -1.0526693799E-02
</CP of DelSqRho>
<CP of DelSqRho>
CP# = 2       
Type = (3,-1)
Coords =  1.28862238720409E+00  8.76994559737206E-01 -1.60558792860905E+00
DistFromNuc =  1.7308076551E+00
Rho =  9.1243324555E-02
DelSqRho =  2.1633820998E-01
GradDelSqRho = -4.9960036108E-16 -1.5265566589E-16  2.0816681712E-17
HessDelSqRho_EigVals = -1.8786275433E-01 -2.2069438900E-02  2.3096971821E+00
HessDelSqRho_EigVec1 =  5.7803846588E-01  4.1634509453E-01  7.0180360089E-01
HessDelSqRho_EigVec2 = -5.7385462989E-01  8.1885191435E-01 -1.3130351240E-02
HessDelSqRho_EigVec3 = -5.8013997941E-01 -3.9514339756E-01  7.1224946448E-01
</CP of DelSqRho>
<CP of DelSqRho>
CP# = 3       
Type = (3,+1)
Coords =  2.24006916053473E+00  1.51847398586473E+00 -2.97742638460151E+00
DistFromNuc =  1.6830231862E-01
Rho =  2.2558358174E+01
DelSqRho =  1.2372400862E+03
GradDelSqRho = -1.1162626379E-11  4.0714098759E-12 -6.0254023992E-12
HessDelSqRho_EigVals = -4.1387464243E+05  2.0294141128E+03  3.0551631700E+03
HessDelSqRho_EigVec1 =  3.7413291021E-01  2.7727047911E-01  8.8495516661E-01
HessDelSqRho_EigVec2 =  7.2464088045E-01  5.0809297378E-01 -4.6555034569E-01
HessDelSqRho_EigVec3 = -5.7872286967E-01  8.1545239678E-01 -1.0827221171E-02
</CP of DelSqRho>
<CP of DelSqRho>
CP# = 4       
Type = (3,+1)
Coords =  2.42349574344733E+00  1.65113486046187E+00 -2.74913566361860E+00
DistFromNuc =  1.6833801605E-01
Rho =  2.2550837179E+01
DelSqRho =  1.2363764412E+03
GradDelSqRho =  3.7402969610E-11  1.0174971976E-11  2.3490542844E-11
HessDelSqRho_EigVals = -4.1303142749E+05  2.0666326906E+03  3.0860133803E+03
HessDelSqRho_EigVec1 =  7.1702660761E-01  5.1189675355E-01  4.7311157001E-01
HessDelSqRho_EigVec2 = -3.9092264588E-01 -2.6663412506E-01  8.8095727949E-01
HessDelSqRho_EigVec3 =  5.7710686091E-01 -8.1661983631E-01  8.9282711522E-03
</CP of DelSqRho>
<CP of DelSqRho>
CP# = 5       
Type = (3,-1)
Coords =  2.39994873331579E+00  1.63190564392518E+00 -2.94844261941692E+00
DistFromNuc =  1.6872612554E-01
Rho =  2.2351962143E+01
DelSqRho =  1.2524630966E+03
GradDelSqRho =  5.8975047068E-12 -1.4210854715E-14 -2.3590018827E-12
HessDelSqRho_EigVals = -4.0812836890E+05 -1.5585725637E+03  1.3906035741E+03
HessDelSqRho_EigVec1 = -5.7737179968E-01 -3.9779792119E-01  7.1302077027E-01
HessDelSqRho_EigVec2 =  5.7794819041E-01  4.1773409693E-01  7.0105214747E-01
HessDelSqRho_EigVec3 = -5.7673017447E-01  8.1685680395E-01 -1.1281298635E-02
</CP of DelSqRho>
<CP of DelSqRho>
CP# = 6       
Type = (3,-3)
Coords =  2.16503679593451E+00  1.60544074657723E+00 -2.74213274358405E+00
DistFromNuc =  1.6719253876E-01
Rho =  2.2664615336E+01
DelSqRho =  1.2920278268E+03
GradDelSqRho =  6.2243543653E-12 -6.6648908614E-12 -2.7000623959E-12
HessDelSqRho_EigVals = -4.4549572746E+05 -3.2711157112E+03 -5.1296282344E+02
HessDelSqRho_EigVec1 =  8.2219704173E-01 -2.4058592509E-01 -5.1585893151E-01
HessDelSqRho_EigVec2 =  5.6762388622E-01  4.1401531281E-01  7.1161397158E-01
HessDelSqRho_EigVec3 = -4.2369191234E-02  8.7790075373E-01 -4.7696448319E-01
</CP of DelSqRho>
<CP of DelSqRho>
CP# = 7       
Type = (3,-1)
Coords =  2.72304201900973E+00  1.85219453044965E+00 -3.33700027257968E+00
DistFromNuc =  7.1998228617E-01
Rho =  6.7939316662E-01
DelSqRho = -1.1449232366E+00
GradDelSqRho = -2.2204460493E-13 -1.6076029397E-13  6.4481753270E-13
HessDelSqRho_EigVals = -1.8686287140E+01 -4.8900662287E+00  1.3971033298E+02
HessDelSqRho_EigVec1 = -5.7569094876E-01  8.1755586563E-01 -1.3503262420E-02
HessDelSqRho_EigVec2 =  5.7293119768E-01  4.1510821619E-01  7.0670716112E-01
HessDelSqRho_EigVec3 = -5.8337790003E-01 -3.9910847577E-01  7.0737730408E-01
</CP of DelSqRho>
<CP of DelSqRho>
CP# = 8       
Type = (3,-1)
Coords =  1.76835002542387E+00  2.00425719330482E+00 -2.65231435690348E+00
DistFromNuc =  7.1371755149E-01
Rho =  6.7846605055E-01
DelSqRho = -1.0862229188E+00
GradDelSqRho = -4.4497738827E-13  1.8385293288E-13  2.5202062659E-13
HessDelSqRho_EigVals = -1.5009020415E+01 -1.1479336931E+01  1.4611811526E+02
HessDelSqRho_EigVec1 = -3.1931135131E-01 -6.8760205021E-01  6.5210710889E-01
HessDelSqRho_EigVec2 =  5.7103474726E-01  4.0955817098E-01  7.1146428020E-01
HessDelSqRho_EigVec3 =  7.5628009252E-01 -5.9955443883E-01 -2.6186808994E-01
</CP of DelSqRho>
<CP of DelSqRho>
CP# = 9       
Type = (3,-1)
Coords =  2.53414172696013E+00  9.17702664985877E-01 -2.63584144631350E+00
DistFromNuc =  7.1368304357E-01
Rho =  6.7864214121E-01
DelSqRho = -1.0883036648E+00
GradDelSqRho = -2.6645352591E-15  1.9539925233E-14  1.3322676296E-15
HessDelSqRho_EigVals = -1.4965137870E+01 -1.1468722819E+01  1.4613087715E+02
HessDelSqRho_EigVec1 =  7.6510359299E-01  5.6583162493E-02 -6.4141627490E-01
HessDelSqRho_EigVec2 =  5.6647396776E-01  4.1445898714E-01  7.1227171209E-01
HessDelSqRho_EigVec3 = -3.0614332565E-01  9.0830726833E-01 -2.8505117164E-01
</CP of DelSqRho>
<CP of DelSqRho>
CP# = 10      
Type = (3,+3)
Coords =  2.49670889372305E+00  1.71065829659476E+00 -2.23316759441403E+00
DistFromNuc =  6.4265208446E-01
Rho =  9.3497912628E-01
DelSqRho = -4.1696470177E+00
GradDelSqRho = -1.2976286712E-12 -9.8321351061E-13 -5.3645976550E-12
HessDelSqRho_EigVals =  9.6608865634E+00  2.0618464680E+01  3.1406387031E+02
HessDelSqRho_EigVec1 =  7.5188241348E-01  5.2483817444E-01 -3.9902096054E-01
HessDelSqRho_EigVec2 = -5.7662976267E-01  8.1691669315E-01 -1.2051276041E-02
HessDelSqRho_EigVec3 =  3.1964191387E-01  2.3914850429E-01  9.1686260683E-01
</CP of DelSqRho>
<CP of DelSqRho>
CP# = 11      
Type = (3,+1)
Coords =  2.50069782094730E+00  1.12802265074941E+00 -3.32358307252759E+00
DistFromNuc =  6.8955208207E-01
Rho =  7.8287240812E-01
DelSqRho = -2.5511891167E+00
GradDelSqRho = -4.8849813084E-15 -7.1054273576E-15 -7.1054273576E-15
HessDelSqRho_EigVals = -1.2351062009E+01  1.2712567612E+01  1.8909707454E+02
HessDelSqRho_EigVec1 =  9.7963989401E-01  9.3509059276E-02  1.7765622391E-01
HessDelSqRho_EigVec2 =  4.4058394035E-02  7.6320041247E-01 -6.4465803983E-01
HessDelSqRho_EigVec3 = -1.9586867023E-01  6.3935998173E-01  7.4354171220E-01
</CP of DelSqRho>
<CP of DelSqRho>
CP# = 12      
Type = (3,+1)
Coords =  1.96541815335043E+00  1.88675169024338E+00 -3.33578666452830E+00
DistFromNuc =  6.8919564700E-01
Rho =  7.8391989219E-01
DelSqRho = -2.5595961155E+00
GradDelSqRho =  5.3290705182E-15 -4.4408920985E-15  1.4210854715E-14
HessDelSqRho_EigVals = -1.2355375392E+01  1.2782719402E+01  1.8971784796E+02
HessDelSqRho_EigVec1 =  4.1461129595E-01  8.9507929731E-01  1.6410522479E-01
HessDelSqRho_EigVec2 =  7.4325532168E-01 -2.2903988923E-01 -6.2857955418E-01
HessDelSqRho_EigVec3 =  5.2504190315E-01 -3.8258826520E-01  7.6023497635E-01
</CP of DelSqRho>
<CP of DelSqRho>
CP# = 13      
Type = (3,+1)
Coords =  1.91019732503768E+00  1.29550946140562E+00 -2.35427504161130E+00
DistFromNuc =  6.7155130841E-01
Rho =  8.3812026908E-01
DelSqRho = -3.2805137774E+00
GradDelSqRho = -2.5117685709E-12 -1.7639223415E-12 -2.4158453016E-13
HessDelSqRho_EigVals = -6.3723382732E+00  1.7428226926E+01  2.3194713752E+02
HessDelSqRho_EigVec1 =  5.7144984438E-01  4.1351046874E-01  7.0884001552E-01
HessDelSqRho_EigVec2 = -5.7612109582E-01  8.1727164285E-01 -1.2310351246E-02
HessDelSqRho_EigVec3 = -5.8440530311E-01 -4.0134293820E-01  7.0526185751E-01
</CP of DelSqRho>
<CP of DelSqRho>
CP# = 14      
Type = (3,+1)
Coords =  2.44840549774831E+00  2.23158066626467E+00 -2.73432965960498E+00
DistFromNuc =  6.8899302593E-01
Rho =  7.8449560945E-01
DelSqRho = -2.5610307023E+00
GradDelSqRho = -4.4408920985E-15 -3.7303493627E-14 -6.6613381478E-15
HessDelSqRho_EigVals = -1.2262092779E+01  1.2744732153E+01  1.8979967897E+02
HessDelSqRho_EigVec1 =  4.0689262203E-01 -3.0733234898E-01  8.6022393678E-01
HessDelSqRho_EigVec2 =  8.7631436367E-01 -1.3454086812E-01 -4.6257095761E-01
HessDelSqRho_EigVec3 =  2.5789829420E-01  9.4204330159E-01  2.1457606524E-01
</CP of DelSqRho>
<CP of DelSqRho>
CP# = 15      
Type = (3,+1)
Coords =  2.97830240085656E+00  1.47869403098323E+00 -2.72325188280371E+00
DistFromNuc =  6.8927796494E-01
Rho =  7.8371225139E-01
DelSqRho = -2.5554045944E+00
GradDelSqRho =  4.6185277824E-14  0.0000000000E+00  1.0658141036E-14
HessDelSqRho_EigVals = -1.2238210320E+01  1.2700549720E+01  1.8929678431E+02
HessDelSqRho_EigVec1 = -1.6370969862E-01  5.0419692054E-01  8.4792959607E-01
HessDelSqRho_EigVec2 =  1.7602774416E-01  8.6066169841E-01 -4.7778203626E-01
HessDelSqRho_EigVec3 =  9.7067675766E-01 -7.1041580844E-02  2.2965131380E-01
</CP of DelSqRho>
<CP of DelSqRho>
CP# = 16      
Type = (3,+3)
Coords =  1.82174355639991E+00  1.22213784317044E+00 -3.07971517787654E+00
DistFromNuc =  6.4173732892E-01
Rho =  9.3858459006E-01
DelSqRho = -4.2063713678E+00
GradDelSqRho =  7.8159700934E-14  6.3060667799E-14  5.1514348343E-14
HessDelSqRho_EigVals =  9.9784392438E+00  2.0773976327E+01  3.1825313851E+02
HessDelSqRho_EigVec1 = -3.4298660948E-01 -2.2940996858E-01  9.1089585137E-01
HessDelSqRho_EigVec2 = -5.7641634888E-01  8.1707857300E-01 -1.1260474373E-02
HessDelSqRho_EigVec3 =  7.4169021732E-01  5.2891745278E-01  4.1248266592E-01
</CP of DelSqRho>
<CP of DelSqRho>
CP# = 17      
Type = (3,+3)
Coords =  2.88995749776581E+00  1.25969897236649E+00 -3.11712169290982E+00
DistFromNuc =  7.2226364795E-01
Rho =  7.5388388503E-01
DelSqRho = -3.0639762629E+00
GradDelSqRho = -2.6645352591E-14  9.7699626167E-15 -8.8817841970E-16
HessDelSqRho_EigVals =  1.1266432682E+01  2.2314359390E+01  1.4104956432E+02
HessDelSqRho_EigVec1 =  5.6542901403E-01  4.1633681037E-01  7.1200680504E-01
HessDelSqRho_EigVec2 =  1.4052956494E-01  8.0199967104E-01 -5.8055832526E-01
HessDelSqRho_EigVec3 =  8.1273702479E-01 -4.2832252799E-01 -3.9496625242E-01
</CP of DelSqRho>
<CP of DelSqRho>
CP# = 18      
Type = (3,+3)
Coords =  2.21737350554998E+00  2.21396348133828E+00 -3.13236407160658E+00
DistFromNuc =  7.2196439067E-01
Rho =  7.5488422995E-01
DelSqRho = -3.0745193400E+00
GradDelSqRho = -1.1102230246E-14  3.5527136788E-14 -2.0428103653E-14
HessDelSqRho_EigVals =  1.1305856583E+01  2.2412409668E+01  1.4140390286E+02
HessDelSqRho_EigVec1 =  5.7199471751E-01  4.0790665106E-01  7.1164190936E-01
HessDelSqRho_EigVec2 = -8.1086109870E-01  1.5024708039E-01  5.6562363233E-01
HessDelSqRho_EigVec3 = -1.2379952246E-01  9.0057647030E-01 -4.1669617156E-01
</CP of DelSqRho>
<CP of DelSqRho>
CP# = 19      
Type = (3,+1)
Coords =  3.24628677366360E+00  1.08819102403128E+00 -3.30241951668269E+00
DistFromNuc =  1.1587790645E+00
Rho =  4.0679497398E-01
DelSqRho = -9.2292525389E-01
GradDelSqRho = -4.6629367034E-15  2.6090241079E-15  8.3266726847E-17
HessDelSqRho_EigVals = -2.9997558520E+01  1.4198558678E+01  1.4896946507E+01
HessDelSqRho_EigVec1 =  8.1539376813E-01 -4.0449655257E-01 -4.1414434905E-01
HessDelSqRho_EigVec2 = -5.6791639480E-01 -4.2018399913E-01 -7.0775445982E-01
HessDelSqRho_EigVec3 =  1.1226741026E-01  8.1229794154E-01 -5.7233563821E-01
</CP of DelSqRho>
<CP of DelSqRho>
CP# = 20      
Type = (3,-3)
Coords =  2.67215986192052E+00  1.80800396347896E+00 -3.90440915517565E+00
DistFromNuc =  1.1636663485E+00
Rho =  2.4723671184E-01
DelSqRho =  8.5347771217E-01
GradDelSqRho = -8.4654505628E-16 -4.9266146718E-16  5.4400928207E-15
HessDelSqRho_EigVals = -1.7546366447E+01 -2.6848177350E+00 -1.8713602712E-01
HessDelSqRho_EigVec1 = -3.1497625873E-01 -2.0690266881E-01  9.2627276872E-01
HessDelSqRho_EigVec2 =  5.7590730212E-01 -8.1740761635E-01  1.3250211477E-02
HessDelSqRho_EigVec3 =  7.5440091185E-01  5.3762075330E-01  3.7662075065E-01
</CP of DelSqRho>
<CP of DelSqRho>
CP# = 21      
Type = (3,+1)
Coords =  1.60653460682981E+00  1.09005918128168E+00 -1.93324358361159E+00
DistFromNuc =  1.2290701753E+00
Rho =  2.4339342306E-01
DelSqRho =  4.4082459597E-01
GradDelSqRho =  6.6613381478E-16  9.4368957093E-16  2.2204460493E-16
HessDelSqRho_EigVals = -1.1792957366E+01  1.6168382724E-01  8.0422150560E-01
HessDelSqRho_EigVec1 = -5.6668705227E-01 -3.8642136624E-01  7.2769795417E-01
HessDelSqRho_EigVec2 =  5.9024236121E-01  4.2583252652E-01  6.8577008858E-01
HessDelSqRho_EigVec3 = -5.7487367292E-01  8.1813518875E-01 -1.3231519578E-02
</CP of DelSqRho>
<CP of DelSqRho>
CP# = 22      
Type = (3,-1)
Coords =  2.25506913236670E+00  6.10002950857787E-01 -3.53395153608111E+00
DistFromNuc =  1.1882752186E+00
Rho =  2.4258977150E-01
DelSqRho =  7.1930548814E-01
GradDelSqRho =  6.2276572788E-16  1.1102230246E-15  6.1062266354E-16
HessDelSqRho_EigVals = -1.7079040630E+01 -1.2531972467E+00  2.8940863784E-01
HessDelSqRho_EigVec1 =  6.0349047576E-02  8.1125814813E-01  5.8156530979E-01
HessDelSqRho_EigVec2 = -9.8439627558E-01 -4.8109503621E-02  1.6926147902E-01
HessDelSqRho_EigVec3 =  1.6529357240E-01 -5.8270549402E-01  7.9569613683E-01
</CP of DelSqRho>
<CP of DelSqRho>
CP# = 23      
Type = (3,-3)
Coords =  3.18936198771115E+00  2.18248737604669E+00 -3.26136681810322E+00
DistFromNuc =  1.1643599050E+00
Rho =  2.4746405414E-01
DelSqRho =  8.5156065294E-01
GradDelSqRho = -4.2577052994E-14 -2.9198865548E-14  9.8254737679E-15
HessDelSqRho_EigVals = -1.7484188945E+01 -2.7463617248E+00 -1.6824203428E-01
HessDelSqRho_EigVec1 =  7.6268184307E-01  5.3113167877E-01 -3.6907390325E-01
HessDelSqRho_EigVec2 = -5.7558286856E-01  8.1764387008E-01 -1.2761784663E-02
HessDelSqRho_EigVec3 =  2.9499282649E-01  2.2216579739E-01  9.2931242905E-01
</CP of DelSqRho>
<CP of DelSqRho>
CP# = 24      
Type = (3,-3)
Coords =  1.44768154225659E+00  2.27187410385565E+00 -2.54790199207691E+00
DistFromNuc =  1.1442310467E+00
Rho =  2.4579842232E-01
DelSqRho =  8.2384875109E-01
GradDelSqRho = -5.5904239571E-13  3.6019798255E-13  4.8953896492E-14
HessDelSqRho_EigVals = -1.7499224504E+01 -1.7769454277E+00 -4.6907930065E-01
HessDelSqRho_EigVec1 =  7.6112833838E-01 -5.8841208770E-01 -2.7286419252E-01
HessDelSqRho_EigVec2 =  3.0510855690E-01  6.9605923488E-01 -6.4993100406E-01
HessDelSqRho_EigVec3 =  5.7235690003E-01  4.1142770517E-01  7.0931997181E-01
</CP of DelSqRho>
<CP of DelSqRho>
CP# = 25      
Type = (3,-1)
Coords =  3.30650737811162E+00  1.38006210603664E+00 -2.21976104145973E+00
DistFromNuc =  1.1883872744E+00
Rho =  2.4270732780E-01
DelSqRho =  7.1942691205E-01
GradDelSqRho =  1.1241008124E-15  2.0781987242E-15 -4.0245584643E-16
HessDelSqRho_EigVals = -1.7083678895E+01 -1.2729984476E+00  2.8970295245E-01
HessDelSqRho_EigVec1 =  8.3118772582E-01 -1.5772405443E-01  5.3315109219E-01
HessDelSqRho_EigVec2 = -4.6373250610E-01  3.3234005318E-01  8.2128086051E-01
HessDelSqRho_EigVec3 =  3.0672320948E-01  9.2987806281E-01 -2.0309520197E-01
</CP of DelSqRho>
<CP of DelSqRho>
CP# = 26      
Type = (3,+1)
Coords =  2.17844636614796E+00  2.60384062945325E+00 -3.32620321703032E+00
DistFromNuc =  1.1589192831E+00
Rho =  4.0696504043E-01
DelSqRho = -9.2485131587E-01
GradDelSqRho = -1.4710455076E-15 -5.0792703377E-15  3.9551695252E-15
HessDelSqRho_EigVals = -3.0045686013E+01  1.4220502740E+01  1.4923712001E+01
HessDelSqRho_EigVec1 = -1.0061079022E-01  8.9518720360E-01 -4.3418583511E-01
HessDelSqRho_EigVec2 =  5.7623299529E-01  4.0818526913E-01  7.0805389710E-01
HessDelSqRho_EigVec3 =  8.1106905010E-01 -1.7895434218E-01 -5.5690424616E-01
</CP of DelSqRho>
<CP of DelSqRho>
CP# = 27      
Type = (3,-3)
Coords =  2.67558623106787E+00  5.28148537265729E-01 -2.51910347340337E+00
DistFromNuc =  1.1442456564E+00
Rho =  2.4585758723E-01
DelSqRho =  8.2299015588E-01
GradDelSqRho =  6.9388939039E-16 -9.0205620751E-16 -1.0625181290E-15
HessDelSqRho_EigVals = -1.7500524656E+01 -1.7612336642E+00 -4.7191650958E-01
HessDelSqRho_EigVec1 = -2.9356127552E-01  9.0861717896E-01 -2.9704646037E-01
HessDelSqRho_EigVec2 = -7.6763088669E-01 -3.8874997576E-02  6.3971208865E-01
HessDelSqRho_EigVec3 =  5.6970571291E-01  4.1581673447E-01  7.0889480462E-01
</CP of DelSqRho>
<CP of DelSqRho>
CP# = 28      
Type = (3,-1)
Coords =  1.39943015828828E+00  1.82528939575306E+00 -3.55500958427514E+00
DistFromNuc =  1.1881689598E+00
Rho =  2.4261959844E-01
DelSqRho =  7.2072157029E-01
GradDelSqRho =  4.3303000075E-12 -8.2285567249E-13  3.6845942963E-12
HessDelSqRho_EigVals = -1.7115248225E+01 -1.2592313983E+00  2.8619695652E-01
HessDelSqRho_EigVec1 =  7.7447373721E-01 -2.0264902058E-01  5.9926939253E-01
HessDelSqRho_EigVec2 =  3.7872389958E-01  9.0731120747E-01 -1.8263236483E-01
HessDelSqRho_EigVec3 = -5.0671356628E-01  3.6840161136E-01  7.7943672898E-01
</CP of DelSqRho>
<CP of DelSqRho>
CP# = 29      
Type = (3,-1)
Coords =  2.45935943976765E+00  2.58492185015779E+00 -2.23927011645493E+00
DistFromNuc =  1.1883081532E+00
Rho =  2.4270578041E-01
DelSqRho =  7.2051722956E-01
GradDelSqRho = -2.7321894747E-16 -3.2474023470E-15 -2.9698465909E-15
HessDelSqRho_EigVals = -1.7105492992E+01 -1.2802557010E+00  2.8734220772E-01
HessDelSqRho_EigVec1 =  1.2501794062E-01  8.4670886150E-01  5.1716014771E-01
HessDelSqRho_EigVec2 =  1.4454808418E-01 -5.3123186150E-01  8.3480450447E-01
HessDelSqRho_EigVec3 =  9.8156831952E-01 -2.9611031401E-02 -1.8880365711E-01
</CP of DelSqRho>
<CP of DelSqRho>
CP# = 30      
Type = (3,-1)
Coords =  3.00147254602572E+00  2.04442915547043E+00 -3.62825834392893E+00
DistFromNuc =  1.1656636685E+00
Rho =  2.5016170374E-01
DelSqRho =  8.4666452409E-01
GradDelSqRho = -9.9920072216E-16 -2.8310687128E-15  9.4368957093E-16
HessDelSqRho_EigVals = -1.6619654478E+01 -3.9827071674E+00  1.1685057020E-01
HessDelSqRho_EigVec1 =  5.9955846846E-01  4.1113809209E-01 -6.8665501682E-01
HessDelSqRho_EigVec2 = -5.7565322012E-01  8.1758897797E-01 -1.3100888056E-02
HessDelSqRho_EigVec3 =  5.5601529930E-01  4.0312991993E-01  7.2686536209E-01
</CP of DelSqRho>
<CP of DelSqRho>
CP# = 31      
Type = (3,-1)
Coords =  3.72237943636651E+00  1.49709879296655E-01 -3.06133452049515E+00
DistFromNuc =  2.0181203137E+00
Rho =  7.2302682544E-02
DelSqRho =  1.8477619654E-01
GradDelSqRho = -3.1440128279E-14  5.2867432654E-14 -1.1251416465E-14
HessDelSqRho_EigVals = -2.0452274382E+00 -1.1048626197E-02  4.9513666332E-01
HessDelSqRho_EigVec1 = -3.8984558269E-01  8.7974232501E-01 -2.7216513966E-01
HessDelSqRho_EigVec2 =  5.6867432090E-01  4.6245052672E-01  6.8025658916E-01
HessDelSqRho_EigVec3 =  7.2431342554E-01  1.1042170041E-01 -6.8057116429E-01
</CP of DelSqRho>
<CP of DelSqRho>
CP# = 32      
Type = (3,+1)
Coords =  2.42989042288545E+00  3.56445231109615E+00 -2.88093460108741E+00
DistFromNuc =  2.0044207920E+00
Rho =  7.1569242492E-02
DelSqRho =  1.8233395516E-01
GradDelSqRho =  1.9081958236E-17 -1.8041124150E-16  9.5409791179E-17
HessDelSqRho_EigVals = -1.7184526549E+00  1.7002893388E-02  5.8098993451E-01
HessDelSqRho_EigVec1 =  2.2701200239E-01  8.8427920826E-01  4.0806351542E-01
HessDelSqRho_EigVec2 =  9.3335906267E-01 -7.7921918177E-02 -3.5038412465E-01
HessDelSqRho_EigVec3 = -2.7804030447E-01  4.6041118200E-01 -8.4303922363E-01
</CP of DelSqRho>
<CP of DelSqRho>
CP# = 33      
Type = (3,-1)
Coords =  1.44783084720564E+00  3.36837948337498E+00 -3.11544974563846E+00
DistFromNuc =  2.0164317570E+00
Rho =  7.2364961523E-02
DelSqRho =  1.8570810675E-01
GradDelSqRho = -3.1488006647E-13  1.7996715229E-13  1.8446008609E-13
HessDelSqRho_EigVals = -2.0603633416E+00 -1.2378132774E-02  4.9626659909E-01
HessDelSqRho_EigVec1 =  7.0605564980E-01 -6.6408569428E-01 -2.4591789290E-01
HessDelSqRho_EigVec2 =  6.1129253599E-01  3.9623859864E-01  6.8506671821E-01
HessDelSqRho_EigVec3 = -3.5750084592E-01 -6.3402299927E-01  6.8571712940E-01
</CP of DelSqRho>
<CP of DelSqRho>
CP# = 34      
Type = (3,+1)
Coords =  4.22010608037953E+00  9.77422011147256E-01 -2.82847475917546E+00
DistFromNuc =  2.0055285661E+00
Rho =  7.1579131913E-02
DelSqRho =  1.8193940305E-01
GradDelSqRho = -3.7886360715E-15  9.4368957093E-16 -1.3912482277E-15
HessDelSqRho_EigVals = -1.7178036908E+00  1.6105118224E-02  5.7833930026E-01
HessDelSqRho_EigVec1 =  8.9428544702E-01 -1.0630657022E-01  4.3468661398E-01
HessDelSqRho_EigVec2 =  2.6618858221E-01  9.0720399402E-01 -3.2576763487E-01
HessDelSqRho_EigVec3 = -3.5971819240E-01  4.0703786846E-01  8.3959692454E-01
</CP of DelSqRho>
<CP of DelSqRho>
CP# = 35      
Type = (3,+1)
Coords =  3.26715120260642E+00  2.49911622021023E-01 -3.99697053506012E+00
DistFromNuc =  2.0063724990E+00
Rho =  7.1540991947E-02
DelSqRho =  1.8161767407E-01
GradDelSqRho = -8.0499842903E-15  7.6119666126E-15  1.5033113643E-14
HessDelSqRho_EigVals = -1.7200268269E+00  1.6165352936E-02  5.7739999402E-01
HessDelSqRho_EigVec1 = -2.1312163803E-02  7.7268920707E-01  6.3442665530E-01
HessDelSqRho_EigVec2 =  1.0170172362E-01 -6.2960344457E-01  7.7023130422E-01
HessDelSqRho_EigVec3 =  9.9458662322E-01  8.0937580074E-02 -6.5165612437E-02
</CP of DelSqRho>
<CP of DelSqRho>
CP# = 36      
Type = (3,+1)
Coords =  1.42836747032168E+00  2.87807351245532E+00 -4.06547254283707E+00
DistFromNuc =  2.0049515985E+00
Rho =  7.1542796171E-02
DelSqRho =  1.8204368776E-01
GradDelSqRho = -2.6335253422E-12  8.0203205188E-14 -2.2967114321E-12
HessDelSqRho_EigVals = -1.7191386565E+00  1.7085973847E-02  5.8085082575E-01
HessDelSqRho_EigVec1 =  6.9072885045E-01 -2.5565489844E-01  6.7641276456E-01
HessDelSqRho_EigVec2 = -6.0624197964E-01  3.0515108169E-01  7.3440688958E-01
HessDelSqRho_EigVec3 =  3.9416280555E-01  9.1734584004E-01 -5.5787924131E-02
</CP of DelSqRho>
<Path of -GradDelSqRho>
Starting CP# =      3
Ending CP# =      1
Number of Points =      7
  2.2400691605E+00  1.5184739859E+00 -2.9774263846E+00  2.2558358174E+01  1.2372400862E+03
  2.2494010566E+00  1.5253909629E+00 -2.9552888408E+00  3.2806043326E+01  9.8383179403E+02
  2.2586996012E+00  1.5322849266E+00 -2.9331300896E+00  4.8078763107E+01 -8.0511675567E+02
  2.2679834579E+00  1.5391687551E+00 -2.9109620293E+00  7.0766839567E+01 -6.4203189794E+03
  2.2772565781E+00  1.5460451755E+00 -2.8887871778E+00  1.0444676015E+02 -2.0753439115E+04
  2.2865120003E+00  1.5529093851E+00 -2.8666011515E+00  1.5497393066E+02 -7.5718959670E+04
  2.3025149970E+00  1.5647793437E+00 -2.8281549050E+00  2.9725993000E+02 -3.3288973383E+06
</Path of -GradDelSqRho>
<Path of -GradDelSqRho>
Starting CP# =      3
Ending CP# =     16
Number of Points =     36
  2.2400691605E+00  1.5184739859E+00 -2.9774263846E+00  2.2558358174E+01  1.2372400862E+03
  2.2306977900E+00  1.5115297704E+00 -2.9995387139E+00  1.5635080217E+01  1.1548524131E+03
  2.2213084363E+00  1.5045731451E+00 -3.0216395147E+00  1.0942067220E+01  9.8439975857E+02
  2.2119144662E+00  1.4976133336E+00 -3.0437373505E+00  7.7705737964E+00  7.7561664167E+02
  2.2025099794E+00  1.4906462663E+00 -3.0658284248E+00  5.6355107054E+00  5.7431851185E+02
  2.1930846777E+00  1.4836648397E+00 -3.0879060890E+00  4.1991425210E+00  4.0947834033E+02
  2.1836273167E+00  1.4766612988E+00 -3.1099630270E+00  3.2302982818E+00  2.8632633640E+02
  2.1741265905E+00  1.4696278485E+00 -3.1319917901E+00  2.5737591664E+00  1.9771915106E+02
  2.1645720017E+00  1.4625572532E+00 -3.1539853338E+00  2.1259522832E+00  1.3443409093E+02
  2.1549533234E+00  1.4554424655E+00 -3.1759366448E+00  1.8174294999E+00  8.9250450131E+01
  2.1452580346E+00  1.4482748580E+00 -3.1978370018E+00  1.6013073203E+00  5.7256272156E+01
  2.1354676451E+00  1.4410416903E+00 -3.2196733869E+00  1.4459134597E+00  3.5057265579E+01
  2.1255533930E+00  1.4337231479E+00 -3.2414252429E+00  1.3300269405E+00  2.0108442689E+01
  2.1154703367E+00  1.4262882792E+00 -3.2630596658E+00  1.2396490608E+00  1.0393116926E+01
  2.1051475097E+00  1.4186882336E+00 -3.2845227696E+00  1.1657257679E+00  4.3169389835E+00
  2.0944695576E+00  1.4108436712E+00 -3.3057221100E+00  1.1025280285E+00  6.6880278277E-01
  2.0832387848E+00  1.4026188084E+00 -3.3264859177E+00  1.0465337327E+00 -1.4231781991E+00
  2.0710844036E+00  1.3937596283E+00 -3.3464485129E+00  9.9574096987E-01 -2.5535404248E+00
  2.0572019985E+00  1.3837181767E+00 -3.3646170489E+00  9.4958994195E-01 -3.1094482201E+00
  2.0397476455E+00  1.3712661562E+00 -3.3769971630E+00  9.1174040713E-01 -3.3425444633E+00
  2.0199423627E+00  1.3574284836E+00 -3.3731831626E+00  8.9821136619E-01 -3.4488570499E+00
  2.0027305484E+00  1.3455657401E+00 -3.3595335779E+00  9.0147559122E-01 -3.5381958261E+00
  1.9866925967E+00  1.3345526100E+00 -3.3438380385E+00  9.0733353182E-01 -3.6233126983E+00
  1.9711992547E+00  1.3239264996E+00 -3.3273462675E+00  9.1311541571E-01 -3.7040704689E+00
  1.9561671881E+00  1.3136256890E+00 -3.3102326928E+00  9.1843384951E-01 -3.7799885824E+00
  1.9415997705E+00  1.3036516495E+00 -3.2925337142E+00  9.2321912898E-01 -3.8506131962E+00
  1.9275113508E+00  1.2940138957E+00 -3.2742696760E+00  9.2744439901E-01 -3.9155373340E+00
  1.9139173738E+00  1.2847228304E+00 -3.2554594479E+00  9.3109171384E-01 -3.9744080171E+00
  1.9008333015E+00  1.2757889910E+00 -3.2361219689E+00  9.3414861269E-01 -4.0269315421E+00
  1.8882744964E+00  1.2672230071E+00 -3.2162764529E+00  9.3660788366E-01 -4.0728775808E+00
  1.8762561749E+00  1.2590356285E+00 -3.1959424784E+00  9.3846753941E-01 -4.1120820856E+00
  1.8647933485E+00  1.2512377781E+00 -3.1751400659E+00  9.3973074795E-01 -4.1444489612E+00
  1.8539007378E+00  1.2438406399E+00 -3.1538897477E+00  9.4040570508E-01 -4.1699504952E+00
  1.8435926354E+00  1.2368558147E+00 -3.1322126347E+00  9.4050545101E-01 -4.1886265752E+00
  1.8338826563E+00  1.2302956329E+00 -3.1101304795E+00  9.4004763511E-01 -4.2005827580E+00
  1.8217435564E+00  1.2221378432E+00 -3.0797151779E+00  9.3858459006E-01 -4.2063713678E+00
</Path of -GradDelSqRho>
<Path of -GradDelSqRho>
Starting CP# =      4
Ending CP# =     10
Number of Points =     36
  2.4234957434E+00  1.6511348605E+00 -2.7491356636E+00  2.2550837179E+01  1.2363764412E+03
  2.4414117521E+00  1.6639258875E+00 -2.7372863560E+00  1.5630487435E+01  1.1541104568E+03
  2.4593181464E+00  1.6767105491E+00 -2.7254156584E+00  1.0939198860E+01  9.8379786964E+02
  2.4772220717E+00  1.6894935750E+00 -2.7135394763E+00  7.7686826821E+00  7.7514371797E+02
  2.4951203389E+00  1.7022728546E+00 -2.7016507417E+00  5.6341209204E+00  5.7397783416E+02
  2.5130073846E+00  1.7150447042E+00 -2.6897371635E+00  4.1979587816E+00  4.0925745193E+02
  2.5308770929E+00  1.7278050725E+00 -2.6777853307E+00  3.2291490870E+00  2.8620005987E+02
  2.5487232442E+00  1.7405498358E+00 -2.6657817676E+00  2.5725548339E+00  1.9766150330E+02
  2.5665399655E+00  1.7532750962E+00 -2.6537139734E+00  2.1246548291E+00  1.3442400525E+02
  2.5843214203E+00  1.7659769733E+00 -2.6415697800E+00  1.8160323665E+00  8.9272171683E+01
  2.6020603597E+00  1.7786506419E+00 -2.6293342970E+00  1.5998221214E+00  5.7298082291E+01
  2.6197459713E+00  1.7912888996E+00 -2.6169855402E+00  1.4443612446E+00  3.5110385595E+01
  2.6373611986E+00  1.8038803738E+00 -2.6044893271E+00  1.3284323337E+00  2.0166421780E+01
  2.6548787882E+00  1.8164068673E+00 -2.5917922892E+00  1.2380363153E+00  1.0451468490E+01
  2.6722542239E+00  1.8288385962E+00 -2.5788102598E+00  1.1641160806E+00  4.3728114058E+00
  2.6894114256E+00  1.8411245156E+00 -2.5654066921E+00  1.1009374389E+00  7.2062285611E-01
  2.7062098153E+00  1.8531699453E+00 -2.5513482600E+00  1.0449703693E+00 -1.3760550287E+00
  2.7223525940E+00  1.8647739368E+00 -2.5361993120E+00  9.9419768327E-01 -2.5111097093E+00
  2.7370441652E+00  1.8753937283E+00 -2.5190206819E+00  9.4801082869E-01 -3.0711628999E+00
  2.7471252564E+00  1.8828464438E+00 -2.4976540134E+00  9.0979886427E-01 -3.3067909325E+00
  2.7440187896E+00  1.8810792353E+00 -2.4734814184E+00  8.9550426725E-01 -3.4124620480E+00
  2.7326224487E+00  1.8734253232E+00 -2.4526320488E+00  8.9853188608E-01 -3.5004050048E+00
  2.7195259569E+00  1.8645461144E+00 -2.4332802347E+00  9.0427643617E-01 -3.5842655150E+00
  2.7057850743E+00  1.8551971390E+00 -2.4146061647E+00  9.0996600452E-01 -3.6639422381E+00
  2.6915451847E+00  1.8454819639E+00 -2.3965013314E+00  9.1520426682E-01 -3.7389671314E+00
  2.6768366792E+00  1.8354214584E+00 -2.3789687619E+00  9.1992127714E-01 -3.8088964125E+00
  2.6616766993E+00  1.8250269735E+00 -2.3620254865E+00  9.2409052478E-01 -3.8733308175E+00
  2.6460811550E+00  1.8143090126E+00 -2.3456899716E+00  9.2769434306E-01 -3.9319225751E+00
  2.6300659804E+00  1.8032781537E+00 -2.3299807766E+00  9.3072043981E-01 -3.9843805718E+00
  2.6136472885E+00  1.7919451851E+00 -2.3149164312E+00  9.3316165937E-01 -4.0304743900E+00
  2.5968414264E+00  1.7803211820E+00 -2.3005154157E+00  9.3501596034E-01 -4.0700372063E+00
  2.5796650103E+00  1.7684175893E+00 -2.2867961447E+00  9.3628634948E-01 -4.1029675109E+00
  2.5621349380E+00  1.7562463244E+00 -2.2737769482E+00  9.3698075794E-01 -4.1292296378E+00
  2.5442683684E+00  1.7438199187E+00 -2.2614760508E+00  9.3711186263E-01 -4.1488531324E+00
  2.5260826313E+00  1.7311517491E+00 -2.2499115506E+00  9.3669685637E-01 -4.1619310162E+00
  2.4967088937E+00  1.7106582966E+00 -2.2331675944E+00  9.3497912628E-01 -4.1696470177E+00
</Path of -GradDelSqRho>
<Path of -GradDelSqRho>
Starting CP# =      4
Ending CP# =      1
Number of Points =      7
  2.4234957434E+00  1.6511348605E+00 -2.7491356636E+00  2.2550837179E+01  1.2363764412E+03
  2.4055586304E+00  1.6383298665E+00 -2.7609378589E+00  3.2793595958E+01  9.8352377946E+02
  2.3876037353E+00  1.6255131088E+00 -2.7727001881E+00  4.8058288675E+01 -8.0224487239E+02
  2.3696410301E+00  1.6126911856E+00 -2.7844449526E+00  7.0734015571E+01 -6.4111565399E+03
  2.3516726416E+00  1.5998655046E+00 -2.7961769123E+00  1.0439417110E+02 -2.0719219614E+04
  2.3336948867E+00  1.5870336320E+00 -2.8078877342E+00  1.5489197393E+02 -7.5603842015E+04
  2.3025149970E+00  1.5647793437E+00 -2.8281549050E+00  2.9725993000E+02 -3.3288973383E+06
</Path of -GradDelSqRho>
<Path of -GradDelSqRho>
Starting CP# =     11
Ending CP# =     17
Number of Points =     19
  2.5006978209E+00  1.1280226507E+00 -3.3235830725E+00  7.8287240812E-01 -2.5511891167E+00
  2.5226498217E+00  1.1303388715E+00 -3.3192969314E+00  7.7935855947E-01 -2.5542715460E+00
  2.5468532292E+00  1.1334140527E+00 -3.3138500310E+00  7.7581114281E-01 -2.5646970196E+00
  2.5708130994E+00  1.1370127261E+00 -3.3076933637E+00  7.7262852033E-01 -2.5820163903E+00
  2.5944971389E+00  1.1411312104E+00 -3.3008351903E+00  7.6979312274E-01 -2.6056127961E+00
  2.6178728416E+00  1.1457654112E+00 -3.2932833400E+00  7.6728406577E-01 -2.6347475132E+00
  2.6409072087E+00  1.1509109426E+00 -3.2850449878E+00  7.6507782887E-01 -2.6685702098E+00
  2.6635664093E+00  1.1565631969E+00 -3.2761264365E+00  7.6314901429E-01 -2.7061326693E+00
  2.6858153844E+00  1.1627173567E+00 -3.2665329062E+00  7.6147119333E-01 -2.7464058633E+00
  2.7076173914E+00  1.1693683248E+00 -3.2562683310E+00  7.6001784276E-01 -2.7883001249E+00
  2.7289334980E+00  1.1765105391E+00 -3.2453351623E+00  7.5876336599E-01 -2.8306880616E+00
  2.7497220366E+00  1.1841376176E+00 -3.2337341755E+00  7.5768417915E-01 -2.8724297529E+00
  2.7699380503E+00  1.1922417455E+00 -3.2214642744E+00  7.5675981775E-01 -2.9123997007E+00
  2.7895327890E+00  1.2008126632E+00 -3.2085222750E+00  7.5597398303E-01 -2.9495149253E+00
  2.8084533502E+00  1.2098360252E+00 -3.1949026052E+00  7.5531539591E-01 -2.9827635077E+00
  2.8266425965E+00  1.2192907298E+00 -3.1805967518E+00  7.5477826434E-01 -3.0112327651E+00
  2.8440394778E+00  1.2291444512E+00 -3.1655919919E+00  7.5436211617E-01 -3.0341361097E+00
  2.8605796864E+00  1.2393455545E+00 -3.1498681127E+00  7.5407075363E-01 -3.0508375031E+00
  2.8899574978E+00  1.2596989724E+00 -3.1171216929E+00  7.5388388503E-01 -3.0639762629E+00
</Path of -GradDelSqRho>
<Path of -GradDelSqRho>
Starting CP# =     11
Ending CP# =     16
Number of Points =     32
  2.5006978209E+00  1.1280226507E+00 -3.3235830725E+00  7.8287240812E-01 -2.5511891167E+00
  2.4785971339E+00  1.1261337600E+00 -3.3272852135E+00  7.8669616140E-01 -2.5543455485E+00
  2.4538849319E+00  1.1245378629E+00 -3.3307042856E+00  7.9131864226E-01 -2.5653900927E+00
  2.4290530531E+00  1.1234730174E+00 -3.3333826290E+00  7.9633251249E-01 -2.5844801233E+00
  2.4041348572E+00  1.1229385720E+00 -3.3353132466E+00  8.0173218113E-01 -2.6116066843E+00
  2.3791639871E+00  1.1229323675E+00 -3.3364900508E+00  8.0750609741E-01 -2.6466389295E+00
  2.3541742691E+00  1.1234505451E+00 -3.3369080408E+00  8.1363650730E-01 -2.6893309279E+00
  2.3291995705E+00  1.1244873654E+00 -3.3365634312E+00  8.2009928769E-01 -2.7393292733E+00
  2.3042736242E+00  1.1260350467E+00 -3.3354537246E+00  8.2686387059E-01 -2.7961811197E+00
  2.2794298346E+00  1.1280836271E+00 -3.3335777167E+00  8.3389327142E-01 -2.8593423693E+00
  2.2547010796E+00  1.1306208498E+00 -3.3309354283E+00  8.4114423612E-01 -2.9281858469E+00
  2.2301195244E+00  1.1336320682E+00 -3.3275279529E+00  8.4856752143E-01 -3.0020094104E+00
  2.2057164658E+00  1.1371001620E+00 -3.3233572210E+00  8.5610831994E-01 -3.0800440526E+00
  2.1815222240E+00  1.1410054503E+00 -3.3184256744E+00  8.6370683757E-01 -3.1614621366E+00
  2.1575660974E+00  1.1453255806E+00 -3.3127358550E+00  8.7129902497E-01 -3.2453859658E+00
  2.1338763961E+00  1.1500353649E+00 -3.3062899053E+00  8.7881745680E-01 -3.3308969224E+00
  2.1104805661E+00  1.1551065253E+00 -3.2990889824E+00  8.8619234455E-01 -3.4170454017E+00
  2.0874054205E+00  1.1605072984E+00 -3.2911325792E+00  8.9335266039E-01 -3.5028617429E+00
  2.0646774935E+00  1.1662018313E+00 -3.2824177392E+00  9.0022734303E-01 -3.5873683036E+00
  2.0423235457E+00  1.1721492786E+00 -3.2729381402E+00  9.0674655182E-01 -3.6695927623E+00
  2.0203712700E+00  1.1783024691E+00 -3.2626830028E+00  9.1284293542E-01 -3.7485826769E+00
  1.9988502804E+00  1.1846059536E+00 -3.2516357524E+00  9.1845288439E-01 -3.8234212833E+00
  1.9777935393E+00  1.1909931391E+00 -3.2397723382E+00  9.2351774609E-01 -3.8932445171E+00
  1.9572394955E+00  1.1973820464E+00 -3.2270590721E+00  9.2798499360E-01 -3.9572592893E+00
  1.9372354289E+00  1.2036689365E+00 -3.2134498309E+00  9.3180936002E-01 -4.0147631819E+00
  1.9178429218E+00  1.2097185542E+00 -3.1988825031E+00  9.3495397896E-01 -4.0651659570E+00
  1.8991471874E+00  1.2153489093E+00 -3.1832748174E+00  9.3739161856E-01 -4.1080136104E+00
  1.8812735593E+00  1.2203072694E+00 -3.1665206590E+00  9.3910618083E-01 -4.1430159979E+00
  1.8644172837E+00  1.2242328109E+00 -3.1484911231E+00  9.4009480045E-01 -4.1700786743E+00
  1.8488964176E+00  1.2266036418E+00 -3.1290538117E+00  9.4037117265E-01 -4.1893359444E+00
  1.8352333294E+00  1.2266879533E+00 -3.1081464069E+00  9.3997100818E-01 -4.2011670084E+00
  1.8217435564E+00  1.2221378432E+00 -3.0797151779E+00  9.3858459006E-01 -4.2063713678E+00
</Path of -GradDelSqRho>
<Path of -GradDelSqRho>
Starting CP# =     12
Ending CP# =     18
Number of Points =     19
  1.9654181534E+00  1.8867516902E+00 -3.3357866645E+00  7.8391989219E-01 -2.5595961155E+00
  1.9748988296E+00  1.9067147645E+00 -3.3318050500E+00  7.8041551363E-01 -2.5626717853E+00
  1.9858450811E+00  1.9285965197E+00 -3.3266768174E+00  7.7687199662E-01 -2.5730958009E+00
  1.9971909772E+00  1.9500892537E+00 -3.3208233214E+00  7.7369224956E-01 -2.5904233435E+00
  2.0089223712E+00  1.9711636013E+00 -3.3142524418E+00  7.7085884658E-01 -2.6140406078E+00
  2.0210246495E+00  1.9917901526E+00 -3.3069716452E+00  7.6835102255E-01 -2.6432115301E+00
  2.0334827495E+00  2.0119391550E+00 -3.2989877568E+00  7.6614534955E-01 -2.6770879549E+00
  2.0462811122E+00  2.0315801771E+00 -3.2903067366E+00  7.6421649349E-01 -2.7147232742E+00
  2.0594035605E+00  2.0506817364E+00 -3.2809334644E+00  7.6253805791E-01 -2.7550894257E+00
  2.0728330827E+00  2.0692109008E+00 -3.2708715333E+00  7.6108351780E-01 -2.7970970031E+00
  2.0865514932E+00  2.0871328778E+00 -3.2601230521E+00  7.5982723849E-01 -2.8396181173E+00
  2.1005389227E+00  2.1044106229E+00 -3.2486884547E+00  7.5874556013E-01 -2.8815115592E+00
  2.1147730688E+00  2.1210045242E+00 -3.2365663162E+00  7.5781790442E-01 -2.9216497306E+00
  2.1292280948E+00  2.1368722638E+00 -3.2237531585E+00  7.5702782397E-01 -2.9589467370E+00
  2.1438729981E+00  2.1519690201E+00 -3.2102431961E+00  7.5636386407E-01 -2.9923869470E+00
  2.1586691224E+00  2.1662482708E+00 -3.1960278683E+00  7.5582004464E-01 -3.0210532058E+00
  2.1735661535E+00  2.1796635770E+00 -3.1810947342E+00  7.5539571540E-01 -3.0441537583E+00
  2.1884949159E+00  2.1921719122E+00 -3.1654245248E+00  7.5509453808E-01 -3.0610467945E+00
  2.2173735055E+00  2.2139634813E+00 -3.1323640716E+00  7.5488422995E-01 -3.0745193400E+00
</Path of -GradDelSqRho>
<Path of -GradDelSqRho>
Starting CP# =     12
Ending CP# =     16
Number of Points =     32
  1.9654181534E+00  1.8867516902E+00 -3.3357866645E+00  7.8391989219E-01 -2.5595961155E+00
  1.9562799285E+00  1.8665200638E+00 -3.3391738473E+00  7.8773204356E-01 -2.5627443331E+00
  1.9465216219E+00  1.8437092186E+00 -3.3422350029E+00  7.9234585914E-01 -2.5737789299E+00
  1.9372110039E+00  1.8206241283E+00 -3.3445416510E+00  7.9734932773E-01 -2.5928548073E+00
  1.9283585058E+00  1.7972965999E+00 -3.3460873269E+00  8.0273665069E-01 -2.6199595117E+00
  1.9199732454E+00  1.7737591924E+00 -3.3468665149E+00  8.0849606501E-01 -2.6549587224E+00
