 AIMInt (Version 19.02.13, Professional)
 Portions Copyright (c) 1997-2019 by Todd A. Keith
 AIMInt is a component of the AIMAll package ( http://aim.tkgristmill.com )

 TP:  64-bit Linux

 Licensed To:  Research Group of Fernando Cortes Guzman, UNAM, fercor@unam.mx

 AIMInt is a heavily modified and extended version of the PROAIMV program
 developed by members of R.F.W. Bader's research group

 Much of the Quantum Theory of Atoms in Molecules (QTAIM) is described in the book:
   "Atoms in Molecules - A Quantum Theory"
   R.F.W. Bader, Oxford University Press, Oxford, 1990

 For additional references see:  http://aim.tkgristmill.com/references.html

 Current Directory:  /home/scratch/M_H2O_4_tetraedrico/Opt

 Inp File:  Sc3_tetraedrico_cc-pvtz-def2-tzv_1_atomicfiles/o6.inp
 Wfx File:  Sc3_tetraedrico_cc-pvtz-def2-tzv_1.wfx
 Out File:  Sc3_tetraedrico_cc-pvtz-def2-tzv_1_atomicfiles/o6.int

 Wfx Title:   Sc3_tetraedrico_cc-pvtz-def2-tzv_1                                            
 Job Title:   Sc3_tetraedrico_cc-pvtz-def2-tzv_1                                            
 
<Atom>
O6      
</Atom>
<Nuclei of Molecule>
    13
Sc1       21.0          -2.7137082821E-05   7.1428703004E-06  -4.8040555792E-05
O2         8.0           2.2796721095E+00  -1.5953808611E+00   2.8294584191E+00
H3         1.0           3.8164691761E+00  -8.5218702200E-01   3.6044986955E+00
O4         8.0           2.3025148231E+00   1.5647792252E+00  -2.8281547045E+00
H5         1.0           2.1093436565E+00   3.2439235520E+00  -3.6388834037E+00
O6         8.0          -2.3095647930E+00  -2.8134328473E+00  -1.5808673888E+00
H7         1.0          -3.8466057220E+00  -3.5782028045E+00  -8.2755044030E-01
O8         8.0          -2.2727298375E+00   2.8440624499E+00   1.5793728159E+00
H9         1.0          -2.0627761965E+00   3.6535523342E+00   3.2571142900E+00
H10        1.0          -3.7996191529E+00   3.6287099538E+00   8.2597436348E-01
H11        1.0           3.8305823382E+00   8.0172845580E-01  -3.6011113877E+00
H12        1.0          -2.1097431537E+00  -3.6263559715E+00  -3.2581618482E+00
H13        1.0           2.0637805168E+00  -3.2715422323E+00   3.6406554492E+00
</Nuclei of Molecule>
<Total Number of CPs of DelSqRho>
    38
</Total Number of CPs of DelSqRho>
<Number of (3,+3) CPs of DelSqRho>
     5
</Number of (3,+3) CPs of DelSqRho>
<Number of (3,+1) CPs of DelSqRho>
    14
</Number of (3,+1) CPs of DelSqRho>
<Number of (3,-1) CPs of DelSqRho>
    13
</Number of (3,-1) CPs of DelSqRho>
<Number of (3,-3) CPs of DelSqRho>
     6
</Number of (3,-3) CPs of DelSqRho>
<Number of Degenerate CPs of DelSqRho>
     0
</Number of Degenerate CPs of DelSqRho>
<CP of DelSqRho>
CP# = 1       
Type = (3,+3)
Coords = -2.30956496698078E+00 -2.81343304733313E+00 -1.58086750807545E+00
DistFromNuc =  2.9068981241E-07
Rho =  2.9726000999E+02
DelSqRho = -3.3288981834E+06
GradDelSqRho = -1.7671578462E-05 -2.1221510906E-05 -1.4384786482E-05
HessDelSqRho_EigVals =  1.3238261911E+11  1.3238263725E+11  1.3238264489E+11
HessDelSqRho_EigVec1 = -5.6435998476E-01  7.1241669933E-01 -4.1708542783E-01
HessDelSqRho_EigVec2 =  5.8475065591E-01  7.0161522323E-01  4.0718883697E-01
HessDelSqRho_EigVec3 = -5.8272161279E-01  1.4089891665E-02  8.1254968890E-01
</CP of DelSqRho>
<CP of DelSqRho>
CP# = 2       
Type = (3,-1)
Coords = -1.29345454376446E+00 -1.59687448001158E+00 -8.85750305991207E-01
DistFromNuc =  1.7308038764E+00
Rho =  9.1241474280E-02
DelSqRho =  2.1635101186E-01
GradDelSqRho =  6.9388939039E-17  4.6490589156E-16  1.5265566589E-16
HessDelSqRho_EigVals = -1.8788941664E-01 -2.2110245233E-02  2.3097375103E+00
HessDelSqRho_EigVec1 =  5.7085551995E-01 -7.0546641466E-01  4.2004894135E-01
HessDelSqRho_EigVec2 =  5.7922346356E-01 -1.6566576462E-02 -8.1500044651E-01
HessDelSqRho_EigVec3 =  5.8191421585E-01  7.0854970633E-01  3.9916557850E-01
</CP of DelSqRho>
<CP of DelSqRho>
CP# = 3       
Type = (3,+1)
Coords = -2.42955483540211E+00 -2.73381458602631E+00 -1.66804836770258E+00
DistFromNuc =  1.6833657023E-01
Rho =  2.2551149462E+01
DelSqRho =  1.2364109430E+03
GradDelSqRho =  9.2654772743E-12 -4.8032688937E-12  1.5205614545E-11
HessDelSqRho_EigVals = -4.1306540768E+05  2.0654672327E+03  3.0845637137E+03
HessDelSqRho_EigVec1 =  7.1113257346E-01 -4.7666947111E-01  5.1679461905E-01
HessDelSqRho_EigVec2 =  3.9384023611E-01  8.7899545581E-01  2.6880635610E-01
HessDelSqRho_EigVec3 =  5.8239190532E-01 -1.2377559013E-02 -8.1281391760E-01
</CP of DelSqRho>
<CP of DelSqRho>
CP# = 4       
Type = (3,-1)
Coords = -2.40729818411760E+00 -2.93311049069019E+00 -1.64864651934837E+00
DistFromNuc =  1.6872630085E-01
Rho =  2.2351904389E+01
DelSqRho =  1.2524644704E+03
GradDelSqRho = -1.4084733380E-11 -1.0075495993E-11 -5.7580606949E-12
HessDelSqRho_EigVals = -4.0812540582E+05 -1.5588971597E+03  1.3901550558E+03
HessDelSqRho_EigVec1 =  5.7915386307E-01  7.0939505036E-01  4.0167084212E-01
HessDelSqRho_EigVec2 =  5.7084407727E-01 -7.0465616099E-01  4.2142227541E-01
HessDelSqRho_EigVec3 =  5.8199470988E-01 -1.4776917553E-02 -8.1305830073E-01
</CP of DelSqRho>
<CP of DelSqRho>
CP# = 5       
Type = (3,+1)
Coords = -2.24822112386302E+00 -2.96301250912030E+00 -1.53407983610287E+00
DistFromNuc =  1.6830388013E-01
Rho =  2.2558027604E+01
DelSqRho =  1.2372032900E+03
GradDelSqRho = -1.6719070572E-11  4.1126213546E-11 -6.7359451350E-12
HessDelSqRho_EigVals = -4.1383817501E+05  2.0313598952E+03  3.0563159231E+03
HessDelSqRho_EigVec1 = -3.6757746971E-01  8.8679291681E-01 -2.8015197029E-01
HessDelSqRho_EigVec2 =  7.2374322871E-01  4.6194501593E-01  5.1264270321E-01
HessDelSqRho_EigVec3 = -5.8402272444E-01  1.4322183795E-02  8.1161094891E-01
</CP of DelSqRho>
<CP of DelSqRho>
CP# = 6       
Type = (3,-3)
Coords = -2.17139753323850E+00 -2.72808235353533E+00 -1.62059507214319E+00
DistFromNuc =  1.6719206704E-01
Rho =  2.2664745473E+01
DelSqRho =  1.2920341836E+03
GradDelSqRho =  2.3248958314E-11  5.7411853049E-12  2.5437429940E-12
HessDelSqRho_EigVals = -4.4550723795E+05 -3.2712234217E+03 -5.1228528836E+02
HessDelSqRho_EigVec1 =  8.2630669201E-01  5.1184896244E-01 -2.3500614968E-01
HessDelSqRho_EigVec2 = -5.6133374274E-01  7.1429936700E-01 -4.1794837428E-01
HessDelSqRho_EigVec3 = -4.6061697769E-02  4.7727042015E-01  8.7754844086E-01
</CP of DelSqRho>
<CP of DelSqRho>
CP# = 7       
Type = (3,-1)
Coords = -2.21355773291411E+00 -2.69668249131248E+00 -1.50985123844690E+00
DistFromNuc =  1.6700687059E-01
Rho =  2.2732257324E+01
DelSqRho =  1.2909135631E+03
GradDelSqRho =  1.9326762413E-11 -1.7337242753E-11  1.3130829757E-11
HessDelSqRho_EigVals = -4.4953220505E+05 -3.0109000093E+03  2.9285482018E+02
HessDelSqRho_EigVec1 =  5.7497837682E-01  6.9902820681E-01  4.2515812619E-01
HessDelSqRho_EigVec2 = -5.6222747900E-01  7.1509406773E-01 -4.1538023081E-01
HessDelSqRho_EigVec3 =  5.9439055177E-01  2.0093059234E-04 -8.0417649281E-01
</CP of DelSqRho>
<CP of DelSqRho>
CP# = 8       
Type = (3,-3)
Coords = -2.29940728568960E+00 -2.72383942214585E+00 -1.44007365533978E+00
DistFromNuc =  1.6719160318E-01
Rho =  2.2665916052E+01
DelSqRho =  1.2918249003E+03
GradDelSqRho =  1.4495071810E-12  1.8189894035E-12  4.4906300900E-12
HessDelSqRho_EigVals = -4.4548591738E+05 -3.2547560821E+03 -4.7680279584E+02
HessDelSqRho_EigVec1 =  6.3209686380E-02  5.3713943677E-01  8.4112172782E-01
HessDelSqRho_EigVec2 = -5.6426188418E-01  7.1440074160E-01 -4.1381167995E-01
HessDelSqRho_EigVec3 =  8.2317255883E-01  4.4845602446E-01 -3.4824435748E-01
</CP of DelSqRho>
<CP of DelSqRho>
CP# = 9       
Type = (3,-1)
Coords = -1.77154283295931E+00 -2.64074192149463E+00 -2.01686329541049E+00
DistFromNuc =  7.1371017642E-01
Rho =  6.7847671053E-01
DelSqRho = -1.0863340706E+00
GradDelSqRho =  1.8980372829E-12  3.1369351561E-13 -1.3731238369E-12
HessDelSqRho_EigVals = -1.5006378254E+01 -1.1479952142E+01  1.4612656934E+02
HessDelSqRho_EigVec1 = -3.1825600367E-01 -6.5076884189E-01 -6.8935696889E-01
HessDelSqRho_EigVec2 = -5.6444803306E-01  7.1430197136E-01 -4.1372830660E-01
HessDelSqRho_EigVec3 =  7.6165053279E-01  2.5743466770E-01 -5.9465608360E-01
</CP of DelSqRho>
<CP of DelSqRho>
CP# = 10      
Type = (3,-1)
Coords = -2.73094543596010E+00 -3.32015046127166E+00 -1.87080739576327E+00
DistFromNuc =  7.1999277371E-01
Rho =  6.7937850314E-01
DelSqRho = -1.1448514217E+00
GradDelSqRho =  6.0396132540E-14  1.1901590824E-13  3.1974423109E-14
HessDelSqRho_EigVals = -1.8689105324E+01 -4.8889004920E+00  1.3970226123E+02
HessDelSqRho_EigVec1 =  5.8095233600E-01 -1.6995381996E-02 -8.1376012453E-01
HessDelSqRho_EigVec2 =  5.6636699876E-01 -7.0960334354E-01  4.1915571993E-01
HessDelSqRho_EigVec3 =  5.8457061679E-01  7.0439637408E-01  4.0262009657E-01
</CP of DelSqRho>
<CP of DelSqRho>
CP# = 11      
Type = (3,+3)
Coords = -2.49973053348506E+00 -2.21758611164834E+00 -1.72836584183270E+00
DistFromNuc =  6.4261351905E-01
Rho =  9.3511857240E-01
DelSqRho = -4.1710226553E+00
GradDelSqRho =  3.7658764995E-13  3.5527136788E-14  2.9309887850E-13
HessDelSqRho_EigVals =  9.6726615158E+00  2.0623714280E+01  3.1423862874E+02
HessDelSqRho_EigVec1 =  7.5044670415E-01  3.9547346057E-01  5.2955687723E-01
HessDelSqRho_EigVec2 = -5.8193480866E-01  1.5513053592E-02  8.1308746371E-01
HessDelSqRho_EigVec3 = -3.1333946880E-01  9.1834638735E-01 -2.4178149254E-01
</CP of DelSqRho>
<CP of DelSqRho>
CP# = 12      
Type = (3,-1)
Coords = -2.54436292219157E+00 -2.61966234178973E+00 -9.35375461637246E-01
DistFromNuc =  7.1367849787E-01
Rho =  6.7865068601E-01
DelSqRho = -1.0884491464E+00
GradDelSqRho =  4.4408920985E-15  6.3282712404E-15 -6.2172489379E-15
HessDelSqRho_EigVals = -1.4961950300E+01 -1.1468836073E+01  1.4613690866E+02
HessDelSqRho_EigVec1 =  7.6809559830E-01  6.3739063161E-01  6.1337872482E-02
HessDelSqRho_EigVec2 =  5.5999619186E-01 -7.1509285962E-01  4.1838554853E-01
HessDelSqRho_EigVec3 = -3.1053730367E-01  2.8701112322E-01  9.0619600428E-01
</CP of DelSqRho>
<CP of DelSqRho>
CP# = 13      
Type = (3,+1)
Coords = -2.51311675921434E+00 -3.30762939785698E+00 -1.14517726540560E+00
DistFromNuc =  6.8955747924E-01
Rho =  7.8284909847E-01
DelSqRho = -2.5508769096E+00
GradDelSqRho =  2.9976021665E-15  3.6415315208E-14 -1.9539925233E-14
HessDelSqRho_EigVals = -1.2348903815E+01  1.2709495322E+01  1.8907873961E+02
HessDelSqRho_EigVec1 =  9.7808559623E-01 -1.8263172567E-01  9.9971091936E-02
HessDelSqRho_EigVec2 =  4.2394999699E-02  6.4480153512E-01  7.6317340382E-01
HessDelSqRho_EigVec3 =  2.0384118927E-01  7.4221063929E-01 -6.3841376589E-01
</CP of DelSqRho>
<CP of DelSqRho>
CP# = 14      
Type = (3,+1)
Coords = -1.97301253911836E+00 -3.32306908565569E+00 -1.90022707006598E+00
DistFromNuc =  6.8919309417E-01
Rho =  7.8392227971E-01
DelSqRho = -2.5594712843E+00
GradDelSqRho = -9.7699626167E-15 -9.7699626167E-15 -2.5313084961E-14
HessDelSqRho_EigVals = -1.2354172317E+01  1.2780900536E+01  1.8971340508E+02
HessDelSqRho_EigVec1 =  4.0779993011E-01 -1.6562563547E-01  8.9792391987E-01
HessDelSqRho_EigVec2 = -7.4805458585E-01 -6.2449493530E-01  2.2454490059E-01
HessDelSqRho_EigVec3 = -5.2355854839E-01  7.6326550077E-01  3.7856600712E-01
</CP of DelSqRho>
<CP of DelSqRho>
CP# = 15      
Type = (3,+1)
Coords = -2.45046428645499E+00 -2.71932371515374E+00 -2.24869995187657E+00
DistFromNuc =  6.8899167505E-01
Rho =  7.8450661084E-01
DelSqRho = -2.5612928586E+00
GradDelSqRho = -3.7747582837E-15 -5.7731597281E-15 -1.9539925233E-14
HessDelSqRho_EigVals = -1.2264121858E+01  1.2748279348E+01  1.8981252679E+02
HessDelSqRho_EigVec1 = -4.0432414618E-01  8.6261465451E-01  3.0400319511E-01
HessDelSqRho_EigVec2 =  8.7967310842E-01  4.5776372194E-01 -1.2894804069E-01
HessDelSqRho_EigVec3 =  2.5039410364E-01 -2.1528662916E-01  9.4390384053E-01
</CP of DelSqRho>
<CP of DelSqRho>
CP# = 16      
Type = (3,+3)
Coords = -1.83234441565079E+00 -3.06730195361159E+00 -1.23491923873079E+00
DistFromNuc =  6.4177015688E-01
Rho =  9.3846649217E-01
DelSqRho = -4.2052815335E+00
GradDelSqRho =  6.0396132540E-14 -2.0428103653E-14  1.5099033135E-14
HessDelSqRho_EigVals =  9.9722075333E+00  2.0767647143E+01  3.1810320559E+02
HessDelSqRho_EigVec1 =  3.4620256811E-01  9.0922529932E-01  2.3119934452E-01
HessDelSqRho_EigVec2 = -5.8171360502E-01  1.4699733975E-02  8.1326084349E-01
HessDelSqRho_EigVec3 =  7.3603876499E-01 -4.1604479674E-01  5.3399781230E-01
</CP of DelSqRho>
<CP of DelSqRho>
CP# = 17      
Type = (3,+1)
Coords = -2.98535145545963E+00 -2.70506930978057E+00 -1.49912180728774E+00
DistFromNuc =  6.8928412828E-01
Rho =  7.8369911423E-01
DelSqRho = -2.5554973483E+00
GradDelSqRho =  7.1054273576E-15 -7.9936057773E-15  2.2204460493E-15
HessDelSqRho_EigVals = -1.2239140487E+01  1.2703046426E+01  1.8929647749E+02
HessDelSqRho_EigVec1 =  1.7124467827E-01  8.4688849363E-01 -5.0344328333E-01
HessDelSqRho_EigVec2 =  1.7299188396E-01  4.7720660136E-01  8.6159600028E-01
HessDelSqRho_EigVec3 =  9.6992219701E-01 -2.3463533192E-01 -6.4785745101E-02
</CP of DelSqRho>
<CP of DelSqRho>
CP# = 18      
Type = (3,+1)
Coords = -1.91640524168201E+00 -2.34164177851623E+00 -1.30915917161121E+00
DistFromNuc =  6.7155535936E-01
Rho =  8.3810353319E-01
DelSqRho = -3.2803280885E+00
GradDelSqRho =  6.7501559897E-14  2.8421709430E-14  3.3750779949E-14
HessDelSqRho_EigVals = -6.3743032950E+00  1.7425106324E+01  2.3193950077E+02
HessDelSqRho_EigVec1 =  5.6480071346E-01 -7.1183139277E-01  4.1748799065E-01
HessDelSqRho_EigVec2 =  5.8140835086E-01 -1.5775492979E-02 -8.1345895002E-01
HessDelSqRho_EigVec3 =  5.8563169622E-01  7.0217319949E-01  4.0495470648E-01
</CP of DelSqRho>
<CP of DelSqRho>
CP# = 19      
Type = (3,+3)
Coords = -2.90047796465098E+00 -3.09920450461125E+00 -1.27949435792306E+00
DistFromNuc =  7.2226693147E-01
Rho =  7.5386278560E-01
DelSqRho = -3.0637150944E+00
GradDelSqRho =  5.5067062021E-14  3.8857805862E-14 -2.7533531011E-14
HessDelSqRho_EigVals =  1.1264736027E+01  2.2311650839E+01  1.4104534629E+02
HessDelSqRho_EigVec1 = -5.5897296921E-01  7.1479712858E-01 -4.2025502336E-01
HessDelSqRho_EigVec2 =  1.3840215723E-01  5.8014748188E-01  8.0266664447E-01
HessDelSqRho_EigVec3 =  8.1755370623E-01  3.9050475572E-01 -4.2321622510E-01
</CP of DelSqRho>
<CP of DelSqRho>
CP# = 20      
Type = (3,+3)
Coords = -2.22175874139670E+00 -3.11851170209507E+00 -2.22928611143816E+00
DistFromNuc =  7.2196249916E-01
Rho =  7.5489105699E-01
DelSqRho = -3.0745815169E+00
GradDelSqRho = -6.2172489379E-15  9.7699626167E-15  3.0198066270E-14
HessDelSqRho_EigVals =  1.1306082320E+01  2.2412593492E+01  1.4140620778E+02
HessDelSqRho_EigVec1 = -5.6542408742E-01  7.1446301100E-01 -4.1211431337E-01
HessDelSqRho_EigVec2 =  8.1487777644E-01  5.6116253915E-01 -1.4515789377E-01
HessDelSqRho_EigVec3 = -1.2755316866E-01  4.1789856493E-01  8.9949484634E-01
</CP of DelSqRho>
<CP of DelSqRho>
CP# = 21      
Type = (3,+1)
Coords = -3.25888000881668E+00 -3.28262938384544E+00 -1.11028042934110E+00
DistFromNuc =  1.1587911181E+00
Rho =  4.0677430776E-01
DelSqRho = -9.2275150820E-01
GradDelSqRho = -2.1743162826E-12 -9.8449026709E-13  1.1719514248E-12
HessDelSqRho_EigVals = -2.9992547637E+01  1.4196207078E+01  1.4894335552E+01
HessDelSqRho_EigVec1 =  8.2015560316E-01  4.0977503676E-01 -3.9928586985E-01
HessDelSqRho_EigVec2 = -5.6150915776E-01  7.1040172648E-01 -4.2430749790E-01
HessDelSqRho_EigVec3 =  1.0978275075E-01  5.7220084435E-01  8.1273239222E-01
</CP of DelSqRho>
<CP of DelSqRho>
CP# = 22      
Type = (3,-3)
Coords = -2.68291007867625E+00 -3.88806420831087E+00 -1.82569158999332E+00
DistFromNuc =  1.1636830126E+00
Rho =  2.4724089191E-01
DelSqRho =  8.5344590937E-01
GradDelSqRho =  2.7755575616E-16 -7.7715611724E-16  1.4571677198E-16
HessDelSqRho_EigVals = -1.7546174003E+01 -2.6848145947E+00 -1.8738768027E-01
HessDelSqRho_EigVec1 =  3.1817440250E-01  9.2487718979E-01  2.0824800934E-01
HessDelSqRho_EigVec2 = -5.8116327073E-01  1.6734755608E-02  8.1361489705E-01
HessDelSqRho_EigVec3 =  7.4900888002E-01 -3.7989752796E-01  5.4282922351E-01
</CP of DelSqRho>
<CP of DelSqRho>
CP# = 23      
Type = (3,+1)
Coords = -1.61035742896775E+00 -1.92395321957828E+00 -1.10073115577396E+00
DistFromNuc =  1.2290629554E+00
Rho =  2.4339194380E-01
DelSqRho =  4.4085050876E-01
GradDelSqRho = -3.1641356202E-15 -3.8857805862E-16 -6.3837823916E-16
HessDelSqRho_EigVals = -1.1792827760E+01  1.6146040771E-01  8.0415567366E-01
HessDelSqRho_EigVec1 =  5.6928103268E-01  7.2331269437E-01  3.9081690342E-01
HessDelSqRho_EigVec2 =  5.8248271942E-01 -6.9031951003E-01  4.2915365041E-01
HessDelSqRho_EigVec3 =  5.8020081645E-01 -1.6664940587E-02 -8.1430294875E-01
</CP of DelSqRho>
<CP of DelSqRho>
CP# = 24      
Type = (3,-1)
Coords = -2.27214880137869E+00 -3.51898337963057E+00 -6.25451092511036E-01
DistFromNuc =  1.1882852391E+00
Rho =  2.4259445774E-01
DelSqRho =  7.1921693003E-01
GradDelSqRho = -6.3553329266E-14  3.7972403000E-13 -6.5003558092E-13
HessDelSqRho_EigVals = -1.7076668285E+01 -1.2540481365E+00  2.8964101418E-01
HessDelSqRho_EigVec1 =  5.1928770838E-02 -5.8145647051E-01  8.1191857699E-01
HessDelSqRho_EigVec2 =  9.8492713559E-01  1.6414086383E-01  5.4555608266E-02
HessDelSqRho_EigVec3 = -1.6499072801E-01  7.9684763269E-01  5.8121588927E-01
</CP of DelSqRho>
<CP of DelSqRho>
CP# = 25      
Type = (3,-3)
Coords = -1.44871776706563E+00 -2.53805393824610E+00 -2.28255750737528E+00
DistFromNuc =  1.1442290715E+00
Rho =  2.4579377436E-01
DelSqRho =  8.2385741087E-01
GradDelSqRho =  1.0824674490E-15  1.5404344467E-15 -8.3266726847E-16
HessDelSqRho_EigVals = -1.7499862804E+01 -1.7763680690E+00 -4.6904964473E-01
HessDelSqRho_EigVec1 =  7.6635126694E-01  2.6854062321E-01 -5.8360232123E-01
HessDelSqRho_EigVec2 =  3.0394496544E-01  6.4877025692E-01  6.9764934725E-01
HessDelSqRho_EigVec3 = -5.6597101837E-01  7.1202744850E-01 -4.1556433790E-01
</CP of DelSqRho>
<CP of DelSqRho>
CP# = 26      
Type = (3,-3)
Coords = -3.19475672181897E+00 -3.24184896860152E+00 -2.20426520656211E+00
DistFromNuc =  1.1643581764E+00
Rho =  2.4746085528E-01
DelSqRho =  8.5156166603E-01
GradDelSqRho =  4.6888048999E-12  1.2130990656E-12  3.3257840926E-12
HessDelSqRho_EigVals = -1.7484881434E+01 -2.7445820712E+00 -1.6880087577E-01
HessDelSqRho_EigVec1 =  7.6124832403E-01  3.6493745781E-01  5.3602391836E-01
HessDelSqRho_EigVec2 = -5.8085256735E-01  1.6254473374E-02  8.1384647637E-01
HessDelSqRho_EigVec3 = -2.8829027762E-01  9.3089013529E-01 -2.2434854990E-01
</CP of DelSqRho>
<CP of DelSqRho>
CP# = 27      
Type = (3,-3)
Coords = -2.68790462897192E+00 -2.50184431271837E+00 -5.46903853507719E-01
DistFromNuc =  1.1442504266E+00
Rho =  2.4585444021E-01
DelSqRho =  8.2296255808E-01
GradDelSqRho = -1.4779844015E-15  1.3877787808E-15  2.4112656316E-15
HessDelSqRho_EigVals = -1.7500373005E+01 -1.7606980525E+00 -4.7187222620E-01
HessDelSqRho_EigVec1 = -2.9803319507E-01  2.9908117224E-01  9.0649140484E-01
HessDelSqRho_EigVec2 =  7.7064718320E-01  6.3576810154E-01  4.3610091603E-02
HessDelSqRho_EigVec3 =  5.6327536220E-01 -7.1158230267E-01  4.1996606156E-01
</CP of DelSqRho>
<CP of DelSqRho>
CP# = 28      
Type = (3,+1)
Coords = -2.18134491027121E+00 -3.31286218770566E+00 -2.61875882007141E+00
DistFromNuc =  1.1589170063E+00
Rho =  4.0696909546E-01
DelSqRho = -9.2487301867E-01
GradDelSqRho =  4.4453329906E-13 -2.9720392813E-12 -3.9400704921E-12
HessDelSqRho_EigVals = -3.0046834884E+01  1.4220991687E+01  1.4924146611E+01
HessDelSqRho_EigVec1 = -1.0413735077E-01  4.3535225815E-01  8.9421687721E-01
HessDelSqRho_EigVec2 = -5.6986420858E-01  7.1076064317E-01 -4.1240040240E-01
HessDelSqRho_EigVec3 =  8.1511360923E-01  5.5252847840E-01 -1.7407493963E-01
</CP of DelSqRho>
<CP of DelSqRho>
CP# = 29      
Type = (3,-1)
Coords = -3.31151726416005E+00 -2.19969196538628E+00 -1.40295585020560E+00
DistFromNuc =  1.1883766828E+00
Rho =  2.4270173565E-01
DelSqRho =  7.1949643424E-01
GradDelSqRho =  5.5511151231E-17 -9.5756735874E-16 -3.8857805862E-16
HessDelSqRho_EigVals = -1.7085794800E+01 -1.2720021763E+00  2.8949990988E-01
HessDelSqRho_EigVec1 =  8.2938790150E-01 -5.3757211062E-01 -1.5209186280E-01
HessDelSqRho_EigVec2 =  4.7020427494E-01  8.1870154043E-01 -3.2959934393E-01
HessDelSqRho_EigVec3 =  3.0170125734E-01  2.0185146413E-01  9.3178985708E-01
</CP of DelSqRho>
<CP of DelSqRho>
CP# = 30      
Type = (3,-1)
Coords = -1.40869520110629E+00 -3.54526522169036E+00 -1.83507787173019E+00
DistFromNuc =  1.1881782760E+00
Rho =  2.4262433001E-01
DelSqRho =  7.2065667838E-01
GradDelSqRho = -1.7476853298E-12  1.3848922009E-12  3.4650754488E-13
HessDelSqRho_EigVals = -1.7113453933E+01 -1.2601380935E+00  2.8641351424E-01
HessDelSqRho_EigVec1 =  7.7256491625E-01 -6.0352149824E-01 -1.9724414145E-01
HessDelSqRho_EigVec2 =  3.7375751923E-01  1.8114642088E-01  9.0966548303E-01
HessDelSqRho_EigVec3 = -5.1327260495E-01 -7.7649711871E-01  3.6551806746E-01
</CP of DelSqRho>
<CP of DelSqRho>
CP# = 31      
Type = (3,-1)
Coords = -2.45659408368487E+00 -2.22432864029269E+00 -2.60233077512336E+00
DistFromNuc =  1.1882966080E+00
Rho =  2.4270027352E-01
DelSqRho =  7.2060851154E-01
GradDelSqRho =  6.3222031776E-12 -3.7308212075E-12  6.1931293427E-12
HessDelSqRho_EigVals = -1.7108187092E+01 -1.2792771226E+00  2.8712046232E-01
HessDelSqRho_EigVec1 =  1.1671504920E-01 -5.1731157759E-01  8.4780087814E-01
HessDelSqRho_EigVec2 = -1.4356687745E-01  8.3588118551E-01  5.2980297792E-01
HessDelSqRho_EigVec3 =  9.8273401742E-01  1.8355210541E-01 -2.3291105834E-02
</CP of DelSqRho>
<CP of DelSqRho>
CP# = 32      
Type = (3,-1)
Coords = -3.00924091378680E+00 -3.61056623992520E+00 -2.06443133925925E+00
DistFromNuc =  1.1656768050E+00
Rho =  2.5016930905E-01
DelSqRho =  8.4662284224E-01
GradDelSqRho =  1.7855161794E-12  3.0889735214E-12  1.2131962102E-12
HessDelSqRho_EigVals = -1.6617586115E+01 -3.9848735206E+00  1.1720726424E-01
HessDelSqRho_EigVec1 =  6.0018577695E-01  6.8408718275E-01  4.1448975806E-01
HessDelSqRho_EigVec2 =  5.8091753550E-01 -1.6590642822E-02 -8.1379331991E-01
HessDelSqRho_EigVec3 =  5.4982892803E-01 -7.2921154473E-01  4.0735570812E-01
</CP of DelSqRho>
<CP of DelSqRho>
CP# = 33      
Type = (3,-1)
Coords = -3.74191845753747E+00 -3.03630920893159E+00 -1.76668277650548E-01
DistFromNuc =  2.0181888010E+00
Rho =  7.2296729822E-02
DelSqRho =  1.8474698484E-01
GradDelSqRho =  2.6714741530E-16 -2.5673907444E-16 -5.5511151231E-16
HessDelSqRho_EigVals = -2.0445805018E+00 -1.1018466454E-02  4.9515478494E-01
HessDelSqRho_EigVec1 = -3.9620232211E-01  2.7675578775E-01  8.7545985282E-01
HessDelSqRho_EigVec2 =  5.6214090856E-01 -6.8077729750E-01  4.6961672685E-01
HessDelSqRho_EigVec3 =  7.2596233985E-01  6.7819503475E-01  1.1414979614E-01
</CP of DelSqRho>
<CP of DelSqRho>
CP# = 34      
Type = (3,-1)
Coords = -1.44636727509222E+00 -3.10457707625549E+00 -3.37978569574911E+00
DistFromNuc =  2.0164280280E+00
Rho =  7.2363646105E-02
DelSqRho =  1.8570646818E-01
GradDelSqRho =  3.6706748752E-15  2.1996293675E-15 -2.5188184871E-15
HessDelSqRho_EigVals = -2.0600726801E+00 -1.2368801930E-02  4.9634165209E-01
HessDelSqRho_EigVec1 =  7.1000166994E-01  2.4352211108E-01 -6.6075306287E-01
HessDelSqRho_EigVec2 =  6.0750996949E-01 -6.8633877818E-01  3.9983836551E-01
HessDelSqRho_EigVec3 =  3.5613096699E-01  6.8529998028E-01  6.3524378893E-01
</CP of DelSqRho>
<CP of DelSqRho>
CP# = 35      
Type = (3,+1)
Coords = -2.42386407016744E+00 -2.86685554714974E+00 -3.58127854754572E+00
DistFromNuc =  2.0043859692E+00
Rho =  7.1570929248E-02
DelSqRho =  1.8235853263E-01
GradDelSqRho =  3.4520997172E-16  5.2735593670E-16 -1.1102230246E-16
HessDelSqRho_EigVals = -1.7188869025E+00  1.6966982887E-02  5.8095106028E-01
HessDelSqRho_EigVec1 =  2.1884068760E-01 -4.0881154145E-01  8.8599202989E-01
HessDelSqRho_EigVec2 =  9.3581314415E-01  3.4508151223E-01 -7.1920158238E-02
HessDelSqRho_EigVec3 = -2.7633767875E-01  8.4486204406E-01  4.5808908938E-01
</CP of DelSqRho>
<CP of DelSqRho>
CP# = 36      
Type = (3,+1)
Coords = -4.23074848031560E+00 -2.80339462042069E+00 -1.00534712176546E+00
DistFromNuc =  2.0055600475E+00
Rho =  7.1576520401E-02
DelSqRho =  1.8194517021E-01
GradDelSqRho =  7.5624922991E-13  2.5621865740E-14 -2.5478751053E-15
HessDelSqRho_EigVals = -1.7181349767E+00  1.6041785165E-02  5.7819724094E-01
HessDelSqRho_EigVec1 =  8.9248770687E-01 -4.3963903451E-01 -1.0091190428E-01
HessDelSqRho_EigVec2 =  2.6234001333E-01  3.2391990956E-01  9.0898493365E-01
HessDelSqRho_EigVec3 =  3.6693788371E-01  8.3773110932E-01 -4.0442944747E-01
</CP of DelSqRho>
<CP of DelSqRho>
CP# = 37      
Type = (3,+1)
Coords = -3.28896793806431E+00 -3.97602652140413E+00 -2.71248696738227E-01
DistFromNuc =  2.0064784301E+00
Rho =  7.1535688039E-02
DelSqRho =  1.8157648693E-01
GradDelSqRho =  1.0312714224E-13  1.9148571617E-13 -9.7460234327E-14
HessDelSqRho_EigVals = -1.7196055926E+00  1.6170867300E-02  5.7730909416E-01
HessDelSqRho_EigVec1 = -2.9848706134E-02 -6.3330440320E-01  7.7332696037E-01
HessDelSqRho_EigVec2 = -1.0258465377E-01  7.7152727985E-01  6.2787104190E-01
HessDelSqRho_EigVec3 =  9.9427634164E-01  6.0590340257E-02  8.7996403981E-02
</CP of DelSqRho>
<CP of DelSqRho>
CP# = 38      
Type = (3,+1)
Coords = -1.43316274322077E+00 -4.05601522344900E+00 -2.88772299217046E+00
DistFromNuc =  2.0049845591E+00
Rho =  7.1542020569E-02
DelSqRho =  1.8202388100E-01
GradDelSqRho = -1.8492152254E-15  2.0573820425E-15  1.6271706205E-15
HessDelSqRho_EigVals = -1.7188256629E+00  1.7110357525E-02  5.8087159236E-01
HessDelSqRho_EigVec1 = -6.8898593603E-01  6.7997056755E-01  2.5087528221E-01
HessDelSqRho_EigVec2 =  6.1171620699E-01  7.3120871512E-01 -3.0188921321E-01
HessDelSqRho_EigVec3 =  3.8871797240E-01  5.4532946081E-02  9.1974153746E-01
</CP of DelSqRho>
<Path of -GradDelSqRho>
Starting CP# =      3
Ending CP# =      1
Number of Points =      7
 -2.4295548354E+00 -2.7338145860E+00 -1.6680483677E+00  2.2551149462E+01  1.2364109430E+03
 -2.4117649771E+00 -2.7457057687E+00 -1.6551208612E+00  3.2794109485E+01  9.8353584254E+02
 -2.3939571873E+00 -2.7575571482E+00 -1.6421814891E+00  4.8059130141E+01 -8.0236152911E+02
 -2.3761415216E+00 -2.7693909910E+00 -1.6292369069E+00  7.0735361959E+01 -6.4115285929E+03
 -2.3583201240E+00 -2.7812120476E+00 -1.6162885340E+00  1.0439632584E+02 -2.0720607807E+04
 -2.3404892799E+00 -2.7930119987E+00 -1.6033339158E+00  1.5489533113E+02 -7.5608518636E+04
 -2.3095649670E+00 -2.8134330473E+00 -1.5808675081E+00  2.9726000999E+02 -3.3288981834E+06
</Path of -GradDelSqRho>
<Path of -GradDelSqRho>
Starting CP# =      3
Ending CP# =     11
Number of Points =     36
 -2.4295548354E+00 -2.7338145860E+00 -1.6680483677E+00  2.2551149462E+01  1.2364109430E+03
 -2.4473234118E+00 -2.7218763631E+00 -1.6809617853E+00  1.5630680035E+01  1.1541400660E+03
 -2.4650822925E+00 -2.7099167804E+00 -1.6938687808E+00  1.0939320898E+01  9.8382186738E+02
 -2.4828386834E+00 -2.6979517212E+00 -1.7067741261E+00  7.7687646326E+00  7.7516255674E+02
 -2.5005893694E+00 -2.6859741297E+00 -1.7196756922E+00  5.6341821920E+00  5.7399138341E+02
 -2.5183287416E+00 -2.6739717343E+00 -1.7325697634E+00  4.1980114175E+00  4.0926621449E+02
 -2.5360506341E+00 -2.6619311457E+00 -1.7454522528E+00  3.2292000890E+00  2.8620504801E+02
 -2.5537487775E+00 -2.6498389106E+00 -1.7583190007E+00  2.5726078724E+00  1.9766375929E+02
 -2.5714172534E+00 -2.6376825492E+00 -1.7711660745E+00  2.1247114676E+00  1.3442437293E+02
 -2.5890501812E+00 -2.6254499152E+00 -1.7839895596E+00  1.8160928854E+00  8.9271281857E+01
 -2.6066402588E+00 -2.6131261450E+00 -1.7967845880E+00  1.5998860569E+00  5.7296404126E+01
 -2.6241765955E+00 -2.6006892949E+00 -1.8095438928E+00  1.4444277444E+00  3.5108270243E+01
 -2.6416420140E+00 -2.5881052460E+00 -1.8222559999E+00  1.3285003954E+00  2.0164126538E+01
 -2.6590090736E+00 -2.5753207317E+00 -1.8349025480E+00  1.2381049466E+00  1.0449171312E+01
 -2.6762329673E+00 -2.5622517516E+00 -1.8474534828E+00  1.1641844057E+00  4.3706243294E+00
 -2.6932371530E+00 -2.5487620432E+00 -1.8598572886E+00  1.1010047795E+00  7.1860667005E-01
 -2.7098802871E+00 -2.5346188026E+00 -1.8720183944E+00  1.0450363446E+00 -1.3778763773E+00
 -2.7258642094E+00 -2.5193874793E+00 -1.8837339002E+00  9.9426247731E-01 -2.5127375268E+00
 -2.7403906712E+00 -2.5021319434E+00 -1.8944555127E+00  9.4807642426E-01 -3.0726188944E+00
 -2.7502976420E+00 -2.4807086633E+00 -1.9019769549E+00  9.0987760053E-01 -3.3081366659E+00
 -2.7470576490E+00 -2.4565541207E+00 -1.9001903554E+00  8.9561374056E-01 -3.4138234776E+00
 -2.7355960714E+00 -2.4357650311E+00 -1.8924698130E+00  8.9865119587E-01 -3.5018154915E+00
 -2.7224527119E+00 -2.4164805152E+00 -1.8835137596E+00  9.0440010511E-01 -3.5857206648E+00
 -2.7086720126E+00 -2.3978767604E+00 -1.8740835560E+00  9.1009305469E-01 -3.6654360753E+00
 -2.6943979015E+00 -2.3798447101E+00 -1.8642836074E+00  9.1533418966E-01 -3.7404931945E+00
 -2.6796606368E+00 -2.3623872564E+00 -1.8541349504E+00  9.2005359300E-01 -3.8104478473E+00
 -2.6644773833E+00 -2.3455213431E+00 -1.8436490227E+00  9.2422474162E-01 -3.8749004586E+00
 -2.6488640897E+00 -2.3292653553E+00 -1.8328364070E+00  9.2782995648E-01 -3.9335030326E+00
 -2.6328367293E+00 -2.3136377701E+00 -1.8217077602E+00  9.3085693728E-01 -3.9859643222E+00
 -2.6164114532E+00 -2.2986570348E+00 -1.8102739506E+00  9.3329852477E-01 -4.0320538701E+00
 -2.5996046443E+00 -2.2843415458E+00 -1.7985461354E+00  9.3515267836E-01 -4.0716049077E+00
 -2.5824329514E+00 -2.2707096326E+00 -1.7865358442E+00  9.3642241006E-01 -4.1045160727E+00
 -2.5649132999E+00 -2.2577795387E+00 -1.7742550833E+00  9.3711566046E-01 -4.1307519359E+00
 -2.5470628681E+00 -2.2455694013E+00 -1.7617164797E+00  9.3724511989E-01 -4.1503423643E+00
 -2.5288989920E+00 -2.2340972301E+00 -1.7489335178E+00  9.3682799848E-01 -4.1633807778E+00
 -2.4997305335E+00 -2.2175861116E+00 -1.7283658418E+00  9.3511857240E-01 -4.1710226553E+00
</Path of -GradDelSqRho>
<Path of -GradDelSqRho>
Starting CP# =      5
Ending CP# =      1
Number of Points =      7
 -2.2482211239E+00 -2.9630125091E+00 -1.5340798361E+00  2.2558027604E+01  1.2372032900E+03
 -2.2573891641E+00 -2.9408291328E+00 -1.5410687241E+00  3.2805500293E+01  9.8381911003E+02
 -2.2665238993E+00 -2.9186247216E+00 -1.5480344012E+00  4.8077874135E+01 -8.0499138018E+02
 -2.2756439668E+00 -2.8964110770E+00 -1.5549898560E+00  7.0765418336E+01 -6.4199212446E+03
 -2.2847533141E+00 -2.8741906976E+00 -1.5619378399E+00  1.0444448561E+02 -2.0751949993E+04
 -2.2938449889E+00 -2.8519592352E+00 -1.5688735090E+00  1.5497038708E+02 -7.5713949333E+04
 -2.3095649670E+00 -2.8134330473E+00 -1.5808675081E+00  2.9726000999E+02 -3.3288981834E+06
</Path of -GradDelSqRho>
<Path of -GradDelSqRho>
Starting CP# =      5
Ending CP# =     16
Number of Points =     36
 -2.2482211239E+00 -2.9630125091E+00 -1.5340798361E+00  2.2558027604E+01  1.2372032900E+03
 -2.2390136660E+00 -2.9851708768E+00 -1.5270634779E+00  1.5634876274E+01  1.1548208422E+03
 -2.2297882533E+00 -3.0073178114E+00 -1.5200346057E+00  1.0941938332E+01  9.8437410334E+02
 -2.2205582315E+00 -3.0294618054E+00 -1.5130025205E+00  7.7704880050E+00  7.7559637947E+02
 -2.2113177076E+00 -3.0515990925E+00 -1.5059631173E+00  5.6354476512E+00  5.7430379680E+02
 -2.2020563975E+00 -3.0737230778E+00 -1.4989092316E+00  4.1990895459E+00  4.0946866158E+02
 -2.1927630722E+00 -3.0958265034E+00 -1.4918330423E+00  3.2302479983E+00  2.8632063259E+02
 -2.1834264405E+00 -3.1179019797E+00 -1.4847266874E+00  2.5737076661E+00  1.9771632385E+02
 -2.1740360184E+00 -3.1399425172E+00 -1.4775828698E+00  2.1258978518E+00  1.3443325346E+02
 -2.1645815909E+00 -3.1619411559E+00 -1.4703944816E+00  1.8173717557E+00  8.9250944021E+01
 -2.1550506511E+00 -3.1838892403E+00 -1.4631528215E+00  1.6012466545E+00  5.7257611206E+01
 -2.1454247290E+00 -3.2057738494E+00 -1.4558450405E+00  1.4458506711E+00  3.5059087213E+01
 -2.1356750924E+00 -3.2275745774E+00 -1.4484511548E+00  1.3299629929E+00  2.0110480867E+01
 -2.1257568432E+00 -3.2492587578E+00 -1.4409399494E+00  1.2395849237E+00  1.0395186445E+01
 -2.1155990745E+00 -3.2707728827E+00 -1.4332621599E+00  1.1656623127E+00  4.3189216899E+00
 -2.1050865084E+00 -3.2920251303E+00 -1.4253377794E+00  1.1024659572E+00  6.7063275054E-01
 -2.0940215234E+00 -3.3128448236E+00 -1.4170298979E+00  1.0464735034E+00 -1.4215293378E+00
 -2.0820332802E+00 -3.3328684245E+00 -1.4080824376E+00  9.9568260215E-01 -2.5520756222E+00
 -2.0683163073E+00 -3.3511082107E+00 -1.3979431643E+00  9.4953204139E-01 -3.1081512116E+00
 -2.0510143605E+00 -3.3635849697E+00 -1.3853743889E+00  9.1167258985E-01 -3.3413643563E+00
 -2.0312781230E+00 -3.3598861586E+00 -1.3714085566E+00  8.9811682028E-01 -3.4476841439E+00
 -2.0140690103E+00 -3.3463268108E+00 -1.3594391090E+00  9.0137224109E-01 -3.5369986171E+00
 -1.9980184975E+00 -3.3307128265E+00 -1.3483287900E+00  9.0722710587E-01 -3.6220939862E+00
 -1.9825060511E+00 -3.3142995031E+00 -1.3376095000E+00  9.1300698106E-01 -3.7028345111E+00
 -1.9674494851E+00 -3.2972620202E+00 -1.3272187271E+00  9.1832377050E-01 -3.7787398324E+00
 -1.9528523374E+00 -3.2796368050E+00 -1.3171579104E+00  9.2310767628E-01 -3.8493562159E+00
 -1.9387290088E+00 -3.2614441342E+00 -1.3074366306E+00  9.2733183593E-01 -3.9142767404E+00
 -1.9250949858E+00 -3.2427027997E+00 -1.2980653667E+00  9.3097830571E-01 -3.9731484287E+00
 -1.9119657722E+00 -3.2234316615E+00 -1.2890547334E+00  9.3403462646E-01 -4.0256775266E+00
 -1.8993567737E+00 -3.2036498548E+00 -1.2804154363E+00  9.3649358648E-01 -4.0716336027E+00
 -1.8872832505E+00 -3.1833768801E+00 -1.2721583016E+00  9.3835319712E-01 -4.1108524554E+00
 -1.8757602591E+00 -3.1626326804E+00 -1.2642943281E+00  9.3961662365E-01 -4.1432377877E+00
 -1.8648025644E+00 -3.1414377125E+00 -1.2568347765E+00  9.4029205769E-01 -4.1687616405E+00
 -1.8544245009E+00 -3.1198130138E+00 -1.2497913262E+00  9.4039253389E-01 -4.1874636147E+00
 -1.8446397176E+00 -3.0977802676E+00 -1.2431763910E+00  9.3993569467E-01 -4.1994489448E+00
 -1.8323444157E+00 -3.0673019536E+00 -1.2349192387E+00  9.3846649217E-01 -4.2052815335E+00
</Path of -GradDelSqRho>
<Path of -GradDelSqRho>
Starting CP# =     13
Ending CP# =     16
Number of Points =     32
 -2.5131167592E+00 -3.3076293979E+00 -1.1451772654E+00  7.8284909847E-01 -2.5508769096E+00
 -2.4910489159E+00 -3.3114437830E+00 -1.1431427782E+00  7.8667204607E-01 -2.5540325387E+00
 -2.4663655135E+00 -3.3149888087E+00 -1.1413842792E+00  7.9129362611E-01 -2.5650746713E+00
 -2.4415551803E+00 -3.3177940123E+00 -1.1401563446E+00  7.9630642411E-01 -2.5841604612E+00
 -2.4166512400E+00 -3.3198522251E+00 -1.1394585403E+00  8.0170483496E-01 -2.6112807416E+00
 -2.3916873145E+00 -3.3211571857E+00 -1.1392889259E+00  8.0747729469E-01 -2.6463044840E+00
 -2.3666972253E+00 -3.3217037171E+00 -1.1396438617E+00  8.1360603729E-01 -2.6889856061E+00
 -2.3417148531E+00 -3.3214878560E+00 -1.1405178267E+00  8.2006692916E-01 -2.7389705810E+00
 -2.3167739643E+00 -3.3205069259E+00 -1.1419032560E+00  8.2682939372E-01 -2.7958064743E+00
 -2.2919080175E+00 -3.3187595438E+00 -1.1437904014E+00  8.3385644002E-01 -2.8589491321E+00
 -2.2671499660E+00 -3.3162455515E+00 -1.1461672157E+00  8.4110481022E-01 -2.9277713561E+00
 -2.2425320718E+00 -3.3129658657E+00 -1.1490192560E+00  8.4852526019E-01 -3.0015710151E+00
 -2.2180857493E+00 -3.3089222415E+00 -1.1523295997E+00  8.5606298496E-01 -3.0795791486E+00
 -2.1938414561E+00 -3.3041169477E+00 -1.1560787560E+00  8.6365819641E-01 -3.1609682035E+00
 -2.1698286468E+00 -3.2985523558E+00 -1.1602445545E+00  8.7124685495E-01 -3.2448606069E+00
 -2.1460758045E+00 -3.2922304394E+00 -1.1648019823E+00  8.7876154890E-01 -3.3303379061E+00
 -2.1226105651E+00 -3.2851521880E+00 -1.1697229290E+00  8.8613250735E-01 -3.4164507058E+00
 -2.0994599468E+00 -3.2773169256E+00 -1.1749757929E+00  8.9328872404E-01 -3.5022296010E+00
 -2.0766507047E+00 -3.2687215237E+00 -1.1805248786E+00  9.0015916297E-01 -3.5866972522E+00
 -2.0542098385E+00 -3.2593594816E+00 -1.1863294965E+00  9.0667401242E-01 -3.6688816900E+00
 -2.0321653012E+00 -3.2492198287E+00 -1.1923426328E+00  9.1276595321E-01 -3.7478308728E+00
 -2.0105469961E+00 -3.2382857808E+00 -1.1985090025E+00  9.1837141107E-01 -3.8226284860E+00
 -1.9893882158E+00 -3.2265330487E+00 -1.2047621898E+00  9.2343177125E-01 -3.8924109619E+00
 -1.9687278000E+00 -3.2139276626E+00 -1.2110204168E+00  9.2789454710E-01 -3.9563857551E+00
 -1.9486135136E+00 -3.2004231536E+00 -1.2171801861E+00  9.3171451429E-01 -4.0138510371E+00
 -1.9291075719E+00 -3.1859569676E+00 -1.2231065527E+00  9.3485485136E-01 -4.0642172056E+00
 -1.9102960621E+00 -3.1704462435E+00 -1.2286179570E+00  9.3728837425E-01 -4.1070309386E+00
 -1.8923055944E+00 -3.1537840511E+00 -1.2334623169E+00  9.3899903702E-01 -4.1420028192E+00
 -1.8753333741E+00 -3.1358403211E+00 -1.2372798834E+00  9.3998403341E-01 -4.1690391606E+00
 -1.8597005528E+00 -3.1164809649E+00 -1.2395507014E+00  9.4025713000E-01 -4.1882749951E+00
 -1.8459342524E+00 -3.0956412197E+00 -1.2395466731E+00  9.3985412582E-01 -4.2000900300E+00
 -1.8323444157E+00 -3.0673019536E+00 -1.2349192387E+00  9.3846649217E-01 -4.2052815335E+00
</Path of -GradDelSqRho>
<Path of -GradDelSqRho>
Starting CP# =     13
Ending CP# =     19
Number of Points =     19
 -2.5131167592E+00 -3.3076293979E+00 -1.1451772654E+00  7.8284909847E-01 -2.5508769096E+00
 -2.5350301884E+00 -3.3032320449E+00 -1.1476383210E+00  7.7933591375E-01 -2.5539586193E+00
 -2.5591848056E+00 -3.2976626587E+00 -1.1508735664E+00  7.7578897523E-01 -2.5643822765E+00
 -2.5830888551E+00 -3.2913850414E+00 -1.1546310025E+00  7.7260671823E-01 -2.5816990528E+00
 -2.6067101134E+00 -3.2844076167E+00 -1.1589067344E+00  7.6977158904E-01 -2.6052923973E+00
 -2.6300161452E+00 -3.2767383775E+00 -1.1636964523E+00  7.6726271859E-01 -2.6344239002E+00
 -2.6529740206E+00 -3.2683846646E+00 -1.1689955509E+00  7.6505660095E-01 -2.6682435395E+00
 -2.6755499755E+00 -3.2593529503E+00 -1.1747991976E+00  7.6312785221E-01 -2.7058033959E+00
 -2.6977090131E+00 -3.2496486300E+00 -1.1811023417E+00  7.6145005649E-01 -2.7460747192E+00
 -2.7194144491E+00 -3.2392758209E+00 -1.1878996409E+00  7.5999670213E-01 -2.7879680940E+00
 -2.7406274051E+00 -3.2282371677E+00 -1.1951852735E+00  7.5874220264E-01 -2.8303563459E+00
 -2.7613062644E+00 -3.2165336507E+00 -1.2029525791E+00  7.5766298262E-01 -2.8720997336E+00
 -2.7814061209E+00 -3.2041643934E+00 -1.2111934419E+00  7.5673858431E-01 -2.9120728949E+00
 -2.8008782806E+00 -3.1911264466E+00 -1.2198972753E+00  7.5595271405E-01 -2.9491929391E+00
 -2.8196699101E+00 -3.1774144884E+00 -1.2290493773E+00  7.5529409660E-01 -2.9824479869E+00
 -2.8377239683E+00 -3.1630202685E+00 -1.2386282595E+00  7.5475694337E-01 -3.0109253469E+00
 -2.8549795487E+00 -3.1479313345E+00 -1.2486011800E+00  7.5434078664E-01 -3.0338383755E+00
 -2.8713725671E+00 -3.1321277426E+00 -1.2589160631E+00  7.5404943620E-01 -3.0505509369E+00
 -2.9004779647E+00 -3.0992045046E+00 -1.2794943579E+00  7.5386278560E-01 -3.0637150944E+00
</Path of -GradDelSqRho>
<Path of -GradDelSqRho>
Starting CP# =     14
Ending CP# =     16
Number of Points =     32
 -1.9730125391E+00 -3.3230690857E+00 -1.9002270701E+00  7.8392227971E-01 -2.5594712843E+00
 -1.9640268601E+00 -3.3264893125E+00 -1.8799336335E+00  7.8773341063E-01 -2.5626189309E+00
 -1.9544361446E+00 -3.3295850341E+00 -1.8570564708E+00  7.9234606647E-01 -2.5736518211E+00
 -1.9452909059E+00 -3.3319237229E+00 -1.8339085815E+00  7.9734818219E-01 -2.5927244963E+00
 -1.9366013251E+00 -3.3334988820E+00 -1.8105218442E+00  8.0273393900E-01 -2.6198241438E+00
 -1.9283762691E+00 -3.3343049707E+00 -1.7869288799E+00  8.0849155424E-01 -2.6548161098E+00
 -1.9206230818E+00 -3.3343375831E+00 -1.7631630162E+00  8.1460304394E-01 -2.6974507583E+00
 -1.9133473689E+00 -3.3335935762E+00 -1.7392582090E+00  8.2104406394E-01 -2.7473711275E+00
 -1.9065527915E+00 -3.3320711404E+00 -1.7152489294E+00  8.2778384215E-01 -2.8041210136E+00
 -1.9002408725E+00 -3.3297698027E+00 -1.6911700274E+00  8.3478521563E-01 -2.8671532081E+00
 -1.8944108235E+00 -3.3266903546E+00 -1.6670565859E+00  8.4200478720E-01 -2.9358377281E+00
 -1.8890593914E+00 -3.3228346973E+00 -1.6429437826E+00  8.4939321531E-01 -3.0094699891E+00
 -1.8841807229E+00 -3.3182056025E+00 -1.6188667804E+00  8.5689564850E-01 -3.0872789783E+00
