 AIMInt (Version 19.02.13, Professional)
 Portions Copyright (c) 1997-2019 by Todd A. Keith
 AIMInt is a component of the AIMAll package ( http://aim.tkgristmill.com )

 TP:  64-bit Linux

 Licensed To:  Research Group of Fernando Cortes Guzman, UNAM, fercor@unam.mx

 AIMInt is a heavily modified and extended version of the PROAIMV program
 developed by members of R.F.W. Bader's research group

 Much of the Quantum Theory of Atoms in Molecules (QTAIM) is described in the book:
   "Atoms in Molecules - A Quantum Theory"
   R.F.W. Bader, Oxford University Press, Oxford, 1990

 For additional references see:  http://aim.tkgristmill.com/references.html

 Current Directory:  /home/scratch/M_H2O_4_tetraedrico/Opt

 Inp File:  Sc3_tetraedrico_cc-pvtz-def2-tzv_1_atomicfiles/o8.inp
 Wfx File:  Sc3_tetraedrico_cc-pvtz-def2-tzv_1.wfx
 Out File:  Sc3_tetraedrico_cc-pvtz-def2-tzv_1_atomicfiles/o8.int

 Wfx Title:   Sc3_tetraedrico_cc-pvtz-def2-tzv_1                                            
 Job Title:   Sc3_tetraedrico_cc-pvtz-def2-tzv_1                                            
 
<Atom>
O8      
</Atom>
<Nuclei of Molecule>
    13
Sc1       21.0          -2.7137082821E-05   7.1428703004E-06  -4.8040555792E-05
O2         8.0           2.2796721095E+00  -1.5953808611E+00   2.8294584191E+00
H3         1.0           3.8164691761E+00  -8.5218702200E-01   3.6044986955E+00
O4         8.0           2.3025148231E+00   1.5647792252E+00  -2.8281547045E+00
H5         1.0           2.1093436565E+00   3.2439235520E+00  -3.6388834037E+00
O6         8.0          -2.3095647930E+00  -2.8134328473E+00  -1.5808673888E+00
H7         1.0          -3.8466057220E+00  -3.5782028045E+00  -8.2755044030E-01
O8         8.0          -2.2727298375E+00   2.8440624499E+00   1.5793728159E+00
H9         1.0          -2.0627761965E+00   3.6535523342E+00   3.2571142900E+00
H10        1.0          -3.7996191529E+00   3.6287099538E+00   8.2597436348E-01
H11        1.0           3.8305823382E+00   8.0172845580E-01  -3.6011113877E+00
H12        1.0          -2.1097431537E+00  -3.6263559715E+00  -3.2581618482E+00
H13        1.0           2.0637805168E+00  -3.2715422323E+00   3.6406554492E+00
</Nuclei of Molecule>
<Total Number of CPs of DelSqRho>
    37
</Total Number of CPs of DelSqRho>
<Number of (3,+3) CPs of DelSqRho>
     5
</Number of (3,+3) CPs of DelSqRho>
<Number of (3,+1) CPs of DelSqRho>
    14
</Number of (3,+1) CPs of DelSqRho>
<Number of (3,-1) CPs of DelSqRho>
    12
</Number of (3,-1) CPs of DelSqRho>
<Number of (3,-3) CPs of DelSqRho>
     6
</Number of (3,-3) CPs of DelSqRho>
<Number of Degenerate CPs of DelSqRho>
     0
</Number of Degenerate CPs of DelSqRho>
<CP of DelSqRho>
CP# = 1       
Type = (3,+3)
Coords = -2.27273000897711E+00  2.84406265196898E+00  1.57937293532726E+00
DistFromNuc =  2.9066353468E-07
Rho =  2.9725996000E+02
DelSqRho = -3.3288976634E+06
GradDelSqRho =  2.0550611225E-05 -3.3249525586E-06 -7.1107069743E-06
HessDelSqRho_EigVals =  1.3238259875E+11  1.3238261689E+11  1.3238262454E+11
HessDelSqRho_EigVec1 =  5.7366044535E-01  7.0515828581E-01 -4.1673191070E-01
HessDelSqRho_EigVec2 =  5.7552402786E-01 -7.0902392300E-01 -4.0750112879E-01
HessDelSqRho_EigVec3 =  5.8282569161E-01  6.0719487569E-03  8.1257451636E-01
</CP of DelSqRho>
<CP of DelSqRho>
CP# = 2       
Type = (3,-1)
Coords = -1.27154659457298E+00  1.61427205778754E+00  8.85873058647898E-01
DistFromNuc =  1.7308073861E+00
Rho =  9.1241443533E-02
DelSqRho =  2.1634687586E-01
GradDelSqRho =  1.7347234760E-16 -1.5612511284E-17  2.0816681712E-16
HessDelSqRho_EigVals = -1.8787599001E-01 -2.2108572094E-02  2.3097194081E+00
HessDelSqRho_EigVec1 = -5.8041189749E-01 -6.9777106543E-01  4.1980658582E-01
HessDelSqRho_EigVec2 =  5.7900841588E-01  8.8764128833E-03  8.1527324477E-01
HessDelSqRho_EigVec3 = -5.7260045721E-01  7.1626583720E-01  3.9886334360E-01
</CP of DelSqRho>
<CP of DelSqRho>
CP# = 3       
Type = (3,+1)
Coords = -3.21583164130658E+00  3.32554828585881E+00  1.10873812173401E+00
DistFromNuc =  1.1587780796E+00
Rho =  4.0679796501E-01
DelSqRho = -9.2294973313E-01
GradDelSqRho =  7.3274719625E-15 -1.7000290065E-15  3.2196467714E-15
HessDelSqRho_EigVals = -2.9998492878E+01  1.4198974114E+01  1.4897368929E+01
HessDelSqRho_EigVec1 =  8.1473851833E-01 -4.2038824886E-01  3.9934304422E-01
HessDelSqRho_EigVec2 =  5.7066619285E-01  7.0332196821E-01 -4.2388477842E-01
HessDelSqRho_EigVec3 = -1.0267055614E-01  5.7324683100E-01  8.1292485978E-01
</CP of DelSqRho>
<CP of DelSqRho>
CP# = 4       
Type = (3,-1)
Coords = -2.36886784182136E+00  2.96502693952380E+00  1.64714897567507E+00
DistFromNuc =  1.6872620262E-01
Rho =  2.2351937058E+01
DelSqRho =  1.2524636457E+03
GradDelSqRho = -2.8990143619E-12 -1.9724666345E-11  1.2505552149E-12
HessDelSqRho_EigVals = -4.0812704268E+05 -1.5587217417E+03  1.3904085183E+03
HessDelSqRho_EigVec1 = -5.6969437151E-01  7.1702530637E-01  4.0165038665E-01
HessDelSqRho_EigVec2 = -5.8028511248E-01 -6.9701292806E-01  4.2123884716E-01
HessDelSqRho_EigVec3 = -5.8199442549E-01 -6.9056604883E-03 -8.1316345254E-01
</CP of DelSqRho>
<CP of DelSqRho>
CP# = 5       
Type = (3,+1)
Coords = -2.39375357826501E+00  2.76596752603062E+00  1.66650418112225E+00
DistFromNuc =  1.6833727388E-01
Rho =  2.2550997689E+01
DelSqRho =  1.2363940201E+03
GradDelSqRho =  2.0065726858E-11  8.9244167611E-12 -1.2789769244E-11
HessDelSqRho_EigVals = -4.1304882568E+05  2.0660168706E+03  3.0852925207E+03
HessDelSqRho_EigVec1 =  7.1731902679E-01  4.6763767668E-01 -5.1649628959E-01
HessDelSqRho_EigVec2 = -3.8253149888E-01  8.8390829034E-01  2.6902748305E-01
HessDelSqRho_EigVec3 = -5.8234273943E-01 -4.5975675001E-03 -8.1293037599E-01
</CP of DelSqRho>
<CP of DelSqRho>
CP# = 6       
Type = (3,+1)
Coords = -2.20944496045542E+00  2.99285448099675E+00  1.53266209424011E+00
DistFromNuc =  1.6830310658E-01
Rho =  2.2558191776E+01
DelSqRho =  1.2372213553E+03
GradDelSqRho = -8.9812601800E-12 -8.4128259914E-12 -3.6095570977E-12
HessDelSqRho_EigVals = -4.1385619194E+05  2.0303829169E+03  3.0557672201E+03
HessDelSqRho_EigVec1 =  3.7908798900E-01  8.8207787479E-01 -2.7969790739E-01
HessDelSqRho_EigVec2 =  7.1784957161E-01 -4.7105950488E-01 -5.1263528498E-01
HessDelSqRho_EigVec3 =  5.8393860049E-01  6.4471437248E-03  8.1177222495E-01
</CP of DelSqRho>
<CP of DelSqRho>
CP# = 7       
Type = (3,-3)
Coords = -2.13567071356412E+00  2.75694868375966E+00  1.61911281946451E+00
DistFromNuc =  1.6719234312E-01
Rho =  2.2664683522E+01
DelSqRho =  1.2920276654E+03
GradDelSqRho =  1.0885514712E-11  2.0804691303E-11 -7.5033312896E-12
HessDelSqRho_EigVals = -4.4550011004E+05 -3.2709554865E+03 -5.1219644124E+02
HessDelSqRho_EigVec1 =  8.1966269000E-01 -5.2239062122E-01  2.3507682462E-01
HessDelSqRho_EigVec2 =  5.7048979911E-01  7.0720727515E-01 -4.1761137329E-01
HessDelSqRho_EigVec3 =  5.1908224129E-02  4.7640939206E-01  8.7768993809E-01
</CP of DelSqRho>
<CP of DelSqRho>
CP# = 8       
Type = (3,-3)
Coords = -2.26378464180134E+00  2.75446990875202E+00  1.43849597331950E+00
DistFromNuc =  1.6719187999E-01
Rho =  2.2665812686E+01
DelSqRho =  1.2918264838E+03
GradDelSqRho = -2.0179413696E-12 -5.3148596635E-12  1.4210854715E-14
HessDelSqRho_EigVals = -4.4547988940E+05 -3.2551105100E+03 -4.7811203766E+02
HessDelSqRho_EigVec1 = -5.5944591585E-02  5.3716456376E-01  8.4162012459E-01
HessDelSqRho_EigVec2 =  5.7354932601E-01  7.0727076236E-01 -4.1329074432E-01
HessDelSqRho_EigVec3 =  8.1725844951E-01 -4.5958927332E-01  3.4765834744E-01
</CP of DelSqRho>
<CP of DelSqRho>
CP# = 9       
Type = (3,-1)
Coords = -1.73711640109807E+00  2.66425331434520E+00  2.01546909236699E+00
DistFromNuc =  7.1371775994E-01
Rho =  6.7846695299E-01
DelSqRho = -1.0862699952E+00
GradDelSqRho =  3.4336977706E-12 -2.6512125828E-13  2.2390977961E-12
HessDelSqRho_EigVals = -1.5007764852E+01 -1.1479295792E+01  1.4611845723E+02
HessDelSqRho_EigVec1 =  3.0999893444E-01 -6.5458330533E-01 -6.8950805436E-01
HessDelSqRho_EigVec2 =  5.7377093465E-01  7.0708320678E-01 -4.1330406873E-01
HessDelSqRho_EigVec3 =  7.5808150960E-01 -2.6749585990E-01  5.9477591557E-01
</CP of DelSqRho>
<CP of DelSqRho>
CP# = 10      
Type = (3,-1)
Coords = -2.68756636992744E+00  3.35608290596542E+00  1.86941904410512E+00
DistFromNuc =  7.1998688219E-01
Rho =  6.7938754438E-01
DelSqRho = -1.1448924328E+00
GradDelSqRho = -1.0658141036E-14 -7.1054273576E-15  0.0000000000E+00
HessDelSqRho_EigVals = -1.8687687475E+01 -4.8894948942E+00  1.3970678577E+02
HessDelSqRho_EigVec1 =  5.8095552990E-01  9.1723670312E-03  8.1388361574E-01
HessDelSqRho_EigVec2 = -5.7560162573E-01 -7.0235529792E-01  4.1878371977E-01
HessDelSqRho_EigVec3 = -5.7547670739E-01  7.1176745020E-01  4.0275756490E-01
</CP of DelSqRho>
<CP of DelSqRho>
CP# = 11      
Type = (3,+3)
Coords = -2.47054913490068E+00  2.25061833188958E+00  1.72657449417557E+00
DistFromNuc =  6.4263265539E-01
Rho =  9.3505047881E-01
DelSqRho = -4.1703505799E+00
GradDelSqRho = -2.3092638912E-14 -9.5923269328E-14  2.7533531011E-14
HessDelSqRho_EigVals =  9.6667537813E+00  2.0621341710E+01  3.1415188195E+02
HessDelSqRho_EigVec1 =  7.4549102086E-01 -4.0483119044E-01 -5.2948545312E-01
HessDelSqRho_EigVec2 =  5.8183075809E-01  7.7399014045E-03  8.1327305554E-01
HessDelSqRho_EigVec3 =  3.2514013403E-01  9.1435868300E-01 -2.4131326543E-01
</CP of DelSqRho>
<CP of DelSqRho>
CP# = 12      
Type = (3,-1)
Coords = -2.50986222257451E+00  2.65351417066085E+00  9.33775647869898E-01
DistFromNuc =  7.1367788122E-01
Rho =  6.7864970716E-01
DelSqRho = -1.0883656725E+00
GradDelSqRho =  1.1546319456E-14  2.1316282073E-14  4.6185277824E-14
HessDelSqRho_EigVals = -1.4963877261E+01 -1.1469095331E+01  1.4613655400E+02
HessDelSqRho_EigVec1 = -7.5983881155E-01  6.4720998699E-01  6.1353184107E-02
HessDelSqRho_EigVec2 =  5.6925261737E-01  7.0794476342E-01 -4.1804984100E-01
HessDelSqRho_EigVec3 =  3.1400069756E-01  2.8272503372E-01  9.0634988677E-01
</CP of DelSqRho>
<CP of DelSqRho>
CP# = 13      
Type = (3,+1)
Coords = -2.46982235696249E+00  3.34098482375384E+00  1.14382612623354E+00
DistFromNuc =  6.8954929170E-01
Rho =  7.8287815273E-01
DelSqRho = -2.5511608175E+00
GradDelSqRho = -1.3322676296E-15  5.3290705182E-15 -7.1054273576E-15
HessDelSqRho_EigVals = -1.2350542294E+01  1.2711777624E+01  1.8909753141E+02
HessDelSqRho_EigVec1 =  9.8037258013E-01  1.7009615651E-01 -9.9684009056E-02
HessDelSqRho_EigVec2 = -3.4288144086E-02  6.4501257538E-01  7.6340231908E-01
HessDelSqRho_EigVec3 = -1.9414923975E-01  7.4500072157E-01 -6.3818492427E-01
</CP of DelSqRho>
<CP of DelSqRho>
CP# = 14      
Type = (3,+3)
Coords = -1.79221589550295E+00  3.09191491016313E+00  1.23365066022474E+00
DistFromNuc =  6.4175408016E-01
Rho =  9.3852386903E-01
DelSqRho = -4.2058023021E+00
GradDelSqRho =  4.1353587221E-12  2.7053914664E-12 -2.9753977060E-12
HessDelSqRho_EigVals =  9.9751790333E+00  2.0770714956E+01  3.1817633824E+02
HessDelSqRho_EigVec1 = -3.3458970719E-01  9.1350760003E-01  2.3141649148E-01
HessDelSqRho_EigVec2 =  5.8163367083E-01  6.9727011514E-03  8.1342095768E-01
HessDelSqRho_EigVec3 =  7.4145262883E-01  4.0676190349E-01 -5.3365977278E-01
</CP of DelSqRho>
<CP of DelSqRho>
CP# = 15      
Type = (3,+1)
Coords = -1.92973554283000E+00  3.34916701305412E+00  1.89909151198514E+00
DistFromNuc =  6.8919935468E-01
Rho =  7.8390629110E-01
DelSqRho = -2.5594142143E+00
GradDelSqRho =  1.2434497876E-14 -3.5527136788E-15  1.2434497876E-14
HessDelSqRho_EigVals = -1.2354347461E+01  1.2781077449E+01  1.8970629507E+02
HessDelSqRho_EigVec1 =  4.1014510028E-01  1.6081297086E-01 -8.9773057491E-01
HessDelSqRho_EigVec2 =  7.3989549156E-01 -6.3418027811E-01  2.2443269911E-01
HessDelSqRho_EigVec3 =  5.3323133656E-01  7.5627677689E-01  3.7909072588E-01
</CP of DelSqRho>
<CP of DelSqRho>
CP# = 16      
Type = (3,+1)
Coords = -2.41503598615207E+00  2.75147470175762E+00  2.24712607205814E+00
DistFromNuc =  6.8899778098E-01
Rho =  7.8448491365E-01
DelSqRho = -2.5610251139E+00
GradDelSqRho =  2.2648549702E-14  1.0658141036E-14 -6.9277916737E-14
HessDelSqRho_EigVals = -1.2262937431E+01  1.2745688606E+01  1.8979609299E+02
HessDelSqRho_EigVec1 =  4.1536175326E-01  8.5717292228E-01  3.0451468804E-01
HessDelSqRho_EigVec2 =  8.7363468870E-01 -4.6916904430E-01  1.2900712605E-01
HessDelSqRho_EigVec3 = -2.5345028039E-01 -2.1244996864E-01  9.4373087594E-01
</CP of DelSqRho>
<CP of DelSqRho>
CP# = 17      
Type = (3,+1)
Coords = -2.94982589951027E+00  2.74435486046065E+00  1.49751976183067E+00
DistFromNuc =  6.8927541886E-01
Rho =  7.8372354713E-01
DelSqRho = -2.5555860775E+00
GradDelSqRho = -1.5987211555E-14  5.3290705182E-15 -2.6645352591E-15
HessDelSqRho_EigVals = -1.2239162451E+01  1.2702613360E+01  1.8930679183E+02
HessDelSqRho_EigVec1 = -1.6035173320E-01  8.4916112609E-01 -5.0320244792E-01
HessDelSqRho_EigVec2 = -1.6698010542E-01  4.7911475292E-01  8.6172309817E-01
HessDelSqRho_EigVec3 =  9.7283347293E-01  2.2220359013E-01  6.4966133319E-02
</CP of DelSqRho>
<CP of DelSqRho>
CP# = 18      
Type = (3,+1)
Coords = -1.88566159555544E+00  2.36727805254084E+00  1.30764058786628E+00
DistFromNuc =  6.7155311724E-01
Rho =  8.3811286663E-01
DelSqRho = -3.2804279765E+00
GradDelSqRho =  4.6185277824E-14 -4.0856207306E-14 -1.9539925233E-14
HessDelSqRho_EigVals = -6.3732750483E+00  1.7426768218E+01  2.3194370374E+02
HessDelSqRho_EigVec1 = -5.7410024360E-01 -7.0455988307E-01  4.1713820428E-01
HessDelSqRho_EigVec2 =  5.8135303331E-01  7.9961810004E-03  8.1361213840E-01
HessDelSqRho_EigVec3 = -5.7657398567E-01  7.0959948722E-01  4.0500741571E-01
</CP of DelSqRho>
<CP of DelSqRho>
CP# = 19      
Type = (3,+3)
Coords = -2.85985605874188E+00  3.13750427789417E+00  1.27798294504395E+00
DistFromNuc =  7.2226114412E-01
Rho =  7.5389272733E-01
DelSqRho = -3.0640652727E+00
GradDelSqRho = -3.1441516057E-13  2.7888802379E-13 -2.3536728122E-13
HessDelSqRho_EigVals =  1.1266695057E+01  2.2314801254E+01  1.4105286814E+02
HessDelSqRho_EigVec1 =  5.6820778173E-01  7.0767655083E-01 -4.1992120236E-01
HessDelSqRho_EigVec2 = -1.3106477559E-01  5.8161962934E-01  8.0283287885E-01
HessDelSqRho_EigVec3 =  8.1238041666E-01 -4.0113901104E-01  4.2323226773E-01
</CP of DelSqRho>
<CP of DelSqRho>
CP# = 20      
Type = (3,+3)
Coords = -2.18115286928599E+00  3.14770078129135E+00  2.22795203178078E+00
DistFromNuc =  7.2196785016E-01
Rho =  7.5487063080E-01
DelSqRho = -3.0743595340E+00
GradDelSqRho = -3.1086244690E-15  1.4210854715E-14  1.4210854715E-14
HessDelSqRho_EigVals =  1.1305187331E+01  2.2411089220E+01  1.4139928205E+02
HessDelSqRho_EigVec1 =  5.7473813492E-01  7.0725456687E-01 -4.1166376317E-01
HessDelSqRho_EigVec2 =  8.0750727200E-01 -5.7171886506E-01  1.4515352217E-01
HessDelSqRho_EigVec3 =  1.3269544802E-01  4.1584674699E-01  8.9970184011E-01
</CP of DelSqRho>
<CP of DelSqRho>
CP# = 21      
Type = (3,-3)
Coords = -2.63245108197463E+00  3.92320975281158E+00  1.82468850425893E+00
DistFromNuc =  1.1636743797E+00
Rho =  2.4723910845E-01
DelSqRho =  8.5346455668E-01
GradDelSqRho = -1.1102230246E-15  2.7755575616E-15  1.1796119637E-15
HessDelSqRho_EigVals = -1.7546291082E+01 -2.6848957768E+00 -1.8724330433E-01
HessDelSqRho_EigVec1 = -3.0644600140E-01  9.2873151993E-01  2.0868304224E-01
HessDelSqRho_EigVec2 =  5.8116650719E-01  8.9189296124E-03  8.1373579473E-01
HessDelSqRho_EigVec3 =  7.5388085209E-01  3.7064567525E-01 -5.4248082387E-01
</CP of DelSqRho>
<CP of DelSqRho>
CP# = 22      
Type = (3,-1)
Coords = -2.22596094510619E+00  3.54946662271508E+00  6.24267730817046E-01
DistFromNuc =  1.1882794704E+00
Rho =  2.4259168071E-01
DelSqRho =  7.1927819084E-01
GradDelSqRho = -6.1287780406E-13 -3.3459519877E-12  5.9161148203E-12
HessDelSqRho_EigVals = -1.7078289097E+01 -1.2536195944E+00  2.8950926391E-01
HessDelSqRho_EigVec1 = -5.9642616580E-02 -5.8107774953E-01  8.1165966223E-01
HessDelSqRho_EigVec2 =  9.8275428927E-01 -1.7675579807E-01 -5.4326740806E-02
HessDelSqRho_EigVec3 =  1.7503361165E-01  7.9442182551E-01  5.8159882904E-01
</CP of DelSqRho>
<CP of DelSqRho>
CP# = 23      
Type = (3,+1)
Coords = -1.58571364155163E+00  1.94479952283726E+00  1.09985221489458E+00
DistFromNuc =  1.2290667485E+00
Rho =  2.4339255149E-01
DelSqRho =  4.4083956400E-01
GradDelSqRho =  5.9013904874E-13 -1.4888368316E-12 -4.0309422467E-13
HessDelSqRho_EigVals = -1.1792906421E+01  1.6157255201E-01  8.0417041526E-01
HessDelSqRho_EigVec1 = -5.5938858653E-01  7.3125850925E-01  3.9031449104E-01
HessDelSqRho_EigVec2 =  5.9210365590E-01  6.8204109734E-01 -4.2922395345E-01
HessDelSqRho_EigVec3 = -5.8008419211E-01 -8.9963435347E-03 -8.1450684212E-01
</CP of DelSqRho>
<CP of DelSqRho>
CP# = 24      
Type = (3,-3)
Coords = -1.41562801423457E+00  2.55736466686703E+00  2.28112475354644E+00
DistFromNuc =  1.1442355248E+00
Rho =  2.4579822429E-01
DelSqRho =  8.2382811512E-01
GradDelSqRho = -3.2890357105E-15  5.4123372450E-16 -1.0547118734E-15
HessDelSqRho_EigVals = -1.7498847582E+01 -1.7768333481E+00 -4.6907445785E-01
HessDelSqRho_EigVec1 =  7.6271315589E-01 -2.7859950922E-01  5.8365311213E-01
HessDelSqRho_EigVec2 = -2.9573937675E-01  6.5233367351E-01  6.9785313602E-01
HessDelSqRho_EigVec3 =  5.7515811989E-01  7.0487097534E-01 -4.1515062959E-01
</CP of DelSqRho>
<CP of DelSqRho>
CP# = 25      
Type = (3,-3)
Coords = -3.15237974570424E+00  3.28386496114958E+00  2.20268689430985E+00
DistFromNuc =  1.1643584715E+00
Rho =  2.4746281590E-01
DelSqRho =  8.5156387268E-01
GradDelSqRho =  1.0762502001E-12 -2.9119762157E-13 -7.6688655426E-13
HessDelSqRho_EigVals = -1.7484523499E+01 -2.7455755190E+00 -1.6849995460E-01
HessDelSqRho_EigVec1 =  7.5651957786E-01 -3.7473600063E-01 -5.3595807500E-01
HessDelSqRho_EigVec2 =  5.8083936190E-01  8.4329540086E-03  8.1397452107E-01
HessDelSqRho_EigVec3 =  3.0050584684E-01  9.2709320735E-01 -2.2404111429E-01
</CP of DelSqRho>
<CP of DelSqRho>
CP# = 26      
Type = (3,+1)
Coords = -2.13829623960205E+00  3.34130604150643E+00  2.61753256552522E+00
DistFromNuc =  1.1589215881E+00
Rho =  4.0695874154E-01
DelSqRho = -9.2478705054E-01
GradDelSqRho =  1.3921086506E-12  2.9154040293E-12  5.5812576782E-12
HessDelSqRho_EigVals = -3.0044030005E+01  1.4219701284E+01  1.4922776613E+01
HessDelSqRho_EigVec1 =  1.0956880466E-01  4.3354270352E-01  8.9444698069E-01
HessDelSqRho_EigVec2 =  5.7903984317E-01  7.0356711603E-01 -4.1195409120E-01
HessDelSqRho_EigVec3 =  8.0790317307E-01 -5.6305775678E-01  1.7394949115E-01
</CP of DelSqRho>
<CP of DelSqRho>
CP# = 27      
Type = (3,-1)
Coords = -3.28248490784072E+00  2.24333834244546E+00  1.40111797133659E+00
DistFromNuc =  1.1883810605E+00
Rho =  2.4270432483E-01
DelSqRho =  7.1948105941E-01
GradDelSqRho =  1.6523171720E-12  1.1342177197E-12  3.0415947538E-13
HessDelSqRho_EigVals = -1.7085280951E+01 -1.2724649011E+00  2.8957137081E-01
HessDelSqRho_EigVec1 =  8.3622004086E-01  5.2680009269E-01  1.5237357251E-01
HessDelSqRho_EigVec2 = -4.5955148128E-01  8.2477391939E-01 -3.2948508000E-01
HessDelSqRho_EigVec3 = -2.9924651930E-01  2.0549852611E-01  9.3178424351E-01
</CP of DelSqRho>
<CP of DelSqRho>
CP# = 28      
Type = (3,-3)
Coords = -2.65474271592864E+00  2.53776318192120E+00  5.45187964049958E-01
DistFromNuc =  1.1442427140E+00
Rho =  2.4585450307E-01
DelSqRho =  8.2300299941E-01
GradDelSqRho =  2.7756824617E-12  3.8492841727E-12  6.9089178822E-12
HessDelSqRho_EigVals = -1.7501091379E+01 -1.7608834638E+00 -4.7188600932E-01
HessDelSqRho_EigVec1 =  3.0159266230E-01  2.9488453953E-01  9.0668901746E-01
HessDelSqRho_EigVec2 = -7.6244362172E-01  6.4558077138E-01  4.3648497411E-02
HessDelSqRho_EigVec3 =  5.7246972824E-01  7.0446332479E-01 -4.1953525988E-01
</CP of DelSqRho>
<CP of DelSqRho>
CP# = 29      
Type = (3,-1)
Coords = -1.36250522320613E+00  3.56403792308263E+00  1.83409930029163E+00
DistFromNuc =  1.1881746977E+00
Rho =  2.4262259002E-01
DelSqRho =  7.2067127085E-01
GradDelSqRho =  2.3869795029E-15  1.3704315460E-15 -6.2450045135E-17
HessDelSqRho_EigVals = -1.7113858829E+01 -1.2597121432E+00  2.8632918640E-01
HessDelSqRho_EigVec1 =  7.8028058877E-01  5.9336489599E-01  1.9768738705E-01
HessDelSqRho_EigVec2 = -3.7160664624E-01  1.8560508430E-01  9.0964787317E-01
HessDelSqRho_EigVec3 =  5.0306133151E-01 -7.8324252495E-01  3.6532238345E-01
</CP of DelSqRho>
<CP of DelSqRho>
CP# = 30      
Type = (3,-1)
Coords = -2.42750999068130E+00  2.25648149462394E+00  2.60057652645550E+00
DistFromNuc =  1.1883035359E+00
Rho =  2.4270381959E-01
DelSqRho =  7.2054526298E-01
GradDelSqRho = -1.0338951917E-15 -2.9282132274E-15  3.8094527532E-15
HessDelSqRho_EigVals = -1.7106297999E+01 -1.2798359412E+00  2.8725553656E-01
HessDelSqRho_EigVec1 = -1.2351361597E-01 -5.1611196654E-01  8.4756877282E-01
HessDelSqRho_EigVec2 =  1.5420103046E-01  8.3375186919E-01  5.3016965476E-01
HessDelSqRho_EigVec3 =  9.8028895173E-01 -1.9617914929E-01  2.3394711113E-02
</CP of DelSqRho>
<CP of DelSqRho>
CP# = 31      
Type = (3,-1)
Coords = -2.96234893193043E+00  3.64972766414742E+00  2.06322652252199E+00
DistFromNuc =  1.1656694824E+00
Rho =  2.5016545054E-01
DelSqRho =  8.4664795557E-01
GradDelSqRho =  1.2090328738E-13 -1.6109336087E-13 -8.4710016779E-14
HessDelSqRho_EigVals = -1.6618753994E+01 -3.9837230734E+00  1.1701122386E-01
HessDelSqRho_EigVec1 = -5.9154649742E-01  6.9141605124E-01  4.1474882216E-01
HessDelSqRho_EigVec2 =  5.8091178552E-01  8.7708050876E-03  8.1391926530E-01
HessDelSqRho_EigVec3 = -5.5911916336E-01 -7.2240356939E-01  4.0684007189E-01
</CP of DelSqRho>
<CP of DelSqRho>
CP# = 32      
Type = (3,-1)
Coords = -1.40539270769412E+00  3.12411382353845E+00  3.37810449744734E+00
DistFromNuc =  2.0164667443E+00
Rho =  7.2363118860E-02
DelSqRho =  1.8569308565E-01
GradDelSqRho = -5.5511151231E-17 -2.1857515797E-16  5.5511151231E-17
HessDelSqRho_EigVals = -2.0600611451E+00 -1.2360330903E-02  4.9626695227E-01
HessDelSqRho_EigVec1 =  7.0745301539E-01 -2.5210837723E-01  6.6026630774E-01
HessDelSqRho_EigVec2 = -6.1524762282E-01 -6.7944146062E-01  3.9978702354E-01
HessDelSqRho_EigVec3 = -3.4782264679E-01  6.8905781159E-01  6.3578198989E-01
</CP of DelSqRho>
<CP of DelSqRho>
CP# = 33      
Type = (3,-1)
Coords = -3.70065441544969E+00  3.08696403277494E+00  1.74105484956277E-01
DistFromNuc =  2.0181045688E+00
Rho =  7.2302118199E-02
DelSqRho =  1.8478046821E-01
GradDelSqRho =  9.1108579015E-12  1.6200235597E-13  1.3599815718E-12
HessDelSqRho_EigVals = -2.0451252396E+00 -1.1049438107E-02  4.9518972016E-01
HessDelSqRho_EigVec1 =  3.9842935630E-01  2.7025377483E-01  8.7647986014E-01
HessDelSqRho_EigVec2 =  5.7093823765E-01  6.7481260930E-01 -4.6760824535E-01
HessDelSqRho_EigVec3 = -7.1783255487E-01  6.8672471887E-01  1.1456693963E-01
</CP of DelSqRho>
<CP of DelSqRho>
CP# = 34      
Type = (3,+1)
Coords = -2.38660080925367E+00  2.89794999204956E+00  3.57984204530941E+00
DistFromNuc =  2.0044319902E+00
Rho =  7.1568939439E-02
DelSqRho =  1.8233758405E-01
GradDelSqRho = -8.6736173799E-17 -5.2735593670E-16  1.3877787808E-17
HessDelSqRho_EigVals = -1.7185954534E+00  1.6972784456E-02  5.8092461984E-01
HessDelSqRho_EigVec1 = -2.2411806581E-01 -4.0637666006E-01  8.8579292317E-01
HessDelSqRho_EigVec2 =  9.3134211776E-01 -3.5698276384E-01  7.1869089390E-02
HessDelSqRho_EigVec3 =  2.8700688539E-01  8.4108341826E-01  4.5848198575E-01
</CP of DelSqRho>
<CP of DelSqRho>
CP# = 35      
Type = (3,+1)
Coords = -4.19393471650969E+00  2.85911827400525E+00  1.00423521592577E+00
DistFromNuc =  2.0055019631E+00
Rho =  7.1579987382E-02
DelSqRho =  1.8195465845E-01
GradDelSqRho = -7.9353190685E-13 -5.8300239636E-13  1.1269631062E-13
HessDelSqRho_EigVals = -1.7180491149E+00  1.6088914978E-02  5.7833635784E-01
HessDelSqRho_EigVec1 =  8.9824810814E-01  4.2783623735E-01  1.0053104114E-01
HessDelSqRho_EigVec2 = -2.5789094525E-01  3.2789188200E-01  9.0883396398E-01
HessDelSqRho_EigVec3 = -3.5586879125E-01  8.4228443398E-01 -4.0486335434E-01
</CP of DelSqRho>
<CP of DelSqRho>
CP# = 36      
Type = (3,+1)
Coords = -3.23668205092842E+00  4.02019947599138E+00  2.70532164025791E-01
DistFromNuc =  2.0063813261E+00
Rho =  7.1540559728E-02
DelSqRho =  1.8161003872E-01
GradDelSqRho = -3.4694469520E-18 -1.3669620991E-15  1.0616507673E-15
HessDelSqRho_EigVals = -1.7198951481E+00  1.6182958505E-02  5.7742141796E-01
HessDelSqRho_EigVec1 =  2.1380976354E-02 -6.3453077592E-01  7.7260180446E-01
HessDelSqRho_EigVec2 =  1.1163310188E-01  7.6946119247E-01  6.2886208650E-01
HessDelSqRho_EigVec3 =  9.9351945347E-01 -7.2802250548E-02 -8.7286470316E-02
</CP of DelSqRho>
<CP of DelSqRho>
CP# = 37      
Type = (3,+1)
Coords = -1.38053925815301E+00  4.07449072301835E+00  2.88706573262596E+00
DistFromNuc =  2.0049983864E+00
Rho =  7.1541361604E-02
DelSqRho =  1.8202494337E-01
GradDelSqRho = -3.7261860264E-15 -4.3159920082E-15 -3.0843383403E-15
HessDelSqRho_EigVals = -1.7189246704E+00  1.7085658697E-02  5.8080854897E-01
HessDelSqRho_EigVec1 =  6.9775869714E-01  6.7078481181E-01  2.5135738862E-01
HessDelSqRho_EigVec2 =  6.0200615112E-01 -7.3928355926E-01  3.0174229571E-01
HessDelSqRho_EigVec3 = -3.8822853395E-01  5.9224617048E-02  9.1965811591E-01
</CP of DelSqRho>
<Path of -GradDelSqRho>
Starting CP# =      3
Ending CP# =     19
Number of Points =     18
 -3.2158316413E+00  3.3255482859E+00  1.1087381217E+00  4.0679796501E-01 -9.2294973313E-01
 -3.1954641920E+00  3.3150433000E+00  1.1187287301E+00  4.1841577452E-01 -9.3240205200E-01
 -3.1750987880E+00  3.3045477211E+00  1.1287333852E+00  4.3108392237E-01 -9.6111461888E-01
 -3.1547353094E+00  3.2940608015E+00  1.1387510315E+00  4.4481891192E-01 -1.0096841484E+00
 -3.1343735870E+00  3.2835815454E+00  1.1487802605E+00  4.5963119397E-01 -1.0787086803E+00
 -3.1140134062E+00  3.2731087242E+00  1.1588193366E+00  4.7552434014E-01 -1.1686568906E+00
 -3.0936545107E+00  3.2626408817E+00  1.1688662087E+00  4.9249423094E-01 -1.2797073613E+00
 -3.0732966019E+00  3.2521763186E+00  1.1789184953E+00  5.1052835950E-01 -1.4115620043E+00
 -3.0529393361E+00  3.2417130467E+00  1.1889734280E+00  5.2960537185E-01 -1.5632401911E+00
 -3.0325823136E+00  3.2312486992E+00  1.1990277338E+00  5.4969498227E-01 -1.7328626157E+00
 -3.0122250608E+00  3.2207803690E+00  1.2090774261E+00  5.7075841588E-01 -1.9174359161E+00
 -2.9918669968E+00  3.2103043286E+00  1.2191174354E+00  5.9274953943E-01 -2.1126497008E+00
 -2.9715073760E+00  3.1998155204E+00  1.2291409420E+00  6.1561684304E-01 -2.3126952638E+00
 -2.9511451782E+00  3.1893065577E+00  1.2391380648E+00  6.3930642981E-01 -2.5101069562E+00
 -2.9307788793E+00  3.1787655114E+00  1.2490929547E+00  6.6376614671E-01 -2.6956074591E+00
 -2.9104058820E+00  3.1681700368E+00  1.2589760570E+00  6.8895088971E-01 -2.8578977677E+00
 -2.8900207315E+00  3.1574664416E+00  1.2687163281E+00  7.1482838583E-01 -2.9832580720E+00
 -2.8598560587E+00  3.1375042779E+00  1.2779829450E+00  7.5389272733E-01 -3.0640652727E+00
</Path of -GradDelSqRho>
<Path of -GradDelSqRho>
Starting CP# =      3
Ending CP# =      0
Number of Points =     30
 -3.2158316413E+00  3.3255482859E+00  1.1087381217E+00  4.0679796501E-01 -9.2294973313E-01
 -3.2362011306E+00  3.3360628223E+00  1.0987617295E+00  3.9620869764E-01 -9.3226051760E-01
 -3.2565727430E+00  3.3465874470E+00  1.0888003213E+00  3.8662152541E-01 -9.6000100788E-01
 -3.2769464363E+00  3.3571220915E+00  1.0788537711E+00  3.7800582111E-01 -1.0060293052E+00
 -3.2973221167E+00  3.3676664208E+00  1.0689215636E+00  3.7032707738E-01 -1.0703811000E+00
 -3.3176996462E+00  3.3782198629E+00  1.0590028374E+00  3.6354703827E-01 -1.1532033037E+00
 -3.3380788527E+00  3.3887816544E+00  1.0490964512E+00  3.5762370808E-01 -1.2546163388E+00
 -3.3584595415E+00  3.3993508958E+00  1.0392010660E+00  3.5251132999E-01 -1.3744779504E+00
 -3.3788415080E+00  3.4099266112E+00  1.0293152340E+00  3.4816049931E-01 -1.5120198945E+00
 -3.3992245501E+00  3.4205078078E+00  1.0194374880E+00  3.4451867681E-01 -1.6653482110E+00
 -3.4196084789E+00  3.4310935296E+00  1.0095664223E+00  3.4153149270E-01 -1.8308597167E+00
 -3.4399931288E+00  3.4416829023E+00  9.9970076327E-01  3.3914535098E-01 -2.0027550100E+00
 -3.4603783676E+00  3.4522751754E+00  9.8983943530E-01  3.3731188663E-01 -2.1730283962E+00
 -3.4807641081E+00  3.4628697768E+00  9.7998164617E-01  3.3599467521E-01 -2.3325476732E+00
 -3.5011503278E+00  3.4734664317E+00  9.7012705599E-01  3.3517809237E-01 -2.4739840236E+00
 -3.5215370793E+00  3.4840654028E+00  9.6027605750E-01  3.3487724499E-01 -2.5972178505E+00
 -3.5419243753E+00  3.4946674583E+00  9.5042950577E-01  3.3514646052E-01 -2.7172219343E+00
 -3.5623119208E+00  3.5052724415E+00  9.4058662421E-01  3.3608220256E-01 -2.8732333370E+00
 -3.5826993171E+00  3.5158786516E+00  9.3074475550E-01  3.3781508331E-01 -3.1364819062E+00
 -3.6030864391E+00  3.5264847828E+00  9.2090223348E-01  3.4048568398E-01 -3.6123692354E+00
 -3.6234733188E+00  3.5370904076E+00  9.1105866424E-01  3.4420099258E-01 -4.4324343831E+00
 -3.6438600043E+00  3.5476954532E+00  9.0121406862E-01  3.4897287409E-01 -5.7322304159E+00
 -3.6642465281E+00  3.5582999296E+00  8.9136852502E-01  3.5464687396E-01 -7.6138069777E+00
 -3.6846329086E+00  3.5689038518E+00  8.8152208789E-01  3.6083772891E-01 -1.0096448464E+01
 -3.7050191538E+00  3.5795072183E+00  8.7167477219E-01  3.6689487252E-01 -1.3067042145E+01
 -3.7254052618E+00  3.5901099976E+00  8.6182654044E-01  3.7192311829E-01 -1.6250287133E+01
 -3.7457912176E+00  3.6007121008E+00  8.5197726570E-01  3.7487597508E-01 -1.9223171396E+01
 -3.7661769776E+00  3.6113132989E+00  8.4212661143E-01  3.7471918037E-01 -2.1489509468E+01
 -3.7865623842E+00  3.6219127888E+00  8.3227338807E-01  3.7063375419E-01 -2.2605480162E+01
 -3.7926778058E+00  3.6250916271E+00  8.2931591646E-01  3.6856679520E-01 -2.2670901162E+01
</Path of -GradDelSqRho>
<Path of -GradDelSqRho>
Starting CP# =      5
Ending CP# =      1
Number of Points =      7
 -2.3937535783E+00  2.7659675260E+00  1.6665041811E+00  2.2550997689E+01  1.2363940201E+03
 -2.3758093957E+00  2.7776327788E+00  1.6535841231E+00  3.2793859294E+01  9.8352986022E+02
 -2.3578478067E+00  2.7892580182E+00  1.6406521840E+00  4.8058719614E+01 -8.0230476031E+02
 -2.3398785728E+00  2.8008656284E+00  1.6277150278E+00  7.0734704617E+01 -6.4113472288E+03
 -2.3219037761E+00  2.8124603860E+00  1.6147740761E+00  1.0439527355E+02 -2.0719931208E+04
 -2.3039198115E+00  2.8240339278E+00  1.6018268708E+00  1.5489369149E+02 -7.5606239474E+04
 -2.2727300090E+00  2.8440626520E+00  1.5793729353E+00  2.9725996000E+02 -3.3288976634E+06
</Path of -GradDelSqRho>
<Path of -GradDelSqRho>
Starting CP# =      5
Ending CP# =     11
Number of Points =     36
 -2.3937535783E+00  2.7659675260E+00  1.6665041811E+00  2.2550997689E+01  1.2363940201E+03
 -2.4116770997E+00  2.7542549848E+00  1.6794101326E+00  1.5630586802E+01  1.1541255348E+03
 -2.4295912078E+00  2.7425209718E+00  1.6923096546E+00  1.0939262173E+01  9.8381008981E+02
 -2.4475028981E+00  2.7307814536E+00  1.7052075248E+00  7.7687254980E+00  7.7515331500E+02
 -2.4654090486E+00  2.7190293360E+00  1.7181016114E+00  5.6341531467E+00  5.7398473790E+02
 -2.4833042119E+00  2.7072522818E+00  1.7309881942E+00  4.1979865658E+00  4.0926191553E+02
 -2.5011823988E+00  2.6954368293E+00  1.7438631815E+00  3.2291760027E+00  2.8620259847E+02
 -2.5190375170E+00  2.6835694514E+00  1.7567224089E+00  2.5725827540E+00  1.9766264862E+02
 -2.5368638124E+00  2.6716375987E+00  1.7695619396E+00  2.1246845508E+00  1.3442418813E+02
 -2.5546555645E+00  2.6596290552E+00  1.7823778551E+00  1.8160640325E+00  8.9271714224E+01
 -2.5724056667E+00  2.6475288710E+00  1.7951652828E+00  1.5998554951E+00  5.7297224001E+01
 -2.5901035170E+00  2.6353149730E+00  1.8079169493E+00  1.4443958916E+00  3.5109305639E+01
 -2.6077323872E+00  2.6229530388E+00  1.8206213703E+00  1.3284677437E+00  2.0165251339E+01
 -2.6252655384E+00  2.6103894762E+00  1.8332601698E+00  1.2380719833E+00  1.0450298190E+01
 -2.6426592713E+00  2.5975397529E+00  1.8458032713E+00  1.1641515613E+00  4.3716981897E+00
 -2.6598388440E+00  2.5842666971E+00  1.8581991279E+00  1.1009723875E+00  7.1959749285E-01
 -2.6766660004E+00  2.5703358256E+00  1.8703521256E+00  1.0450045922E+00 -1.3769805684E+00
 -2.6928483857E+00  2.5553090413E+00  1.8820593225E+00  9.9423127278E-01 -2.5119363142E+00
 -2.7076004698E+00  2.5382406590E+00  1.8927725106E+00  9.4804478704E-01 -3.0719018060E+00
 -2.7177907221E+00  2.5169478025E+00  1.9002867839E+00  9.0983944115E-01 -3.3074735379E+00
 -2.7148717817E+00  2.4927531738E+00  1.8984952861E+00  8.9556041187E-01 -3.4131523818E+00
 -2.7036816492E+00  2.4718191488E+00  1.8907683491E+00  8.9859300137E-01 -3.5011200941E+00
 -2.6907889933E+00  2.4523689888E+00  1.8818060977E+00  9.0433974104E-01 -3.5850031962E+00
 -2.6772499103E+00  2.4335915625E+00  1.8723701243E+00  9.1003100719E-01 -3.6646995482E+00
 -2.6632098233E+00  2.4153795600E+00  1.8625648708E+00  9.1527071514E-01 -3.7397408655E+00
 -2.6486989413E+00  2.3977362483E+00  1.8524114107E+00  9.1998893396E-01 -3.8096831700E+00
 -2.6337341879E+00  2.3806787877E+00  1.8419212206E+00  9.2415914674E-01 -3.8741270419E+00
 -2.6183312504E+00  2.3642257648E+00  1.8311049232E+00  9.2776368054E-01 -3.9327245971E+00
 -2.6025058389E+00  2.3483958589E+00  1.8199732160E+00  9.3079023895E-01 -3.9851846537E+00
 -2.5862738415E+00  2.3332077212E+00  1.8085370077E+00  9.3323166430E-01 -4.0312767718E+00
 -2.5696513794E+00  2.3186799553E+00  1.7968074950E+00  9.3508591532E-01 -4.0708341528E+00
 -2.5526548421E+00  2.3048311007E+00  1.7847962448E+00  9.3635600106E-01 -4.1037553571E+00
 -2.5353009004E+00  2.2916796147E+00  1.7725152948E+00  9.3704985704E-01 -4.1300048334E+00
 -2.5176064876E+00  2.2792438511E+00  1.7599772931E+00  9.3718016647E-01 -4.1496122836E+00
 -2.4995887117E+00  2.2675420381E+00  1.7471957227E+00  9.3676413043E-01 -4.1626709240E+00
 -2.4705491349E+00  2.2506183319E+00  1.7265744942E+00  9.3505047881E-01 -4.1703505799E+00
</Path of -GradDelSqRho>
<Path of -GradDelSqRho>
Starting CP# =      6
Ending CP# =     14
Number of Points =     36
 -2.2094449605E+00  2.9928544810E+00  1.5326620942E+00  2.2558191776E+01  1.2372213553E+03
 -2.1999498861E+00  3.0148947434E+00  1.5256570803E+00  1.5634977998E+01  1.1548363306E+03
 -2.1904370020E+00  3.0369233436E+00  1.5186395450E+00  1.0942003026E+01  9.8438668630E+02
 -2.1809195460E+00  3.0589489445E+00  1.5116187949E+00  7.7705314113E+00  7.7560631887E+02
 -2.1713916738E+00  3.0809677052E+00  1.5045907233E+00  5.6354797966E+00  5.7431101315E+02
 -2.1618431859E+00  3.1029729000E+00  1.4975481619E+00  4.1991166634E+00  4.0947340273E+02
 -2.1522629464E+00  3.1249571286E+00  1.4904832856E+00  3.2302737247E+00  2.8632341960E+02
 -2.1426397586E+00  3.1469128578E+00  1.4833882284E+00  2.5737339242E+00  1.9771769731E+02
 -2.1329632280E+00  3.1688329648E+00  1.4762556893E+00  2.1259254841E+00  1.3443365026E+02
 -2.1232232284E+00  3.1907103598E+00  1.4690785571E+00  1.8174009491E+00  8.9250688509E+01
 -2.1134073637E+00  3.2125362282E+00  1.4618481263E+00  1.6012772160E+00  5.7256942770E+01
 -2.1034973286E+00  3.2342974141E+00  1.4545515417E+00  1.4458822080E+00  3.5058184215E+01
 -2.0934646514E+00  3.2559731460E+00  1.4471688095E+00  1.3299950319E+00  2.0109474014E+01
 -2.0832648503E+00  3.2775301856E+00  1.4396686992E+00  1.2396169893E+00  1.0394166559E+01
 -2.0728277001E+00  3.2989141207E+00  1.4320019203E+00  1.1656939777E+00  4.3179465367E+00
 -2.0620390900E+00  3.3200316555E+00  1.4240884204E+00  1.1024968774E+00  6.6973437853E-01
 -2.0507035634E+00  3.3407095754E+00  1.4157912012E+00  1.0465034528E+00 -1.4223373400E+00
 -2.0384548811E+00  3.3605795381E+00  1.4068539864E+00  9.9571156628E-01 -2.5527921119E+00
 -2.0245000620E+00  3.3786431698E+00  1.3967239772E+00  9.4956068778E-01 -3.1087843865E+00
 -2.0070340001E+00  3.3908951912E+00  1.3841616270E+00  9.1170596791E-01 -3.3419392040E+00
 -1.9873463064E+00  3.3869388588E+00  1.3701972994E+00  8.9816325663E-01 -3.4482544938E+00
 -1.9703139337E+00  3.3731607178E+00  1.3582247951E+00  9.0142296784E-01 -3.5375800691E+00
 -1.9544661291E+00  3.3573441820E+00  1.3471099826E+00  9.0727927445E-01 -3.6226851932E+00
 -1.9391665680E+00  3.3407353830E+00  1.3363858234E+00  9.1306005963E-01 -3.7034334022E+00
 -1.9243308716E+00  3.3235082772E+00  1.3259900018E+00  9.1837758275E-01 -3.7793442453E+00
 -1.9099620982E+00  3.3056993114E+00  1.3159240169E+00  9.2316209436E-01 -3.8499639406E+00
 -1.8960743638E+00  3.2873289409E+00  1.3061974922E+00  9.2738673625E-01 -3.9148855448E+00
 -1.8826828864E+00  3.2684161528E+00  1.2968209488E+00  9.3103356401E-01 -3.9737560843E+00
 -1.8698028995E+00  3.2489800027E+00  1.2878050442E+00  9.3409011789E-01 -4.0262818338E+00
 -1.8574495337E+00  3.2290398203E+00  1.2791605284E+00  9.3654918626E-01 -4.0722324160E+00
 -1.8456377692E+00  3.2086152988E+00  1.2708982721E+00  9.3840878117E-01 -4.1114437080E+00
 -1.8343823768E+00  3.1877265713E+00  1.2630293183E+00  9.3967206928E-01 -4.1438195143E+00
 -1.8236978316E+00  3.1663942807E+00  1.2555649685E+00  9.4034724424E-01 -4.1693319993E+00
 -1.8135981758E+00  3.1446396450E+00  1.2485169359E+00  9.4044734339E-01 -4.1880209068E+00
 -1.8040967712E+00  3.1224845188E+00  1.2418976496E+00  9.3999001245E-01 -4.1999916316E+00
 -1.7922158955E+00  3.0919149102E+00  1.2336506602E+00  9.3852386903E-01 -4.2058023021E+00
</Path of -GradDelSqRho>
<Path of -GradDelSqRho>
Starting CP# =      6
Ending CP# =      1
Number of Points =      7
 -2.2094449605E+00  2.9928544810E+00  1.5326620942E+00  2.2558191776E+01  1.2372213553E+03
 -2.2189009379E+00  2.9707887090E+00  1.5396396226E+00  3.2805769249E+01  9.8382525186E+02
 -2.2283238812E+00  2.9487014797E+00  1.5465939277E+00  4.8078313742E+01 -8.0505352253E+02
 -2.2377322759E+00  2.9266048310E+00  1.5535380053E+00  7.0766120559E+01 -6.4201180124E+03
 -2.2471300365E+00  2.9045013110E+00  1.5604746076E+00  1.0444560906E+02 -2.0752686735E+04
 -2.2565102674E+00  2.8823864837E+00  1.5673988881E+00  1.5497213715E+02 -7.5716428386E+04
 -2.2727300090E+00  2.8440626520E+00  1.5793729353E+00  2.9725996000E+02 -3.3288976634E+06
</Path of -GradDelSqRho>
<Path of -GradDelSqRho>
Starting CP# =     13
Ending CP# =     14
Number of Points =     32
 -2.4698223570E+00  3.3409848238E+00  1.1438261262E+00  7.8287815273E-01 -2.5511608175E+00
 -2.4477065750E+00  3.3445163640E+00  1.1417979822E+00  7.8670133639E-01 -2.5543169572E+00
 -2.4229792867E+00  3.3477448175E+00  1.1400463607E+00  7.9132318357E-01 -2.5653606637E+00
 -2.3981346972E+00  3.3502316731E+00  1.1388250725E+00  7.9633631874E-01 -2.5844491050E+00
 -2.3732062209E+00  3.3519701905E+00  1.1381336742E+00  8.0173513948E-01 -2.6115731176E+00
 -2.3482275579E+00  3.3529545407E+00  1.1379702158E+00  8.0750808377E-01 -2.6466016606E+00
 -2.3232325943E+00  3.3531799831E+00  1.1383310489E+00  8.1363738676E-01 -2.6892886249E+00
 -2.2982552590E+00  3.3526429922E+00  1.1392106440E+00  8.2009891525E-01 -2.7392804439E+00
 -2.2733293495E+00  3.3513413287E+00  1.1406014282E+00  8.2686209215E-01 -2.7961241314E+00
 -2.2484883388E+00  3.3492740436E+00  1.1424936460E+00  8.3388992508E-01 -2.8592754708E+00
 -2.2237651779E+00  3.3464414077E+00  1.1448752433E+00  8.4113915388E-01 -2.9281071913E+00
 -2.1991921125E+00  3.3428447584E+00  1.1477317715E+00  8.4856053110E-01 -3.0019170806E+00
 -2.1748005289E+00  3.3384862621E+00  1.1510463023E+00  8.5609924750E-01 -3.0799360886E+00
 -2.1506208497E+00  3.3333685879E+00  1.1547993400E+00  8.6369550977E-01 -3.1613365648E+00
 -2.1266824921E+00  3.3274944957E+00  1.1589687104E+00  8.7128527220E-01 -3.2452408320E+00
 -2.1030139066E+00  3.3208663368E+00  1.1635293965E+00  8.7880111618E-01 -3.3307303261E+00
 -2.0796427078E+00  3.3134854689E+00  1.1684532847E+00  8.8617326308E-01 -3.4168555340E+00
 -2.0565959133E+00  3.3053515784E+00  1.1737087704E+00  8.9333069828E-01 -3.5026469264E+00
 -2.0339003075E+00  3.2964618982E+00  1.1792601551E+00  9.0020237682E-01 -3.5871270340E+00
 -2.0115829612E+00  3.2868102947E+00  1.1850667461E+00  9.0671847755E-01 -3.6693237519E+00
 -1.9896719535E+00  3.2763861806E+00  1.1910815267E+00  9.1281167149E-01 -3.7482848987E+00
 -1.9681973855E+00  3.2651731848E+00  1.1972492079E+00  9.1841837428E-01 -3.8230940150E+00
 -1.9471928395E+00  3.2531474807E+00  1.2035033699E+00  9.2347996090E-01 -3.8928873853E+00
