 AIMInt (Version 19.02.13, Professional)
 Portions Copyright (c) 1997-2019 by Todd A. Keith
 AIMInt is a component of the AIMAll package ( http://aim.tkgristmill.com )

 TP:  64-bit Linux

 Licensed To:  Research Group of Fernando Cortes Guzman, UNAM, fercor@unam.mx

 AIMInt is a heavily modified and extended version of the PROAIMV program
 developed by members of R.F.W. Bader's research group

 Much of the Quantum Theory of Atoms in Molecules (QTAIM) is described in the book:
   "Atoms in Molecules - A Quantum Theory"
   R.F.W. Bader, Oxford University Press, Oxford, 1990

 For additional references see:  http://aim.tkgristmill.com/references.html

 Current Directory:  /home/scratch/M_H2O_4_tetraedrico/Opt

 Inp File:  Sc3_tetraedrico_cc-pvtz-def2-tzv_1_atomicfiles/sc1.inp
 Wfx File:  Sc3_tetraedrico_cc-pvtz-def2-tzv_1.wfx
 Out File:  Sc3_tetraedrico_cc-pvtz-def2-tzv_1_atomicfiles/sc1.int

 Wfx Title:   Sc3_tetraedrico_cc-pvtz-def2-tzv_1                                            
 Job Title:   Sc3_tetraedrico_cc-pvtz-def2-tzv_1                                            
 
<Atom>
Sc1     
</Atom>
<Nuclei of Molecule>
    13
Sc1       21.0          -2.7137082821E-05   7.1428703004E-06  -4.8040555792E-05
O2         8.0           2.2796721095E+00  -1.5953808611E+00   2.8294584191E+00
H3         1.0           3.8164691761E+00  -8.5218702200E-01   3.6044986955E+00
O4         8.0           2.3025148231E+00   1.5647792252E+00  -2.8281547045E+00
H5         1.0           2.1093436565E+00   3.2439235520E+00  -3.6388834037E+00
O6         8.0          -2.3095647930E+00  -2.8134328473E+00  -1.5808673888E+00
H7         1.0          -3.8466057220E+00  -3.5782028045E+00  -8.2755044030E-01
O8         8.0          -2.2727298375E+00   2.8440624499E+00   1.5793728159E+00
H9         1.0          -2.0627761965E+00   3.6535523342E+00   3.2571142900E+00
H10        1.0          -3.7996191529E+00   3.6287099538E+00   8.2597436348E-01
H11        1.0           3.8305823382E+00   8.0172845580E-01  -3.6011113877E+00
H12        1.0          -2.1097431537E+00  -3.6263559715E+00  -3.2581618482E+00
H13        1.0           2.0637805168E+00  -3.2715422323E+00   3.6406554492E+00
</Nuclei of Molecule>
<Total Number of CPs of DelSqRho>
    71
</Total Number of CPs of DelSqRho>
<Number of (3,+3) CPs of DelSqRho>
     9
</Number of (3,+3) CPs of DelSqRho>
<Number of (3,+1) CPs of DelSqRho>
    22
</Number of (3,+1) CPs of DelSqRho>
<Number of (3,-1) CPs of DelSqRho>
    28
</Number of (3,-1) CPs of DelSqRho>
<Number of (3,-3) CPs of DelSqRho>
    12
</Number of (3,-3) CPs of DelSqRho>
<Number of Degenerate CPs of DelSqRho>
     0
</Number of Degenerate CPs of DelSqRho>
<CP of DelSqRho>
CP# = 1       
Type = (3,+3)
Coords = -2.71370828261254E-05  7.14287030113655E-06 -4.80405558004974E-05
DistFromNuc =  9.9479866696E-15
Rho =  6.1361648877E+03
DelSqRho = -2.4375284596E+09
GradDelSqRho = -7.6345813795E-06  5.5508098740E-06 -2.2979824280E-05
HessDelSqRho_EigVals =  1.5692565340E+16  1.5692565340E+16  1.5692565340E+16
HessDelSqRho_EigVec1 =  6.6030751178E-03  6.6106066532E-02  9.9779075330E-01
HessDelSqRho_EigVec2 =  1.3230308501E-03  9.9781105529E-01 -6.6116167003E-02
HessDelSqRho_EigVec3 =  9.9997732424E-01 -1.7566779658E-03 -6.5011609860E-03
</CP of DelSqRho>
<CP of DelSqRho>
CP# = 2       
Type = (3,+1)
Coords = -2.05558890956191E-01  2.72036334745134E-01  1.24336246583393E-01
DistFromNuc =  3.6292510793E-01
Rho =  1.0985204120E+01
DelSqRho =  5.4179472360E+02
GradDelSqRho =  1.2505552149E-12  2.2737367544E-13 -1.4210854715E-12
HessDelSqRho_EigVals = -1.0213909704E+05  1.5465110567E+02  2.1040622913E+02
HessDelSqRho_EigVec1 = -5.6625041132E-01  7.4996587627E-01  3.4192346529E-01
HessDelSqRho_EigVec2 = -6.7846406451E-01 -6.5966582347E-01  3.2330715197E-01
HessDelSqRho_EigVec3 =  4.6802455583E-01 -4.8909976228E-02  8.8236094053E-01
</CP of DelSqRho>
<CP of DelSqRho>
CP# = 3       
Type = (3,-1)
Coords = -1.14723701659515E-01  9.02053067106114E-02 -1.38004331944306E-01
DistFromNuc =  2.0080574947E-01
Rho =  4.9229355001E+01
DelSqRho = -2.0587276280E+03
GradDelSqRho = -7.2759576142E-12  0.0000000000E+00  0.0000000000E+00
HessDelSqRho_EigVals = -3.2626566161E+03 -2.8934902273E+03  2.4425103086E+06
HessDelSqRho_EigVec1 =  5.2907726551E-01 -4.3840312841E-01 -7.2655346955E-01
HessDelSqRho_EigVec2 =  6.2756926361E-01  7.7845674193E-01 -1.2724791047E-02
HessDelSqRho_EigVec3 =  5.7116903495E-01 -4.4923022821E-01  6.8699209280E-01
</CP of DelSqRho>
<CP of DelSqRho>
CP# = 4       
Type = (3,+1)
Coords = -7.56172136832553E-03  4.54939807010581E-02  1.95306790977137E-01
DistFromNuc =  2.0072202814E-01
Rho =  4.9308325581E+01
DelSqRho = -2.0785726534E+03
GradDelSqRho = -2.2737367544E-12 -7.2759576142E-12  7.2759576142E-12
HessDelSqRho_EigVals = -3.2631302985E+03  2.5223054729E+03  2.4526228854E+06
HessDelSqRho_EigVec1 = -7.0601075343E-01  6.8323744197E-01 -1.8637439184E-01
HessDelSqRho_EigVec2 =  7.0720628321E-01  6.9411152054E-01 -1.3441900922E-01
HessDelSqRho_EigVec3 = -3.7524512498E-02  2.2670640691E-01  9.7324000947E-01
</CP of DelSqRho>
<CP of DelSqRho>
CP# = 5       
Type = (3,+1)
Coords =  2.00691333354079E-01 -1.33094168121676E-03  2.87324566488715E-05
DistFromNuc =  2.0072294522E-01
Rho =  4.9308005444E+01
DelSqRho = -2.0784287041E+03
GradDelSqRho = -4.3655745685E-11  1.1368683772E-13  5.5067062021E-14
HessDelSqRho_EigVals = -3.3081110683E+03  2.4687857896E+03  2.4525663016E+06
HessDelSqRho_EigVec1 = -3.8194481798E-03 -5.2406070851E-01  8.5167234639E-01
HessDelSqRho_EigVec2 =  5.4770924919E-03  8.5165482056E-01  5.2407448714E-01
HessDelSqRho_EigVec3 =  9.9997770639E-01 -6.6663635600E-03  3.8252248233E-04
</CP of DelSqRho>
<CP of DelSqRho>
CP# = 6       
Type = (3,+1)
Coords = -2.00745684243130E-01  1.33485784405480E-03 -1.19076627867812E-04
DistFromNuc =  2.0072295097E-01
Rho =  4.9307999262E+01
DelSqRho = -2.0784276453E+03
GradDelSqRho = -1.4551915228E-11  0.0000000000E+00 -3.5527136788E-14
HessDelSqRho_EigVals = -3.3079666504E+03  2.4684674235E+03  2.4525656257E+06
HessDelSqRho_EigVec1 =  5.4482906231E-03  8.5168212631E-01  5.2403041120E-01
HessDelSqRho_EigVec2 = -3.7677434922E-03 -5.2401698563E-01  8.5169947920E-01
HessDelSqRho_EigVec3 =  9.9997805988E-01 -6.6147184577E-03  3.5392295964E-04
</CP of DelSqRho>
<CP of DelSqRho>
CP# = 7       
Type = (3,+1)
Coords = -2.09049139388333E-01 -2.69305440763902E-01 -1.24527522848050E-01
DistFromNuc =  3.6292507032E-01
Rho =  1.0985206681E+01
DelSqRho =  5.4179489009E+02
GradDelSqRho =  3.2969182939E-12  0.0000000000E+00  3.0695446185E-12
HessDelSqRho_EigVals = -1.0213912326E+05  1.5466441237E+02  2.1035389988E+02
HessDelSqRho_EigVec1 =  5.7587338094E-01  7.4248200220E-01  3.4218463662E-01
HessDelSqRho_EigVec2 =  6.6956493701E-01 -6.6850362474E-01  3.2370619216E-01
HessDelSqRho_EigVec3 =  4.6909769159E-01  4.2701055356E-02 -8.8211335758E-01
</CP of DelSqRho>
<CP of DelSqRho>
CP# = 8       
Type = (3,+3)
Coords =  1.15430306800647E-01 -8.36505739203143E-02  1.41118655806711E-01
DistFromNuc =  2.0064164844E-01
Rho =  4.9399376249E+01
DelSqRho = -2.1035607147E+03
GradDelSqRho =  7.2759576142E-12  0.0000000000E+00  7.2759576142E-11
HessDelSqRho_EigVals =  3.4489911282E+03  3.7663007545E+03  2.4627009625E+06
HessDelSqRho_EigVec1 =  5.5394026059E-01 -4.3416281448E-01 -7.1038921601E-01
HessDelSqRho_EigVec2 =  6.0168626914E-01  7.9851024400E-01 -1.8842074045E-02
HessDelSqRho_EigVec3 =  5.7543359411E-01 -4.1699405361E-01  7.0355677669E-01
</CP of DelSqRho>
<CP of DelSqRho>
CP# = 9       
Type = (3,+3)
Coords = -1.15176431586815E-01  1.41901198557603E-01  8.27999194524251E-02
DistFromNuc =  2.0064163960E-01
Rho =  4.9399390322E+01
DelSqRho = -2.1035628095E+03
GradDelSqRho = -1.4551915228E-11  5.0022208598E-11  1.8189894035E-11
HessDelSqRho_EigVals =  3.4491549556E+03  3.7662797655E+03  2.4627020710E+06
HessDelSqRho_EigVec1 = -5.6150145493E-01 -7.0687251097E-01  4.3017132558E-01
HessDelSqRho_EigVec2 =  5.9611820270E-01  1.4997938318E-02  8.0275659465E-01
HessDelSqRho_EigVec3 = -5.7389825276E-01  7.0718195331E-01  4.1295820659E-01
</CP of DelSqRho>
<CP of DelSqRho>
CP# = 10      
Type = (3,+3)
Coords =  1.16637166071382E-01  8.21261452409648E-02 -1.41125964090345E-01
DistFromNuc =  2.0064164745E-01
Rho =  4.9399389582E+01
DelSqRho = -2.1035634084E+03
GradDelSqRho = -7.2759576142E-12  1.2732925825E-11  7.2759576142E-12
HessDelSqRho_EigVals =  3.4492582904E+03  3.7663287717E+03  2.4627016179E+06
HessDelSqRho_EigVec1 =  5.5922558475E-01  4.2661857061E-01  7.1081878181E-01
HessDelSqRho_EigVec2 = -5.9091763984E-01  8.0650452379E-01 -1.9151920013E-02
HessDelSqRho_EigVec3 = -5.8144912787E-01 -4.0932511323E-01  7.0311440277E-01
</CP of DelSqRho>
<CP of DelSqRho>
CP# = 11      
Type = (3,+3)
Coords = -1.16987723655915E-01 -1.40353880671736E-01 -8.29701542912631E-02
DistFromNuc =  2.0064165242E-01
Rho =  4.9399378892E+01
DelSqRho = -2.1035610287E+03
GradDelSqRho =  1.0913936421E-11  3.6379788071E-12  7.2759576142E-12
HessDelSqRho_EigVals =  3.4487488876E+03  3.7662271790E+03  2.4627008789E+06
HessDelSqRho_EigVec1 =  5.5171932291E-01 -7.1422129088E-01  4.3068983780E-01
HessDelSqRho_EigVec2 =  5.9649287191E-01 -2.3019106999E-02 -8.0228821160E-01
HessDelSqRho_EigVec3 =  5.8292541760E-01  6.9954132714E-01  4.1332782285E-01
</CP of DelSqRho>
<CP of DelSqRho>
CP# = 12      
Type = (3,-1)
Coords =  1.16198869166949E-01  1.37145997528571E-01  8.94360257984669E-02
DistFromNuc =  2.0080574722E-01
Rho =  4.9229358455E+01
DelSqRho = -2.0587271016E+03
GradDelSqRho = -7.2759576142E-12  2.0918378141E-11  0.0000000000E+00
HessDelSqRho_EigVals = -3.2630354702E+03 -2.8939566533E+03  2.4425107799E+06
HessDelSqRho_EigVec1 =  5.2646073604E-01 -7.3028606833E-01  4.3534050100E-01
HessDelSqRho_EigVec2 =  6.2277296082E-01 -1.7338933197E-02 -7.8221045804E-01
HessDelSqRho_EigVec3 =  5.7878573987E-01  6.8292138625E-01  4.4567414949E-01
</CP of DelSqRho>
<CP of DelSqRho>
CP# = 13      
Type = (3,-1)
Coords = -1.42378310065323E-01 -3.63702250047024E-02  3.30795212649313E-01
DistFromNuc =  3.6200059052E-01
Rho =  1.1077996415E+01
DelSqRho =  5.4548430668E+02
GradDelSqRho =  3.8653524825E-12 -3.4106051316E-13 -7.2759576142E-12
HessDelSqRho_EigVals = -1.0342995342E+05 -8.3774805090E+01  9.1588653769E+01
HessDelSqRho_EigVec1 = -3.9441666826E-01 -1.0266085989E-01  9.1317919361E-01
HessDelSqRho_EigVec2 =  7.9001847057E-01 -5.4546006755E-01  2.7990021591E-01
HessDelSqRho_EigVec3 =  4.6936798778E-01  8.3182574050E-01  2.9624251802E-01
</CP of DelSqRho>
<CP of DelSqRho>
CP# = 14      
Type = (3,-1)
Coords = -1.16008062912179E-01 -8.86586873322764E-02  1.37827787088689E-01
DistFromNuc =  2.0080574805E-01
Rho =  4.9229362368E+01
DelSqRho = -2.0587283701E+03
GradDelSqRho = -1.4551915228E-11 -7.2759576142E-12 -7.2759576142E-12
HessDelSqRho_EigVals = -3.2627467088E+03 -2.8937447165E+03  2.4425107980E+06
HessDelSqRho_EigVec1 =  5.3404404430E-01  4.3172625114E-01  7.2691774144E-01
HessDelSqRho_EigVec2 = -6.1742600511E-01  7.8651282643E-01 -1.3516733242E-02
HessDelSqRho_EigVec3 = -5.7756565597E-01 -4.4159938626E-01  6.8659150527E-01
</CP of DelSqRho>
<CP of DelSqRho>
CP# = 15      
Type = (3,-1)
Coords =  1.14431963162385E-01 -1.38665627688087E-01 -8.94455927866193E-02
DistFromNuc =  2.0080574013E-01
Rho =  4.9229367529E+01
DelSqRho = -2.0587287527E+03
GradDelSqRho = -2.5465851650E-11  1.4551915228E-11  3.2741809264E-11
HessDelSqRho_EigVals = -3.2629953664E+03 -2.8934415643E+03  2.4425113912E+06
HessDelSqRho_EigVec1 =  5.3668828281E-01  7.2322164879E-01 -4.3464483641E-01
HessDelSqRho_EigVec2 =  6.2215792514E-01  8.7850942545E-03  7.8284247349E-01
HessDelSqRho_EigVec3 = -5.6998702028E-01  6.9056011240E-01  4.4524322328E-01
</CP of DelSqRho>
<CP of DelSqRho>
CP# = 16      
Type = (3,-1)
Coords =  1.44118425176428E-01  3.29966309092341E-01  3.72823808466082E-02
DistFromNuc =  3.6200076637E-01
Rho =  1.1077984558E+01
DelSqRho =  5.4548311601E+02
GradDelSqRho = -1.1652900866E-12  3.9790393203E-12  1.3358203432E-12
HessDelSqRho_EigVals = -1.0342967449E+05 -8.3812885610E+01  9.1735631703E+01
HessDelSqRho_EigVec1 =  3.9935339224E-01  9.1072955019E-01  1.0530220565E-01
HessDelSqRho_EigVec2 = -7.9188506425E-01  2.8477993475E-01  5.4020221564E-01
HessDelSqRho_EigVec3 =  4.6199016561E-01 -2.9911883120E-01  8.3492096135E-01
</CP of DelSqRho>
<CP of DelSqRho>
CP# = 17      
Type = (3,-1)
Coords =  1.39859929673146E-01 -3.31789903339017E-01 -3.72869784583493E-02
DistFromNuc =  3.6200056604E-01
Rho =  1.1078004270E+01
DelSqRho =  5.4548391762E+02
GradDelSqRho = -5.4569682106E-12 -1.1368683772E-13 -8.9528384706E-13
HessDelSqRho_EigVals = -1.0342997691E+05 -8.3753217028E+01  9.1624132155E+01
HessDelSqRho_EigVec1 = -3.8759999795E-01  9.1582247443E-01  1.0504968787E-01
HessDelSqRho_EigVec2 =  7.9508019273E-01  2.7446031898E-01  5.4085027543E-01
HessDelSqRho_EigVec3 =  4.6649086670E-01  2.9315649172E-01 -8.3453312855E-01
</CP of DelSqRho>
<CP of DelSqRho>
CP# = 18      
Type = (3,+1)
Coords =  9.05864421556592E-03  1.95309270813626E-01 -4.54777542509382E-02
DistFromNuc =  2.0072202542E-01
Rho =  4.9308336124E+01
DelSqRho = -2.0785735960E+03
GradDelSqRho = -2.9558577808E-12 -7.2759576142E-12  1.8189894035E-12
HessDelSqRho_EigVals = -3.2632135539E+03  2.5221989223E+03  2.4526232211E+06
HessDelSqRho_EigVec1 =  7.0960755613E-01 -1.9084180735E-01 -6.7825992131E-01
HessDelSqRho_EigVec2 =  7.0314243451E-01  1.2997742986E-01  6.9906836898E-01
HessDelSqRho_EigVec3 =  4.5252989644E-02  9.7297752918E-01 -2.2642193938E-01
</CP of DelSqRho>
<CP of DelSqRho>
CP# = 19      
Type = (3,-1)
Coords =  2.90217284298730E-01 -1.73030861023563E-01 -1.29595564749347E-01
DistFromNuc =  3.6189298965E-01
Rho =  1.1087428823E+01
DelSqRho =  5.4618352497E+02
GradDelSqRho =  1.5120349417E-11 -1.3642420527E-12  1.9326762413E-12
HessDelSqRho_EigVals = -1.0359048588E+05 -1.2554290874E+02  4.3245594137E+01
HessDelSqRho_EigVec1 =  8.0067559171E-01 -4.8002269554E-01 -3.5846451514E-01
HessDelSqRho_EigVec2 = -1.0359648883E-01 -7.0026136707E-01  7.0632979924E-01
HessDelSqRho_EigVec3 =  5.9007318558E-01  5.2840536481E-01  6.1041085025E-01
</CP of DelSqRho>
<CP of DelSqRho>
CP# = 20      
Type = (3,-3)
Coords =  3.62259786076552E-01 -2.36974478644737E-03  1.22578463393031E-04
DistFromNuc =  3.6229476038E-01
Rho =  1.1033826040E+01
DelSqRho =  5.4658831261E+02
GradDelSqRho = -1.1937117961E-12  1.1191048088E-13 -1.5099033135E-14
HessDelSqRho_EigVals = -1.0311064622E+05 -2.0682450058E+02 -3.5566253755E+01
HessDelSqRho_EigVec1 =  9.9997837324E-01 -6.5597882766E-03  4.7140587324E-04
HessDelSqRho_EigVec2 = -3.8408134770E-03 -5.2430311853E-01  8.5152304024E-01
HessDelSqRho_EigVec3 =  5.3386512871E-03  8.5150643514E-01  5.2431697448E-01
</CP of DelSqRho>
<CP of DelSqRho>
CP# = 21      
Type = (3,-3)
Coords = -3.62313585117857E-01  2.45033889663831E-03 -2.52717704834046E-04
DistFromNuc =  3.6229474400E-01
Rho =  1.1033827431E+01
DelSqRho =  5.4658831487E+02
GradDelSqRho = -6.2527760747E-12 -1.2878587086E-14 -2.3536728122E-14
HessDelSqRho_EigVals = -1.0311065676E+05 -2.0674731470E+02 -3.5646514415E+01
HessDelSqRho_EigVec1 =  9.9997709307E-01 -6.7448024978E-03  5.6654856659E-04
HessDelSqRho_EigVec2 =  5.4474405690E-03  8.5165300051E-01  5.2407775388E-01
HessDelSqRho_EigVec3 = -4.0173037300E-03 -5.2406266262E-01  8.5167023367E-01
</CP of DelSqRho>
<CP of DelSqRho>
CP# = 22      
Type = (3,-3)
Coords = -6.67009134148983E-02 -3.04894247650853E-01  1.83608781859020E-01
DistFromNuc =  3.6213268123E-01
Rho =  1.1049698639E+01
DelSqRho =  5.4721803199E+02
GradDelSqRho =  2.0747847884E-12  2.7284841053E-12 -7.5033312896E-12
HessDelSqRho_EigVals = -1.0334174817E+05 -2.2269582190E+02 -7.1717970217E+01
HessDelSqRho_EigVec1 =  1.8615444517E-01  8.4102861051E-01 -5.0795413066E-01
HessDelSqRho_EigVec2 =  6.0640413320E-01  3.0842733363E-01  7.3290286335E-01
HessDelSqRho_EigVec3 =  7.7305921493E-01 -4.4445861019E-01 -4.5258810638E-01
</CP of DelSqRho>
<CP of DelSqRho>
CP# = 23      
Type = (3,-3)
Coords =  6.57772600490848E-02  1.83256277163043E-01  3.05286854004033E-01
DistFromNuc =  3.6213238151E-01
Rho =  1.1049733895E+01
DelSqRho =  5.4721804075E+02
GradDelSqRho = -1.1368683772E-12 -3.1832314562E-12 -1.3642420527E-12
HessDelSqRho_EigVals = -1.0334212348E+05 -2.2266767255E+02 -7.1645791851E+01
HessDelSqRho_EigVec1 =  1.8376484761E-01  5.0681685758E-01  8.4223936839E-01
HessDelSqRho_EigVec2 =  5.9925601686E-01 -7.3695514176E-01  3.1271287996E-01
HessDelSqRho_EigVec3 =  7.7918079227E-01  4.4725137441E-01 -4.3913950067E-01
</CP of DelSqRho>
<CP of DelSqRho>
CP# = 24      
Type = (3,-3)
Coords =  6.34928882735388E-02 -1.84069822132835E-01 -3.05368977233462E-01
DistFromNuc =  3.6213256832E-01
Rho =  1.1049713236E+01
DelSqRho =  5.4721764066E+02
GradDelSqRho = -1.3642420527E-12 -5.0022208598E-12  5.0022208598E-12
HessDelSqRho_EigVals = -1.0334185653E+05 -2.2263962259E+02 -7.1684253987E+01
HessDelSqRho_EigVec1 = -1.7744497473E-01  5.0912925507E-01  8.4219990654E-01
HessDelSqRho_EigVec2 =  6.0927533540E-01  7.2888774407E-01 -3.1225986328E-01
HessDelSqRho_EigVec3 = -7.7284982151E-01  4.5772268698E-01 -4.3953736498E-01
</CP of DelSqRho>
<CP of DelSqRho>
CP# = 25      
Type = (3,+1)
Coords =  2.06353575251687E-01 -1.25804984576282E-01  2.70678548335088E-01
DistFromNuc =  3.6292502775E-01
Rho =  1.0985211185E+01
DelSqRho =  5.4179445479E+02
GradDelSqRho = -9.9475983006E-13  1.8474111130E-12 -4.4622083806E-12
HessDelSqRho_EigVals = -1.0213919573E+05  1.5468644556E+02  2.1048717015E+02
HessDelSqRho_EigVec1 =  5.6859857712E-01 -3.4585681813E-01  7.4637706252E-01
HessDelSqRho_EigVec2 =  6.7177242176E-01 -3.2844823064E-01 -6.6396052078E-01
HessDelSqRho_EigVec3 =  4.7478149866E-01  8.7892253421E-01  4.5581875693E-02
</CP of DelSqRho>
<CP of DelSqRho>
CP# = 26      
Type = (3,+1)
Coords =  2.08228101760357E-01  1.23092347997785E-01 -2.70592828314799E-01
DistFromNuc =  3.6292519120E-01
Rho =  1.0985195100E+01
DelSqRho =  5.4179439409E+02
GradDelSqRho = -1.3073986338E-12 -1.9895196601E-13  2.1884716261E-12
HessDelSqRho_EigVals = -1.0213895019E+05  1.5463493726E+02  2.1042284764E+02
HessDelSqRho_EigVec1 = -5.7375350959E-01 -3.3834432985E-01  7.4587534126E-01
HessDelSqRho_EigVec2 =  6.7524918167E-01  3.1997323106E-01  6.6457179752E-01
HessDelSqRho_EigVec3 = -4.6351424238E-01  8.8495211501E-01  4.4880967558E-02
</CP of DelSqRho>
<CP of DelSqRho>
CP# = 27      
Type = (3,-1)
Coords = -1.41681160991933E-01  3.82809848508223E-02 -3.30976440108975E-01
DistFromNuc =  3.6200049047E-01
Rho =  1.1078010307E+01
DelSqRho =  5.4548344485E+02
GradDelSqRho = -1.7053025658E-12 -3.6379788071E-12 -3.8653524825E-12
HessDelSqRho_EigVals = -1.0343002667E+05 -8.3659514544E+01  9.1647827008E+01
HessDelSqRho_EigVec1 =  3.9246219709E-01 -1.0791538989E-01  9.1341539974E-01
HessDelSqRho_EigVec2 =  7.9734271117E-01  5.3496524210E-01 -2.7938645402E-01
HessDelSqRho_EigVec3 = -4.5849539235E-01  8.3795373283E-01  2.9599918384E-01
</CP of DelSqRho>
<CP of DelSqRho>
CP# = 28      
Type = (3,-1)
Coords =  2.92451258185764E-01  1.69089163050836E-01  1.29699247155069E-01
DistFromNuc =  3.6189321618E-01
Rho =  1.1087393197E+01
DelSqRho =  5.4618434170E+02
GradDelSqRho = -2.3874235922E-12 -1.0231815395E-12  1.1368683772E-12
HessDelSqRho_EigVals = -1.0359023359E+05 -1.2570488501E+02  4.3232279883E+01
HessDelSqRho_EigVec1 =  8.0687276874E-01  4.6910999210E-01  3.5901552943E-01
HessDelSqRho_EigVec2 =  9.3543719666E-02 -7.0155205973E-01  7.0645189504E-01
HessDelSqRho_EigVec3 = -5.8327172705E-01  5.3643314849E-01  6.0994554645E-01
</CP of DelSqRho>
<CP of DelSqRho>
CP# = 29      
Type = (3,-1)
Coords = -2.90410411629646E-01  1.31638598566694E-01 -1.71270644841732E-01
DistFromNuc =  3.6189289366E-01
Rho =  1.1087439737E+01
DelSqRho =  5.4618300319E+02
GradDelSqRho =  1.1368683772E-13 -1.1368683772E-12  3.3253400034E-12
HessDelSqRho_EigVals = -1.0359057768E+05 -1.2549635440E+02  4.3336201938E+01
HessDelSqRho_EigVec1 =  8.0106802128E-01 -3.6421265951E-01  4.7501490917E-01
HessDelSqRho_EigVec2 = -9.4377294102E-02  7.0679987275E-01  7.0108977046E-01
HessDelSqRho_EigVec3 = -5.9108624721E-01 -6.0645121695E-01  5.3182137022E-01
</CP of DelSqRho>
<CP of DelSqRho>
CP# = 30      
Type = (3,-3)
Coords = -6.25830695196984E-02  3.05756598682172E-01 -1.83743394449274E-01
DistFromNuc =  3.6213251367E-01
Rho =  1.1049715004E+01
DelSqRho =  5.4721853432E+02
GradDelSqRho = -2.5011104299E-12  7.7875483839E-12 -3.6379788071E-12
HessDelSqRho_EigVals = -1.0334197207E+05 -2.2266451258E+02 -7.1784128353E+01
HessDelSqRho_EigVec1 = -1.7479474554E-01  8.4339726505E-01 -5.0806284083E-01
HessDelSqRho_EigVec2 = -6.0260431862E-01  3.1644083535E-01  7.3262079748E-01
HessDelSqRho_EigVec3 =  7.7866220668E-01  4.3421912789E-01  4.5292263894E-01
</CP of DelSqRho>
<CP of DelSqRho>
CP# = 31      
Type = (3,-1)
Coords = -2.92271296812809E-01 -1.27694803662544E-01  1.70984331975451E-01
DistFromNuc =  3.6189295171E-01
Rho =  1.1087441147E+01
DelSqRho =  5.4618249315E+02
GradDelSqRho = -2.2737367544E-12  6.1710636601E-12 -8.5265128291E-13
HessDelSqRho_EigVals = -1.0359047144E+05 -1.2547513247E+02  4.3323615294E+01
HessDelSqRho_EigVec1 =  8.0621773199E-01  3.5337353841E-01 -4.7448931599E-01
HessDelSqRho_EigVec2 =  1.0304046128E-01  7.0588987797E-01  7.0078680319E-01
HessDelSqRho_EigVec3 =  5.8257671767E-01 -6.1387834506E-01  5.3268916405E-01
</CP of DelSqRho>
<CP of DelSqRho>
CP# = 32      
Type = (3,+1)
Coords =  8.33801219985864E-01 -5.52902445099851E-03  2.82086283574590E-04
DistFromNuc =  8.3384680079E-01
Rho =  9.6569372877E-01
DelSqRho = -5.5935125407E+00
GradDelSqRho =  3.6148861682E-13 -1.3877787808E-16 -2.7616797738E-15
HessDelSqRho_EigVals = -1.2594195596E+01  2.6385259942E+00  6.4792680075E+02
HessDelSqRho_EigVec1 =  5.5367288348E-03  8.6392402331E-01  5.0359172608E-01
HessDelSqRho_EigVec2 = -3.6860230530E-03 -5.0357839195E-01  8.6394167419E-01
HessDelSqRho_EigVec3 =  9.9997787869E-01 -6.6396614907E-03  3.9626686273E-04
</CP of DelSqRho>
<CP of DelSqRho>
CP# = 33      
Type = (3,+1)
Coords = -8.33855118991838E-01  5.57966825164763E-03 -3.46712215869606E-04
DistFromNuc =  8.3384665596E-01
Rho =  9.6569482511E-01
DelSqRho = -5.5935425128E+00
GradDelSqRho = -8.1712414612E-14 -8.6042284408E-16 -1.9428902931E-16
HessDelSqRho_EigVals = -1.2597005458E+01  2.6421436857E+00  6.4792801779E+02
HessDelSqRho_EigVec1 = -3.6761098244E-03 -5.0367511226E-01  8.6388533238E-01
HessDelSqRho_EigVec2 =  5.5931864103E-03  8.6386730018E-01  5.0368839966E-01
HessDelSqRho_EigVec3 =  9.9997760099E-01 -6.6834855756E-03  3.5852227610E-04
</CP of DelSqRho>
<CP of DelSqRho>
CP# = 34      
Type = (3,+1)
Coords = -1.67608477350051E-01  8.11162705141426E-01 -9.22952552706736E-02
DistFromNuc =  8.3340650371E-01
Rho =  9.6839494075E-01
DelSqRho = -5.6971249904E+00
GradDelSqRho = -1.0658141036E-14  6.3948846218E-14 -4.4408920985E-15
HessDelSqRho_EigVals = -1.0522466976E+01  5.1479653715E+00  6.5110551635E+02
HessDelSqRho_EigVec1 =  7.2776314467E-01  2.2441433545E-01  6.4807330704E-01
HessDelSqRho_EigVec2 = -6.5590540696E-01 -4.8330767918E-02  7.5329425458E-01
HessDelSqRho_EigVec3 = -2.0037191014E-01  9.7329458178E-01 -1.1202122438E-01
</CP of DelSqRho>
<CP of DelSqRho>
CP# = 35      
Type = (3,+1)
Coords = -1.78422175942903E-01 -8.08862508320568E-01  9.19919571826446E-02
DistFromNuc =  8.3340642168E-01
Rho =  9.6839609902E-01
DelSqRho = -5.6971744536E+00
GradDelSqRho = -3.5527136788E-15  2.1316282073E-14  3.5527136788E-15
HessDelSqRho_EigVals = -1.0521374903E+01  5.1502525213E+00  6.5110515531E+02
HessDelSqRho_EigVec1 =  7.2523668145E-01 -2.3399137771E-01 -6.4751817816E-01
HessDelSqRho_EigVec2 =  6.5461030964E-01 -5.7083722618E-02  7.5380819253E-01
HessDelSqRho_EigVec3 =  2.1334736557E-01  9.7056142710E-01 -1.1177395866E-01
</CP of DelSqRho>
<CP of DelSqRho>
CP# = 36      
Type = (3,+1)
Coords =  1.73273439917364E-01  9.09888532804336E-02  8.10047209603254E-01
DistFromNuc =  8.3340570909E-01
Rho =  9.6839933301E-01
DelSqRho = -5.6972453169E+00
GradDelSqRho = -2.6645352591E-14 -8.8817841970E-16 -3.5527136788E-15
HessDelSqRho_EigVals = -1.0518168227E+01  5.1472958639E+00  6.5111185215E+02
HessDelSqRho_EigVec1 =  7.3088575924E-01  6.4296055861E-01 -2.2892734004E-01
HessDelSqRho_EigVec2 = -6.5027382739E-01  7.5788502487E-01  5.2480839159E-02
HessDelSqRho_EigVec3 =  2.0724371246E-01  1.1050795963E-01  9.7202779513E-01
</CP of DelSqRho>
<CP of DelSqRho>
CP# = 37      
Type = (3,+1)
Coords =  1.72510424137856E-01 -9.34123460997294E-02 -8.10029054350313E-01
DistFromNuc =  8.3340605569E-01
Rho =  9.6839675398E-01
DelSqRho = -5.6971658036E+00
GradDelSqRho = -7.1054273576E-15 -3.5527136788E-15  0.0000000000E+00
HessDelSqRho_EigVals = -1.0523612736E+01  5.1481575247E+00  6.5111025122E+02
HessDelSqRho_EigVec1 =  7.2210750988E-01 -6.5262040057E-01  2.2945011864E-01
HessDelSqRho_EigVec2 =  6.6030044447E-01  7.4914745310E-01  5.2739136809E-02
HessDelSqRho_EigVec3 = -2.0631060858E-01  1.1342268857E-01  9.7189054245E-01
</CP of DelSqRho>
<CP of DelSqRho>
CP# = 38      
Type = (3,+3)
Coords = -4.76709592597675E-01 -3.08309080920217E-01  5.96876739170817E-01
DistFromNuc =  8.2377439260E-01
Rho =  1.0388468583E+00
DelSqRho = -7.2312399230E+00
GradDelSqRho = -3.0375701954E-13 -1.5099033135E-13  6.9588779184E-13
HessDelSqRho_EigVals =  1.1775622801E+01  1.4474294621E+01  7.4190764214E+02
HessDelSqRho_EigVec1 =  6.0780787503E-01  3.9416731455E-01  6.8934876166E-01
HessDelSqRho_EigVec2 = -5.4380990560E-01  8.3920834604E-01 -3.7217294869E-04
HessDelSqRho_EigVec3 = -5.7865393253E-01 -3.7464847535E-01  7.2442953162E-01
</CP of DelSqRho>
<CP of DelSqRho>
CP# = 39      
Type = (3,+3)
Coords =  4.70468129995595E-01 -6.00265955817857E-01 -3.11352733182332E-01
DistFromNuc =  8.2377436292E-01
Rho =  1.0388463591E+00
DelSqRho = -7.2312459625E+00
GradDelSqRho =  4.8849813084E-13 -9.9209529481E-13 -2.5579538487E-13
HessDelSqRho_EigVals =  1.1777355291E+01  1.4472764789E+01  7.4190815418E+02
HessDelSqRho_EigVec1 = -6.1037988128E-01 -6.8504191753E-01  3.9768577011E-01
HessDelSqRho_EigVec2 =  5.4884636244E-01 -3.7564928441E-03  8.3591480379E-01
HessDelSqRho_EigVec3 = -5.7114277633E-01  7.2849396702E-01  3.7827565222E-01
</CP of DelSqRho>
<CP of DelSqRho>
CP# = 40      
Type = (3,+3)
Coords =  4.78156884090558E-01  5.94020119332343E-01  3.11551195420515E-01
DistFromNuc =  8.2377512597E-01
Rho =  1.0388412386E+00
DelSqRho = -7.2311160479E+00
GradDelSqRho =  4.6362913508E-13  8.2689410874E-13  2.0605739337E-13
HessDelSqRho_EigVals =  1.1775207859E+01  1.4471530890E+01  7.4190073690E+02
HessDelSqRho_EigVec1 =  6.0085488325E-01 -6.9303520027E-01  3.9834108559E-01
HessDelSqRho_EigVec2 =  5.4956812504E-01 -3.7222205598E-03 -8.3544061489E-01
HessDelSqRho_EigVec3 =  5.8047246723E-01  7.2089413666E-01  3.7863354120E-01
</CP of DelSqRho>
<CP of DelSqRho>
CP# = 41      
Type = (3,+3)
Coords = -4.72114148942473E-01  3.14584915049856E-01 -5.97356581825605E-01
DistFromNuc =  8.2377352166E-01
Rho =  1.0388506547E+00
DelSqRho = -7.2314316361E+00
GradDelSqRho = -6.2372329523E-13  3.1086244690E-13 -1.1977085990E-12
HessDelSqRho_EigVals =  1.1778515818E+01  1.4478076457E+01  7.4191621572E+02
HessDelSqRho_EigVec1 =  6.0310569850E-01 -4.0216607674E-01 -6.8885844929E-01
HessDelSqRho_EigVec2 =  5.5484446896E-01  8.3195409175E-01  6.6991856013E-05
HessDelSqRho_EigVec3 =  5.7307166367E-01 -3.8224970365E-01  7.2489587691E-01
</CP of DelSqRho>
<CP of DelSqRho>
CP# = 42      
Type = (3,-1)
Coords = -4.21685177755028E-01  5.47258483688239E-01  4.74076891973288E-01
DistFromNuc =  8.3789855289E-01
Rho =  9.3804294125E-01
DelSqRho = -5.1071969957E+00
GradDelSqRho = -4.4408920985E-16  1.7763568394E-15 -8.8817841970E-16
HessDelSqRho_EigVals = -9.5883098540E+00 -3.1829217964E+00  6.1088805642E+02
HessDelSqRho_EigVec1 =  5.5183578233E-01  7.4690590251E-01 -3.7095665802E-01
HessDelSqRho_EigVec2 =  6.6567569531E-01 -1.2656338473E-01  7.3543019948E-01
HessDelSqRho_EigVec3 = -5.0234762665E-01  6.5277353074E-01  5.6703931042E-01
</CP of DelSqRho>
<CP of DelSqRho>
CP# = 43      
Type = (3,-1)
Coords =  4.21508156761504E-01 -4.77306074048025E-01  5.44517665301352E-01
DistFromNuc =  8.3789720073E-01
Rho =  9.3804907926E-01
DelSqRho = -5.1073005780E+00
GradDelSqRho = -1.2434497876E-14  3.5527136788E-14 -3.1974423109E-14
HessDelSqRho_EigVals = -9.5914713622E+00 -3.1815627541E+00  6.1090076480E+02
HessDelSqRho_EigVec1 = -5.4472274274E-01  3.7458352310E-01  7.5030948132E-01
HessDelSqRho_EigVec2 =  6.7162698374E-01  7.3063535113E-01  1.2283801690E-01
HessDelSqRho_EigVec3 =  5.0218953420E-01 -5.7084075529E-01  6.4957409419E-01
</CP of DelSqRho>
<CP of DelSqRho>
CP# = 44      
Type = (3,-1)
Coords =  4.28282100961038E-01  4.71500342495202E-01 -5.44401298901336E-01
DistFromNuc =  8.3789922458E-01
Rho =  9.3803778969E-01
DelSqRho = -5.1071100946E+00
GradDelSqRho =  1.4193091147E-12  1.9761969838E-12 -1.9628743075E-12
HessDelSqRho_EigVals = -9.5894096208E+00 -3.1837169119E+00  6.1088282408E+02
HessDelSqRho_EigVec1 =  5.4914195600E-01  3.6740872750E-01  7.5063569001E-01
HessDelSqRho_EigVec2 =  6.6185285536E-01 -7.3961008101E-01 -1.2217907314E-01
HessDelSqRho_EigVec3 = -5.1028806571E-01 -5.6390402998E-01  6.4932144195E-01
</CP of DelSqRho>
<CP of DelSqRho>
CP# = 45      
Type = (3,-1)
Coords = -4.28599453164556E-01 -5.41586958626165E-01 -4.74471865146330E-01
DistFromNuc =  8.3789997388E-01
Rho =  9.3803227556E-01
DelSqRho = -5.1069718710E+00
GradDelSqRho = -1.9459989176E-12 -2.8066438063E-12 -2.8839153288E-12
HessDelSqRho_EigVals = -9.5906885738E+00 -3.1864911848E+00  6.1087672096E+02
HessDelSqRho_EigVec1 =  5.4142570943E-01 -7.5421145268E-01  3.7151485275E-01
HessDelSqRho_EigVec2 = -6.6794628045E-01 -1.1750921443E-01  7.3487369728E-01
HessDelSqRho_EigVec3 =  5.1059374027E-01  6.4603147692E-01  5.6739524428E-01
</CP of DelSqRho>
<CP of DelSqRho>
CP# = 46      
Type = (3,-3)
Coords =  1.34236075887426E+00 -8.92113917688623E-03  5.64971513764412E-04
DistFromNuc =  1.3424177268E+00
Rho =  2.5218557048E-01
DelSqRho =  1.2443676756E+00
GradDelSqRho = -6.6613381478E-16 -1.7347234760E-17  1.7347234760E-18
HessDelSqRho_EigVals = -2.4318354789E+01 -4.2638311625E-01 -1.5672753466E-01
HessDelSqRho_EigVec1 =  9.9997775320E-01 -6.6546031419E-03  4.5755720160E-04
HessDelSqRho_EigVec2 =  6.6068570009E-03  9.9757094638E-01  6.9343755203E-02
HessDelSqRho_EigVec3 = -9.1790094187E-04 -6.9339189511E-02  9.9759271963E-01
</CP of DelSqRho>
<CP of DelSqRho>
CP# = 47      
Type = (3,-3)
Coords = -1.34241499344515E+00  9.07086614125080E-03 -5.60513492750985E-04
DistFromNuc =  1.3424185527E+00
Rho =  2.5218488694E-01
DelSqRho =  1.2443604137E+00
GradDelSqRho =  3.1086244690E-15 -6.2450045135E-17 -7.3508907295E-17
HessDelSqRho_EigVals = -2.4318249168E+01 -4.2635199494E-01 -1.5663220310E-01
HessDelSqRho_EigVec1 =  9.9997714294E-01 -6.7506341916E-03  3.7753959361E-04
HessDelSqRho_EigVec2 = -8.4997099351E-04 -7.0118056099E-02  9.9753833799E-01
HessDelSqRho_EigVec3 =  6.7075440694E-03  9.9751585809E-01  7.0122191249E-02
</CP of DelSqRho>
<CP of DelSqRho>
CP# = 48      
Type = (3,-1)
Coords = -2.11032467122419E-01  1.28022640789043E+00  3.67423817152389E-01
DistFromNuc =  1.3485251878E+00
Rho =  2.5493325484E-01
DelSqRho =  1.1709808301E+00
GradDelSqRho = -1.8596235662E-15  3.3306690739E-15  4.1078251911E-15
HessDelSqRho_EigVals = -2.3279970669E+01 -1.0761561371E-01  3.8890302450E-01
HessDelSqRho_EigVec1 = -1.7756620075E-01  9.4536756224E-01  2.7340522420E-01
HessDelSqRho_EigVec2 =  9.8112920982E-01  1.4845668199E-01  1.2387932522E-01
HessDelSqRho_EigVec3 = -7.6522663274E-02 -2.9024263271E-01  9.5388861832E-01
</CP of DelSqRho>
<CP of DelSqRho>
CP# = 49      
Type = (3,-1)
Coords = -2.27590120797664E-01 -1.27733734242630E+00 -3.67654844133264E-01
DistFromNuc =  1.3485283118E+00
Rho =  2.5493061899E-01
DelSqRho =  1.1709610809E+00
GradDelSqRho =  1.9151347175E-15 -7.1054273576E-15 -3.3306690739E-16
HessDelSqRho_EigVals = -2.3279848557E+01 -1.0761094619E-01  3.8906393563E-01
HessDelSqRho_EigVec1 =  1.8979282758E-01  9.4295596605E-01  2.7351915599E-01
HessDelSqRho_EigVec2 =  9.7914908500E-01 -1.6123213637E-01 -1.2357697010E-01
HessDelSqRho_EigVec3 =  7.2427563367E-02 -2.9127005390E-01  9.5389517441E-01
</CP of DelSqRho>
<CP of DelSqRho>
CP# = 50      
Type = (3,-1)
Coords =  2.16017992605586E-01 -3.68988982428146E-01  1.27890000470664E+00
DistFromNuc =  1.3485331813E+00
Rho =  2.5492481551E-01
DelSqRho =  1.1709845459E+00
GradDelSqRho =  2.8865798640E-15 -6.3837823916E-16  2.6645352591E-15
HessDelSqRho_EigVals = -2.3280027465E+01 -1.0779564534E-01  3.8898344436E-01
HessDelSqRho_EigVec1 =  1.8127379330E-01 -2.7467735086E-01  9.4429453286E-01
HessDelSqRho_EigVec2 = -9.8106124249E-01 -1.1715056852E-01  1.5425492789E-01
HessDelSqRho_EigVec3 = -6.8254306425E-02  9.5437314360E-01  2.9071163106E-01
</CP of DelSqRho>
<CP of DelSqRho>
CP# = 51      
Type = (3,-1)
Coords =  2.22448116300093E-01  3.65915416338771E-01 -1.27876250411031E+00
DistFromNuc =  1.3485157701E+00
Rho =  2.5493505565E-01
DelSqRho =  1.1710191092E+00
GradDelSqRho = -1.1102230246E-15 -4.1633363423E-16  1.9984014443E-15
HessDelSqRho_EigVals = -2.3280543644E+01 -1.0781596852E-01  3.8869110721E-01
HessDelSqRho_EigVec1 = -1.8604119948E-01 -2.7212251748E-01  9.4410698947E-01
HessDelSqRho_EigVec2 =  9.7924705588E-01 -1.2997862632E-01  1.5550164069E-01
HessDelSqRho_EigVec3 = -8.0398231652E-02 -9.5344370163E-01 -2.9065655363E-01
</CP of DelSqRho>
<CP of DelSqRho>
CP# = 52      
Type = (3,-3)
Coords = -1.48567571817142E-01  6.36127849078793E-01  1.16829774396092E+00
DistFromNuc =  1.3385610505E+00
Rho =  2.5354851938E-01
DelSqRho =  1.2638636026E+00
GradDelSqRho = -2.4476254357E-13 -1.3652690090E-12 -2.9527491563E-12
HessDelSqRho_EigVals = -2.4573218911E+01 -4.7515750996E-01 -3.6195182218E-01
HessDelSqRho_EigVec1 = -1.2107124208E-01  4.7764162992E-01  8.7017252756E-01
HessDelSqRho_EigVec2 =  6.1989520007E-01  7.2105149982E-01 -3.0953945714E-01
HessDelSqRho_EigVec3 = -7.7528813693E-01  5.0193944652E-01 -3.8338635443E-01
</CP of DelSqRho>
<CP of DelSqRho>
CP# = 53      
Type = (3,-3)
Coords =  1.44389132830774E-01 -1.16934969482980E+00  6.35152464158737E-01
DistFromNuc =  1.3385556223E+00
Rho =  2.5354998843E-01
DelSqRho =  1.2638897757E+00
GradDelSqRho =  8.8679064092E-14  1.3091749906E-12 -6.1561866715E-13
HessDelSqRho_EigVals = -2.4573671719E+01 -4.7524830687E-01 -3.6214465383E-01
HessDelSqRho_EigVec1 = -1.1802285511E-01  8.7100006077E-01 -4.7689569071E-01
HessDelSqRho_EigVec2 = -6.1318043916E-01  3.1382976142E-01  7.2492801703E-01
HessDelSqRho_EigVec3 =  7.8107640773E-01  3.7798118338E-01  4.9704111531E-01
</CP of DelSqRho>
<CP of DelSqRho>
CP# = 54      
Type = (3,-3)
Coords = -1.56375104932674E-01 -6.34143403792052E-01 -1.16844408276065E+00
DistFromNuc =  1.3385592681E+00
Rho =  2.5354851266E-01
DelSqRho =  1.2638601662E+00
GradDelSqRho = -6.6271710342E-12  1.8565829429E-11  4.2778891540E-11
HessDelSqRho_EigVals = -2.4573169005E+01 -4.7527644556E-01 -3.6181148355E-01
HessDelSqRho_EigVec1 =  1.2693593711E-01  4.7604329883E-01  8.7021264384E-01
HessDelSqRho_EigVec2 =  6.0956967124E-01 -7.2953388969E-01  3.1016950158E-01
HessDelSqRho_EigVec3 =  7.8250372764E-01  4.9108357887E-01 -3.8278562511E-01
</CP of DelSqRho>
<CP of DelSqRho>
CP# = 55      
Type = (3,-1)
Coords =  9.81465766348489E-01 -6.89598628439105E-01  5.98813823847888E-01
DistFromNuc =  1.3407162160E+00
Rho =  2.5982345943E-01
DelSqRho =  1.1822528694E+00
GradDelSqRho = -2.3314683517E-15  4.1078251911E-15 -1.3877787808E-15
HessDelSqRho_EigVals = -2.3563318040E+01 -1.5592634028E-01  4.0224241093E-01
HessDelSqRho_EigVec1 =  7.2582774756E-01 -5.0951512092E-01  4.6213463668E-01
HessDelSqRho_EigVec2 = -2.2229024447E-01  4.6204574448E-01  8.5854573391E-01
HessDelSqRho_EigVec3 = -6.5096937569E-01 -7.2588433759E-01  2.2210538120E-01
</CP of DelSqRho>
<CP of DelSqRho>
CP# = 56      
Type = (3,+1)
Coords = -7.93055135543787E-01 -4.24452879918810E-01  1.03599870232550E+00
DistFromNuc =  1.3720249891E+00
Rho =  2.4370778268E-01
DelSqRho =  1.1270283985E+00
GradDelSqRho =  2.2845059178E-12  1.5829837441E-12 -4.1040504328E-12
HessDelSqRho_EigVals = -2.2366719826E+01  2.5524052552E-01  3.1297531249E-01
HessDelSqRho_EigVec1 = -5.7835382332E-01 -3.0394619873E-01  7.5704924763E-01
HessDelSqRho_EigVec2 = -7.8659326463E-01  4.5380465886E-01 -4.1872708012E-01
HessDelSqRho_EigVec3 =  2.1628197126E-01  8.3766224689E-01  5.0154169222E-01
</CP of DelSqRho>
<CP of DelSqRho>
CP# = 57      
Type = (3,-1)
Coords =  9.90844621814527E-01  6.76413882542983E-01 -5.98507179506352E-01
DistFromNuc =  1.3407111028E+00
Rho =  2.5983121380E-01
DelSqRho =  1.1822036877E+00
GradDelSqRho = -2.7755575616E-15  1.7208456882E-15  1.9428902931E-15
HessDelSqRho_EigVals = -2.3562933941E+01 -1.5552277300E-01  4.0243370910E-01
HessDelSqRho_EigVec1 =  7.3276988966E-01  4.9975896489E-01 -4.6183250841E-01
HessDelSqRho_EigVec2 = -2.2789051673E-01 -4.5926793547E-01 -8.5856792151E-01
HessDelSqRho_EigVec3 = -6.4118187841E-01  7.3437997009E-01 -2.2264738565E-01
</CP of DelSqRho>
<CP of DelSqRho>
CP# = 58      
Type = (3,+1)
Coords = -7.86470994782544E-01  4.34956743160602E-01 -1.03676930462502E+00
DistFromNuc =  1.3720299106E+00
Rho =  2.4370441231E-01
DelSqRho =  1.1269973432E+00
GradDelSqRho =  5.2180482157E-15 -8.3266726847E-16  7.4384942650E-15
HessDelSqRho_EigVals = -2.2366184779E+01  2.5541184034E-01  3.1320105160E-01
HessDelSqRho_EigVec1 =  5.7361950192E-01 -3.1159855427E-01  7.5754010322E-01
HessDelSqRho_EigVec2 =  7.9316591670E-01  4.4225982449E-01 -4.1868135404E-01
HessDelSqRho_EigVec3 =  2.0456904847E-01 -8.4101878018E-01 -5.0083821318E-01
</CP of DelSqRho>
<CP of DelSqRho>
CP# = 59      
Type = (3,+1)
Coords =  7.96335558483136E-01  1.03125393472940E+00  4.29815849340528E-01
DistFromNuc =  1.3720227594E+00
Rho =  2.4370863479E-01
DelSqRho =  1.1270357402E+00
GradDelSqRho =  2.1233015346E-15  2.6645352591E-15  1.9012569297E-15
HessDelSqRho_EigVals = -2.2366807052E+01  2.5509175648E-01  3.1301373734E-01
HessDelSqRho_EigVec1 =  5.8083244534E-01  7.5355155694E-01  3.0788589036E-01
HessDelSqRho_EigVec2 =  7.8694372539E-01 -4.2305261852E-01 -4.4916150217E-01
HessDelSqRho_EigVec3 =  2.0821441715E-01 -5.0317644321E-01  8.3872535641E-01
</CP of DelSqRho>
<CP of DelSqRho>
CP# = 60      
Type = (3,-1)
Coords = -9.82417691639219E-01  6.05246431390231E-01  6.82662623991244E-01
DistFromNuc =  1.3407086371E+00
Rho =  2.5982874429E-01
DelSqRho =  1.1822576490E+00
GradDelSqRho =  7.1898043075E-13 -6.7121308511E-13 -4.3876013933E-13
HessDelSqRho_EigVals = -2.3563593524E+01 -1.5591834710E-01  4.0218211868E-01
HessDelSqRho_EigVec1 =  7.2637016148E-01 -4.6684956815E-01 -5.0441834744E-01
HessDelSqRho_EigVec2 = -2.3107555462E-01 -8.5706609063E-01  4.6047997172E-01
HessDelSqRho_EigVec3 =  6.4729473702E-01  2.1792016202E-01  7.3042475753E-01
</CP of DelSqRho>
<CP of DelSqRho>
CP# = 61      
Type = (3,+1)
Coords =  7.82852208842056E-01 -1.04165509842604E+00 -4.29574785588184E-01
DistFromNuc =  1.3720253350E+00
Rho =  2.4370722923E-01
DelSqRho =  1.1270305510E+00
GradDelSqRho =  2.1857515797E-15  2.1094237468E-15 -1.1241008124E-15
HessDelSqRho_EigVals = -2.2366742632E+01  2.5513677619E-01  3.1307520960E-01
HessDelSqRho_EigVec1 = -5.7097138153E-01  7.6114713782E-01  3.0764706413E-01
HessDelSqRho_EigVec2 =  7.9250786788E-01  4.1319632839E-01  4.4855331183E-01
HessDelSqRho_EigVec3 = -2.1429643212E-01 -4.9992382300E-01  8.3913837380E-01
</CP of DelSqRho>
<CP of DelSqRho>
CP# = 62      
Type = (3,-1)
Coords = -9.90014144222729E-01 -5.92012498056765E-01 -6.83371119638724E-01
DistFromNuc =  1.3407057693E+00
Rho =  2.5982657315E-01
DelSqRho =  1.1823029360E+00
GradDelSqRho =  3.3814062661E-12  2.8460428458E-12  2.1590507160E-12
HessDelSqRho_EigVals = -2.3564089112E+01 -1.5626794331E-01  4.0192265320E-01
HessDelSqRho_EigVec1 =  7.3224607901E-01  4.5707766228E-01  5.0487195449E-01
HessDelSqRho_EigVec2 =  2.1917503361E-01 -8.6004453769E-01  4.6074472090E-01
HessDelSqRho_EigVec3 = -6.4480848662E-01  2.2672318771E-01  7.2994425248E-01
</CP of DelSqRho>
<CP of DelSqRho>
CP# = 63      
Type = (3,-1)
