 AIMInt (Version 19.02.13, Professional)
 Portions Copyright (c) 1997-2019 by Todd A. Keith
 AIMInt is a component of the AIMAll package ( http://aim.tkgristmill.com )

 TP:  64-bit Linux

 Licensed To:  Research Group of Fernando Cortes Guzman, UNAM, fercor@unam.mx

 AIMInt is a heavily modified and extended version of the PROAIMV program
 developed by members of R.F.W. Bader's research group

 Much of the Quantum Theory of Atoms in Molecules (QTAIM) is described in the book:
   "Atoms in Molecules - A Quantum Theory"
   R.F.W. Bader, Oxford University Press, Oxford, 1990

 For additional references see:  http://aim.tkgristmill.com/references.html

 Current Directory:  /home/scratch/M_H2O_4_tetraedrico/Opt

 Inp File:  Ni2_tetraedrico_cc-pvtz-def2-tzv_2_atomicfiles/ni1.inp
 Wfx File:  Ni2_tetraedrico_cc-pvtz-def2-tzv_2.wfx
 Out File:  Ni2_tetraedrico_cc-pvtz-def2-tzv_2_atomicfiles/ni1.int

 Wfx Title:   Ni2_tetraedrico_cc-pvtz-def2-tzv_2                                            
 Job Title:   Ni2_tetraedrico_cc-pvtz-def2-tzv_2                                            
 
<Atom>
Ni1     
</Atom>
<Nuclei of Molecule>
    13
Ni1       28.0           1.1941314399E-05   1.2815213619E-02  -2.5890637525E-05
O2         8.0           2.7729347060E+00   1.9915757675E+00   3.0750197972E-01
H3         1.0           4.1879067741E+00   1.9505801482E+00   1.5081803908E+00
O4         8.0          -3.0809669503E-01  -1.9580253803E+00   2.7784671853E+00
H5         1.0          -1.9320098704E+00  -2.5341068963E+00   3.4594895992E+00
O6         8.0          -2.7779044882E+00   1.9835905925E+00  -3.1370102121E-01
H7         1.0          -4.1949446570E+00   1.9334129352E+00  -1.5116834923E+00
O8         8.0           3.1311545189E-01  -1.9658793504E+00  -2.7723717252E+00
H9         1.0           1.9379911926E+00  -2.5452853726E+00  -3.4482994942E+00
H10        1.0           9.8811579893E-01  -3.0285021050E+00   3.5561987529E+00
H11        1.0          -3.2710475816E+00   3.2455074489E+00   9.5624879728E-01
H12        1.0           3.2654775255E+00   3.2471774066E+00  -9.6882456843E-01
H13        1.0          -9.8221533637E-01  -3.0377025804E+00  -3.5497563959E+00
</Nuclei of Molecule>
<Total Number of CPs of DelSqRho>
    90
</Total Number of CPs of DelSqRho>
<Number of (3,+3) CPs of DelSqRho>
    12
</Number of (3,+3) CPs of DelSqRho>
<Number of (3,+1) CPs of DelSqRho>
    30
</Number of (3,+1) CPs of DelSqRho>
<Number of (3,-1) CPs of DelSqRho>
    36
</Number of (3,-1) CPs of DelSqRho>
<Number of (3,-3) CPs of DelSqRho>
    12
</Number of (3,-3) CPs of DelSqRho>
<Number of Degenerate CPs of DelSqRho>
     0
</Number of Degenerate CPs of DelSqRho>
<CP of DelSqRho>
CP# = 1       
Type = (3,+3)
Coords =  1.19413143490056E-05  1.28152136475078E-02 -2.58906375833010E-05
DistFromNuc =  2.8567869068E-11
Rho =  1.4831099140E+04
DelSqRho = -1.0709611614E+10
GradDelSqRho =  1.7828540877E-05  1.0254943371E-01 -1.9860766315E-04
HessDelSqRho_EigVals =  1.2806171841E+17  1.2806171841E+17  1.2806171842E+17
HessDelSqRho_EigVec1 =  2.5727052289E-02  9.9961722656E-01  1.0174435815E-02
HessDelSqRho_EigVec2 =  9.0122341281E-01 -2.7596576155E-02  4.3247518911E-01
HessDelSqRho_EigVec3 = -4.3259042868E-01  1.9568720347E-03  9.0158842698E-01
</CP of DelSqRho>
<CP of DelSqRho>
CP# = 2       
Type = (3,-1)
Coords = -3.82824192090647E-03  1.14658641695981E-01 -1.03119433355814E-01
DistFromNuc =  1.4496589047E-01
Rho =  1.3724478341E+02
DelSqRho = -1.0391204800E+04
GradDelSqRho =  0.0000000000E+00  5.8207660913E-11 -2.9103830457E-11
HessDelSqRho_EigVals = -1.2839186554E+05 -1.0668311619E+05  2.4797744754E+07
HessDelSqRho_EigVec1 =  9.2942639889E-02  7.1018270386E-01  6.9785542402E-01
HessDelSqRho_EigVec2 =  9.9532945998E-01 -4.7901452498E-02 -8.3813584452E-02
HessDelSqRho_EigVec3 =  2.6094669582E-02 -7.0238591813E-01  7.1131785457E-01
</CP of DelSqRho>
<CP of DelSqRho>
CP# = 3       
Type = (3,-3)
Coords = -2.88543981064713E-03 -1.64094490666667E-01  1.86019624545912E-01
DistFromNuc =  2.5674573416E-01
Rho =  3.3123965610E+01
DelSqRho =  3.3657527607E+03
GradDelSqRho =  4.2632564146E-14 -6.5369931690E-13  2.1145751816E-11
HessDelSqRho_EigVals = -1.2462369647E+06 -4.0037831729E+04 -3.9298575741E+04
HessDelSqRho_EigVec1 = -1.2240917369E-02 -6.8888838069E-01  7.2476407119E-01
HessDelSqRho_EigVec2 =  1.1324432560E-01  7.1919995261E-01  6.8551232730E-01
HessDelSqRho_EigVec3 =  9.9349176275E-01 -9.0466718214E-02 -6.9209032893E-02
</CP of DelSqRho>
<CP of DelSqRho>
CP# = 4       
Type = (3,-3)
Coords =  1.87706956641832E-03  1.90186135529725E-01 -1.86133268662479E-01
DistFromNuc =  2.5709896693E-01
Rho =  3.2960828855E+01
DelSqRho =  3.3584560991E+03
GradDelSqRho = -3.9790393203E-13  1.8133050617E-11 -2.0236257114E-11
HessDelSqRho_EigVals = -1.2393052370E+06 -3.9422907119E+04 -3.8042491487E+04
HessDelSqRho_EigVec1 = -6.2193373254E-03 -6.9026732024E-01  7.2352770952E-01
HessDelSqRho_EigVec2 =  9.0637896245E-02  7.2017430426E-01  6.8784718016E-01
HessDelSqRho_EigVec3 =  9.9586449460E-01 -6.9856983108E-02 -5.8085370822E-02
</CP of DelSqRho>
<CP of DelSqRho>
CP# = 5       
Type = (3,+1)
Coords = -1.34507040390318E-01  2.33143206825937E-01 -1.14305799874655E-03
DistFromNuc =  2.5814923802E-01
Rho =  3.3821615882E+01
DelSqRho =  2.9453972117E+03
GradDelSqRho = -4.5474735089E-12 -2.7284841053E-12 -8.5265128291E-13
HessDelSqRho_EigVals = -1.1864091665E+06  1.8476107977E+04  2.7943557661E+04
HessDelSqRho_EigVec1 = -5.2303286717E-01  8.5229638269E-01 -5.2436545638E-03
HessDelSqRho_EigVec2 =  8.5183167047E-01  5.2252126991E-01 -3.6801191312E-02
HessDelSqRho_EigVec3 =  2.8625601192E-02  2.3714943634E-02  9.9930884936E-01
</CP of DelSqRho>
<CP of DelSqRho>
CP# = 6       
Type = (3,-3)
Coords = -2.27727086581412E-03  1.90804724998593E-01  1.85485154464777E-01
DistFromNuc =  2.5709891970E-01
Rho =  3.2960786430E+01
DelSqRho =  3.3584647059E+03
GradDelSqRho = -9.5212726592E-13 -1.8047785488E-11 -7.3896444519E-12
HessDelSqRho_EigVals = -1.2393070128E+06 -3.9422427459E+04 -3.8043925870E+04
HessDelSqRho_EigVec1 = -7.8686669044E-03  6.9267600062E-01  7.2120596381E-01
HessDelSqRho_EigVec2 = -8.7748684031E-02  7.1796778723E-01 -6.9052329791E-01
HessDelSqRho_EigVec3 =  9.9611156631E-01  6.8718372061E-02 -5.5131958149E-02
</CP of DelSqRho>
<CP of DelSqRho>
CP# = 7       
Type = (3,-1)
Coords =  5.19660004564508E-03 -8.69730265581097E-02 -1.05126694342114E-01
DistFromNuc =  1.4501983486E-01
Rho =  1.3709701787E+02
DelSqRho = -1.0284356127E+04
GradDelSqRho = -2.9103830457E-11  4.3655745685E-11  2.9103830457E-11
HessDelSqRho_EigVals = -1.6291093796E+05 -1.5051672589E+05  2.4709244495E+07
HessDelSqRho_EigVec1 =  9.9934060181E-01  1.8684820380E-02  3.1132604370E-02
HessDelSqRho_EigVec2 =  7.8830569254E-03  7.2532614301E-01 -6.8836025719E-01
HessDelSqRho_EigVec3 = -3.5443179612E-02  6.8815177377E-01  7.2470057077E-01
</CP of DelSqRho>
<CP of DelSqRho>
CP# = 8       
Type = (3,-1)
Coords =  1.43957475506930E-01  2.99649740234709E-02  3.41080263942609E-03
DistFromNuc =  1.4500428255E-01
Rho =  1.3715337222E+02
DelSqRho = -1.0334214247E+04
GradDelSqRho =  0.0000000000E+00  0.0000000000E+00 -2.9103830457E-11
HessDelSqRho_EigVals = -1.4768092948E+05 -1.1942102828E+05  2.4730975880E+07
HessDelSqRho_EigVec1 =  1.1751086574E-02 -2.9296124295E-01  9.5605210219E-01
HessDelSqRho_EigVec2 = -1.1885670067E-01  9.4893042387E-01  2.9223985930E-01
HessDelSqRho_EigVec3 =  9.9284187899E-01  1.1706733442E-01  2.3669443198E-02
</CP of DelSqRho>
<CP of DelSqRho>
CP# = 9       
Type = (3,-1)
Coords = -1.43975591581628E-01  2.95985171664094E-02 -3.51251962861900E-03
DistFromNuc =  1.4500429473E-01
Rho =  1.3715334123E+02
DelSqRho = -1.0334208969E+04
GradDelSqRho =  0.0000000000E+00 -2.9103830457E-11 -1.4551915228E-11
HessDelSqRho_EigVals = -1.4770182080E+05 -1.1940021769E+05  2.4730959871E+07
HessDelSqRho_EigVec1 =  1.0998776349E-02  2.9560904240E-01  9.5524568618E-01
HessDelSqRho_EigVec2 =  1.1651118991E-01  9.4841760815E-01 -2.9483755387E-01
HessDelSqRho_EigVec3 =  9.9312847585E-01 -1.1453966386E-01  2.4010328120E-02
</CP of DelSqRho>
<CP of DelSqRho>
CP# = 10      
Type = (3,-3)
Coords =  3.33305299599585E-03 -1.64709453925630E-01 -1.85477636919427E-01
DistFromNuc =  2.5674576446E-01
Rho =  3.3123890005E+01
DelSqRho =  3.3657584117E+03
GradDelSqRho =  4.6185277824E-13  3.5811353882E-12 -1.2050804798E-11
HessDelSqRho_EigVals = -1.2462368113E+06 -4.0036541012E+04 -3.9300365881E+04
HessDelSqRho_EigVec1 = -1.3891059051E-02  6.9128043339E-01  7.2245304407E-01
HessDelSqRho_EigVec2 = -1.0747839086E-01  7.1730440351E-01 -6.8842050246E-01
HessDelSqRho_EigVec3 =  9.9411037314E-01  8.7210980503E-02 -6.4333590791E-02
</CP of DelSqRho>
<CP of DelSqRho>
CP# = 11      
Type = (3,-1)
Coords =  3.61137620907176E-03  1.15016783567824E-01  1.02721340465580E-01
DistFromNuc =  1.4496589368E-01
Rho =  1.3724473998E+02
DelSqRho = -1.0391190346E+04
GradDelSqRho =  7.2759576142E-12 -2.9103830457E-11 -2.9103830457E-11
HessDelSqRho_EigVals = -1.2840147959E+05 -1.0668103042E+05  2.4797739477E+07
HessDelSqRho_EigVec1 = -9.2754461260E-02  7.0768105069E-01 -7.0041711887E-01
HessDelSqRho_EigVec2 =  9.9538916044E-01  4.8642286549E-02 -8.2670110864E-02
HessDelSqRho_EigVec3 =  2.4434180718E-02  7.0485562951E-01  7.0892983599E-01
</CP of DelSqRho>
<CP of DelSqRho>
CP# = 12      
Type = (3,+1)
Coords = -1.59746222798647E-01  1.35311618959901E-02  2.03136977367481E-01
DistFromNuc =  2.5845373768E-01
Rho =  3.3690279041E+01
DelSqRho =  2.9208463883E+03
GradDelSqRho =  7.2759576142E-12 -1.2079226508E-13  9.0949470177E-12
HessDelSqRho_EigVals = -1.1797019083E+06  2.5840817487E+04  2.9738658752E+04
HessDelSqRho_EigVec1 = -6.1819622498E-01  2.0889809693E-03  7.8602103253E-01
HessDelSqRho_EigVec2 =  3.9719809495E-02  9.9880190875E-01  2.8584677989E-02
HessDelSqRho_EigVec3 =  7.8501959476E-01 -4.8891545696E-02  6.1753854342E-01
</CP of DelSqRho>
<CP of DelSqRho>
CP# = 13      
Type = (3,+1)
Coords =  1.59769803701538E-01  1.32106169356778E-02 -2.03189504081835E-01
DistFromNuc =  2.5845344797E-01
Rho =  3.3690403416E+01
DelSqRho =  2.9208518749E+03
GradDelSqRho =  5.4569682106E-12 -4.4408920985E-14 -5.4569682106E-12
HessDelSqRho_EigVals = -1.1797071551E+06  2.5839288820E+04  2.9739293511E+04
HessDelSqRho_EigVec1 = -6.1819516273E-01 -8.4956459689E-04  7.8602418475E-01
HessDelSqRho_EigVec2 = -4.3378078433E-02  9.9851234558E-01 -3.3036919246E-02
HessDelSqRho_EigVec3 =  7.8482678541E-01  5.4519482406E-02  6.1731235444E-01
</CP of DelSqRho>
<CP of DelSqRho>
CP# = 14      
Type = (3,-3)
Coords =  2.56890306811270E-01  1.51691819971680E-02  4.82047761504893E-03
DistFromNuc =  2.5693486161E-01
Rho =  3.3063361130E+01
DelSqRho =  3.3551524399E+03
GradDelSqRho =  1.8189894035E-11 -2.8421709430E-14 -4.5474735089E-13
HessDelSqRho_EigVals = -1.2421950727E+06 -4.1425342205E+04 -3.4754770996E+04
HessDelSqRho_EigVec1 =  9.9973980976E-01  1.2748674740E-02  1.8915180792E-02
HessDelSqRho_EigVec2 = -1.8636515507E-02 -2.1633747603E-02  9.9959224750E-01
HessDelSqRho_EigVec3 = -1.3152682683E-02  9.9968467641E-01  2.1390527838E-02
</CP of DelSqRho>
<CP of DelSqRho>
CP# = 15      
Type = (3,-3)
Coords = -2.56871477502624E-01  1.45172215942976E-02 -4.87802920972136E-03
DistFromNuc =  2.5693487685E-01
Rho =  3.3063353756E+01
DelSqRho =  3.3551510629E+03
GradDelSqRho =  1.4551915228E-11 -8.5265128291E-14 -2.2737367544E-13
HessDelSqRho_EigVals = -1.2421941909E+06 -4.1425828740E+04 -3.4754238732E+04
HessDelSqRho_EigVec1 =  9.9976833545E-01 -1.0210455816E-02  1.8947876742E-02
HessDelSqRho_EigVec2 = -1.8688728310E-02  2.4904913284E-02  9.9951512081E-01
HessDelSqRho_EigVec3 =  1.0677400205E-02  9.9963768031E-01 -2.4708323264E-02
</CP of DelSqRho>
<CP of DelSqRho>
CP# = 16      
Type = (3,+1)
Coords =  1.38680103064254E-01 -2.05398872935559E-01  2.30004618070117E-03
DistFromNuc =  2.5855687312E-01
Rho =  3.3657355061E+01
DelSqRho =  2.9389169970E+03
GradDelSqRho =  1.0913936421E-11 -8.1854523160E-12  7.6738615462E-13
HessDelSqRho_EigVals = -1.1797779848E+06  1.9640166733E+04  2.7532160184E+04
HessDelSqRho_EigVec1 = -5.3435091986E-01  8.4522371728E-01 -8.1217113584E-03
HessDelSqRho_EigVec2 =  8.4525504735E-01  5.3436237688E-01 -8.6896822150E-04
HessDelSqRho_EigVec3 = -3.6054644355E-03  7.3292514873E-03  9.9996664079E-01
</CP of DelSqRho>
<CP of DelSqRho>
CP# = 17      
Type = (3,-1)
Coords =  1.81195870038974E-01 -1.22391628913717E-01  1.24874982962620E-01
DistFromNuc =  2.5828034095E-01
Rho =  3.3411904540E+01
DelSqRho =  3.0416210573E+03
GradDelSqRho = -3.6379788071E-12  2.7284841053E-12  9.0949470177E-12
HessDelSqRho_EigVals = -1.1931146478E+06 -1.9667731620E+04  3.7761304180E+04
HessDelSqRho_EigVec1 =  7.0064306268E-01 -5.2324557424E-01  4.8509109223E-01
HessDelSqRho_EigVec2 =  3.6913518367E-02  7.0553542605E-01  7.0771262158E-01
HessDelSqRho_EigVec3 =  7.1255644751E-01  4.7794751974E-01 -5.1364333685E-01
</CP of DelSqRho>
<CP of DelSqRho>
CP# = 18      
Type = (3,-1)
Coords =  3.61906841829465E-04 -2.45270073093841E-01  4.07739243723240E-04
DistFromNuc =  2.5808588828E-01
Rho =  3.3689424417E+01
DelSqRho =  3.0048729000E+03
GradDelSqRho = -1.4210854715E-13  2.8194335755E-11  1.7763568394E-15
HessDelSqRho_EigVals = -1.1929893780E+06 -1.3840459362E+04  4.1253945236E+04
HessDelSqRho_EigVec1 = -1.3535897547E-03  9.9999767162E-01 -1.6806410337E-03
HessDelSqRho_EigVec2 =  9.9988359161E-01  1.3789734911E-03  1.5195448825E-02
HessDelSqRho_EigVec3 = -1.5197731003E-02  1.6598769891E-03  9.9988313006E-01
</CP of DelSqRho>
<CP of DelSqRho>
CP# = 19      
Type = (3,-1)
Coords = -1.80843331310600E-01 -1.23230234136426E-01 -1.24491568903665E-01
DistFromNuc =  2.5828027133E-01
Rho =  3.3411846436E+01
DelSqRho =  3.0416489580E+03
GradDelSqRho = -5.4569682106E-12  4.5474735089E-12  0.0000000000E+00
HessDelSqRho_EigVals = -1.1931180809E+06 -1.9676188408E+04  3.7761308062E+04
HessDelSqRho_EigVec1 =  6.9937152277E-01  5.2649674441E-01  4.8340526607E-01
HessDelSqRho_EigVec2 =  3.8591944914E-02 -7.0314851554E-01  7.0999494849E-01
HessDelSqRho_EigVec3 = -7.1371572417E-01  4.7789469888E-01  5.1208058140E-01
</CP of DelSqRho>
<CP of DelSqRho>
CP# = 20      
Type = (3,+1)
Coords = -2.06065087880962E-03  2.02020758261966E-02  1.44785836476222E-01
DistFromNuc =  1.4501481883E-01
Rho =  1.3755508927E+02
DelSqRho = -1.0683325202E+04
GradDelSqRho = -1.4551915228E-11  3.2741809264E-11  8.7311491370E-11
HessDelSqRho_EigVals = -8.1010450581E+04  1.3393667338E+05  2.4729218072E+07
HessDelSqRho_EigVec1 =  9.9924313636E-01 -3.5400986991E-02  1.6122175949E-02
HessDelSqRho_EigVec2 =  3.6180853287E-02  9.9804473895E-01 -5.0967096326E-02
HessDelSqRho_EigVec3 = -1.4286367372E-02  5.1511835267E-02  9.9857019309E-01
</CP of DelSqRho>
<CP of DelSqRho>
CP# = 21      
Type = (3,-1)
Coords = -4.93379535884450E-03 -8.66369979415316E-02  1.05404420001252E-01
DistFromNuc =  1.4501983691E-01
Rho =  1.3709704206E+02
DelSqRho = -1.0284351729E+04
GradDelSqRho =  5.8207660913E-11 -2.9103830457E-11  5.8207660913E-11
HessDelSqRho_EigVals = -1.6290112406E+05 -1.5053194287E+05  2.4709238121E+07
HessDelSqRho_EigVec1 =  9.9937954051E-01 -1.5971328229E-02  3.1391888677E-02
HessDelSqRho_EigVec2 = -9.9188818825E-03  7.2758314708E-01  6.8594779675E-01
HessDelSqRho_EigVec3 = -3.3795706566E-02 -6.8583356637E-01  7.2697329350E-01
</CP of DelSqRho>
<CP of DelSqRho>
CP# = 22      
Type = (3,+3)
Coords = -8.88946054018718E-02  1.72217855658632E-02  1.14478032468404E-01
DistFromNuc =  1.4503427296E-01
Rho =  1.3775100769E+02
DelSqRho = -1.0837545108E+04
GradDelSqRho =  3.6379788071E-12  1.0913936421E-11  0.0000000000E+00
HessDelSqRho_EigVals =  8.5990052883E+04  1.1309332765E+05  2.4701862280E+07
HessDelSqRho_EigVec1 =  4.4992136751E-01  8.3494316643E-01  3.1692376353E-01
HessDelSqRho_EigVec2 =  6.4949256705E-01 -5.4948329188E-01  5.2557351273E-01
HessDelSqRho_EigVec3 = -6.1296832577E-01  3.0627124841E-02  7.8951365462E-01
</CP of DelSqRho>
<CP of DelSqRho>
CP# = 23      
Type = (3,+3)
Coords =  8.89207266993237E-02  1.70366602730560E-02 -1.14535107523991E-01
DistFromNuc =  1.4503431829E-01
Rho =  1.3775084438E+02
DelSqRho = -1.0837456102E+04
GradDelSqRho =  4.7293724492E-11  7.2759576142E-12  5.8207660913E-11
HessDelSqRho_EigVals =  8.5927854669E+04  1.1310302529E+05  2.4701785035E+07
HessDelSqRho_EigVec1 = -4.5153807909E-01  8.3305061207E-01 -3.1959355572E-01
HessDelSqRho_EigVec2 =  6.4835494023E-01  5.5241761932E-01  5.2389946111E-01
HessDelSqRho_EigVec3 = -6.1298387794E-01 -2.9350495584E-02  7.8955007048E-01
</CP of DelSqRho>
<CP of DelSqRho>
CP# = 24      
Type = (3,+3)
Coords = -8.99037510083724E-02 -1.00730362811326E-01 -6.68668197314014E-03
DistFromNuc =  1.4498895059E-01
Rho =  1.3794335755E+02
DelSqRho = -1.0880882640E+04
GradDelSqRho = -2.9103830457E-11  5.8207660913E-11  0.0000000000E+00
HessDelSqRho_EigVals =  8.7188754328E+04  1.0827628510E+05  2.4775591199E+07
HessDelSqRho_EigVec1 =  4.3357093604E-01 -3.9183991487E-01  8.1146640383E-01
HessDelSqRho_EigVec2 =  6.5319302198E-01 -4.8368810482E-01 -5.8256732940E-01
HessDelSqRho_EigVec3 =  6.2076977975E-01  7.8262845487E-01  4.6233993764E-02
</CP of DelSqRho>
<CP of DelSqRho>
CP# = 25      
Type = (3,+1)
Coords =  1.52178468724563E-01  1.26261962182080E-02  2.08864480016769E-01
DistFromNuc =  2.5843737103E-01
Rho =  3.3674948974E+01
DelSqRho =  2.9225411391E+03
GradDelSqRho = -6.3664629124E-12  9.2370555649E-14 -9.0949470177E-13
HessDelSqRho_EigVals = -1.1803552423E+06  2.6283335571E+04  2.9696874095E+04
HessDelSqRho_EigVec1 =  5.8886296748E-01  4.0586104578E-04  8.0823278875E-01
HessDelSqRho_EigVec2 = -1.2806896976E-01  9.8741284645E-01  9.2812766583E-02
HessDelSqRho_EigVec3 =  7.9802176945E-01  1.5816354173E-01 -5.8150283710E-01
</CP of DelSqRho>
<CP of DelSqRho>
CP# = 26      
Type = (3,-1)
Coords = -3.43860658923412E-04  2.70986465052094E-01 -4.60192652311308E-04
DistFromNuc =  2.5817186191E-01
Rho =  3.3639506297E+01
DelSqRho =  3.0025334176E+03
GradDelSqRho = -1.7763568394E-14  2.5806912163E-11 -2.0428103653E-14
HessDelSqRho_EigVals = -1.1907476441E+06 -1.2695956152E+04  4.0820949472E+04
HessDelSqRho_EigVec1 = -1.3801738420E-03  9.9999763310E-01 -1.6819397131E-03
HessDelSqRho_EigVec2 =  9.9995123386E-01  1.3965532894E-03  9.7764785880E-03
HessDelSqRho_EigVec3 = -9.7788043665E-03  1.6683644514E-03  9.9995079456E-01
</CP of DelSqRho>
<CP of DelSqRho>
CP# = 27      
Type = (3,-1)
Coords = -4.38161530463234E-03  1.41152576991662E-02  2.57892241008413E-01
DistFromNuc =  2.5795882634E-01
Rho =  3.3436287391E+01
DelSqRho =  3.0638296039E+03
GradDelSqRho = -4.2064129957E-12 -3.5527136788E-13 -2.0463630790E-12
HessDelSqRho_EigVals = -1.2000466558E+06 -2.3482141798E+04  3.7501274320E+04
HessDelSqRho_EigVec1 = -1.6981012861E-02  3.4203618019E-03  9.9984996191E-01
HessDelSqRho_EigVec2 =  9.9985513048E-01 -1.1096573817E-03  1.6984896641E-02
HessDelSqRho_EigVec3 =  1.1675853825E-03  9.9999353487E-01 -3.4010231895E-03
</CP of DelSqRho>
<CP of DelSqRho>
CP# = 28      
Type = (3,-1)
Coords =  4.40604479136554E-03  1.32623346626260E-02 -2.57946629687876E-01
DistFromNuc =  2.5795855422E-01
Rho =  3.3436405933E+01
DelSqRho =  3.0638334443E+03
GradDelSqRho = -2.1600499167E-12  1.4210854715E-14 -1.9326762413E-12
HessDelSqRho_EigVals = -1.2000511785E+06 -2.3482567414E+04  3.7500936523E+04
HessDelSqRho_EigVec1 = -1.6989685421E-02 -1.1387304730E-04  9.9985565839E-01
HessDelSqRho_EigVec2 =  9.9984957959E-01  3.4869477674E-03  1.6989979256E-02
HessDelSqRho_EigVec3 = -3.4883791565E-03  9.9999391410E-01  5.4613772817E-05
</CP of DelSqRho>
<CP of DelSqRho>
CP# = 29      
Type = (3,+1)
Coords = -1.52153483646900E-01  1.15855732092884E-02 -2.08913815092328E-01
DistFromNuc =  2.5843760089E-01
Rho =  3.3674849273E+01
DelSqRho =  2.9225359419E+03
GradDelSqRho = -9.0949470177E-13  1.4210854715E-13  9.0949470177E-13
HessDelSqRho_EigVals = -1.1803504286E+06  2.6285430859E+04  2.9695320889E+04
HessDelSqRho_EigVec1 =  5.8885993029E-01  3.6210329080E-03  8.0822699201E-01
HessDelSqRho_EigVec2 =  1.2422782544E-01  9.8770174251E-01 -9.4935321266E-02
HessDelSqRho_EigVec3 =  7.9863097228E-01 -1.5630788834E-01 -5.8116814620E-01
</CP of DelSqRho>
<CP of DelSqRho>
CP# = 30      
Type = (3,+1)
Coords =  1.33983290431464E-01  2.33479660316524E-01  3.49736445655845E-04
DistFromNuc =  2.5814968820E-01
Rho =  3.3821689664E+01
DelSqRho =  2.9453195507E+03
GradDelSqRho = -5.4569682106E-12 -6.3664629124E-12  3.9790393203E-13
HessDelSqRho_EigVals = -1.1863955758E+06  1.8484448613E+04  2.7957085617E+04
HessDelSqRho_EigVec1 =  5.2091348466E-01  8.5360617039E-01  2.3764221571E-03
HessDelSqRho_EigVec2 =  8.5312753783E-01 -5.2052382653E-01 -3.5047827420E-02
HessDelSqRho_EigVec3 =  2.8680057390E-02 -2.0284277095E-02  9.9938281074E-01
</CP of DelSqRho>
<CP of DelSqRho>
CP# = 31      
Type = (3,+1)
Coords = -1.38111791670413E-01 -2.05750376539117E-01 -1.61892781189550E-03
DistFromNuc =  2.5855680340E-01
Rho =  3.3657656586E+01
DelSqRho =  2.9388467093E+03
GradDelSqRho =  3.6379788071E-12  9.0949470177E-12  1.1084466678E-12
HessDelSqRho_EigVals = -1.1797732505E+06  1.9647163582E+04  2.7545705330E+04
HessDelSqRho_EigVec1 =  5.3224278122E-01  8.4657529402E-01  5.2814186679E-03
HessDelSqRho_EigVec2 =  8.4658405511E-01 -5.3225420480E-01  9.4820967218E-04
HessDelSqRho_EigVec3 = -3.6137881753E-03 -3.9664870795E-03  9.9998560365E-01
</CP of DelSqRho>
<CP of DelSqRho>
CP# = 32      
Type = (3,-1)
Coords =  1.79353158850138E-01  1.50853438047220E-01  1.23226857943235E-01
DistFromNuc =  2.5769956101E-01
Rho =  3.3656198666E+01
DelSqRho =  3.0515245566E+03
GradDelSqRho = -3.6379788071E-12  4.5474735089E-12 -2.2737367544E-12
HessDelSqRho_EigVals = -1.2031865993E+06 -2.0411842548E+04  3.6975927653E+04
HessDelSqRho_EigVec1 =  6.9683939779E-01  5.3593410399E-01  4.7664398650E-01
HessDelSqRho_EigVec2 =  5.1069061400E-02 -6.9995368497E-01  7.1236001422E-01
HessDelSqRho_EigVec3 = -7.1540674071E-01  4.7205876231E-01  5.1512495598E-01
</CP of DelSqRho>
<CP of DelSqRho>
CP# = 33      
Type = (3,-1)
Coords = -1.83469260200559E-01  1.50892252272238E-01  1.17391915072559E-01
DistFromNuc =  2.5790998626E-01
Rho =  3.3591573239E+01
DelSqRho =  3.0434631536E+03
GradDelSqRho =  7.2759576142E-12  0.0000000000E+00 -9.0949470177E-13
HessDelSqRho_EigVals = -1.1988791733E+06 -1.9521335515E+04  3.7457760284E+04
HessDelSqRho_EigVec1 =  7.1271620735E-01 -5.3550668888E-01 -4.5306533077E-01
HessDelSqRho_EigVec2 = -7.6567447271E-02 -7.0142868484E-01  7.0861500556E-01
HessDelSqRho_EigVec3 =  6.9726109442E-01  4.7035134341E-01  5.4092197215E-01
</CP of DelSqRho>
<CP of DelSqRho>
CP# = 34      
Type = (3,-1)
Coords = -1.84935582491865E-01 -1.22534752606642E-01  1.18714643902999E-01
DistFromNuc =  2.5811724945E-01
Rho =  3.3508445937E+01
DelSqRho =  3.0402290506E+03
GradDelSqRho =  0.0000000000E+00 -5.4569682106E-12 -5.4569682106E-12
HessDelSqRho_EigVals = -1.1955344479E+06 -1.9583463691E+04  3.7911423975E+04
HessDelSqRho_EigVec1 =  7.1525469618E-01  5.2436867932E-01 -4.6200455380E-01
HessDelSqRho_EigVec2 = -6.3893077756E-02  7.0737523613E-01  7.0394456453E-01
HessDelSqRho_EigVec3 = -6.9593706196E-01  4.7398076275E-01 -5.3945698841E-01
</CP of DelSqRho>
<CP of DelSqRho>
CP# = 35      
Type = (3,-1)
Coords =  1.83159042069736E-01  1.50920380583462E-01 -1.17931307925260E-01
DistFromNuc =  2.5791003292E-01
Rho =  3.3591525825E+01
DelSqRho =  3.0434847702E+03
GradDelSqRho =  3.6379788071E-12  4.5474735089E-12  6.3664629124E-12
HessDelSqRho_EigVals = -1.1988808247E+06 -1.9529344477E+04  3.7457983098E+04
HessDelSqRho_EigVec1 =  7.1142013270E-01  5.3562515918E-01 -4.5495833177E-01
HessDelSqRho_EigVec2 = -7.8219062941E-02  7.0370908857E-01  7.0616945336E-01
HessDelSqRho_EigVec3 = -6.9840043885E-01  4.6679675183E-01 -5.4252891121E-01
</CP of DelSqRho>
<CP of DelSqRho>
CP# = 36      
Type = (3,-1)
Coords = -1.79662518779457E-01  1.50025643822813E-01 -1.23717328118503E-01
DistFromNuc =  2.5769979719E-01
Rho =  3.3656185075E+01
DelSqRho =  3.0514913240E+03
GradDelSqRho =  1.8189894035E-12 -5.4569682106E-12  3.6379788071E-12
HessDelSqRho_EigVals = -1.2031789110E+06 -2.0402801972E+04  3.6975795713E+04
HessDelSqRho_EigVec1 =  6.9813260586E-01 -5.3272546179E-01  4.7834553097E-01
HessDelSqRho_EigVec2 =  4.9419058043E-02  7.0237117699E-01  7.1009329418E-01
HessDelSqRho_EigVec3 =  7.1426089165E-01  4.7209989631E-01 -5.1667501059E-01
</CP of DelSqRho>
<CP of DelSqRho>
CP# = 37      
Type = (3,-1)
Coords =  1.85287914374066E-01 -1.22501293668075E-01 -1.18292310660559E-01
DistFromNuc =  2.5811758840E-01
Rho =  3.3508327146E+01
DelSqRho =  3.0402015569E+03
GradDelSqRho =  7.2759576142E-12 -5.4569682106E-12 -2.7284841053E-12
HessDelSqRho_EigVals = -1.1955264234E+06 -1.9574776618E+04  3.7911728412E+04
HessDelSqRho_EigVec1 =  7.1652607492E-01 -5.2424659065E-01 -4.6016942113E-01
HessDelSqRho_EigVec2 = -6.2216464675E-02 -7.0508454209E-01  7.0638863243E-01
HessDelSqRho_EigVec3 =  6.9478017781E-01  4.7751575963E-01  5.3782822892E-01
</CP of DelSqRho>
<CP of DelSqRho>
CP# = 38      
Type = (3,-1)
Coords =  5.88933366313287E-01 -3.83462665203471E-03  1.06536458564397E-02
DistFromNuc =  5.8925352312E-01
Rho =  4.0703595798E+00
DelSqRho = -1.0773827369E+01
GradDelSqRho = -4.6895820560E-13  8.8817841970E-14  7.1054273576E-15
HessDelSqRho_EigVals = -1.1329650242E+03 -9.4425549157E+02  6.9646548997E+03
HessDelSqRho_EigVec1 = -1.5892488038E-02  8.6455834415E-02  9.9612891611E-01
HessDelSqRho_EigVec2 =  2.5019031973E-02  9.9597719006E-01 -8.6043505988E-02
HessDelSqRho_EigVec3 =  9.9956064191E-01 -2.3554735812E-02  1.7991596865E-02
</CP of DelSqRho>
<CP of DelSqRho>
CP# = 39      
Type = (3,-1)
Coords = -1.09094880115359E-02  4.22310688687439E-01  4.28406621419259E-01
DistFromNuc =  5.9275647538E-01
Rho =  3.9906883104E+00
DelSqRho = -7.9534152191E+00
GradDelSqRho =  4.2632564146E-14  2.5579538487E-13  3.2684965845E-13
HessDelSqRho_EigVals = -1.0731839276E+03 -1.0623352848E+03  6.4984162534E+03
HessDelSqRho_EigVec1 =  9.2636872720E-01 -2.6074207321E-01  2.7176194091E-01
HessDelSqRho_EigVec2 =  3.7623191230E-01  6.7334884035E-01 -6.3643608270E-01
HessDelSqRho_EigVec3 = -1.7044924092E-02  6.9181999860E-01  7.2186879702E-01
</CP of DelSqRho>
<CP of DelSqRho>
CP# = 40      
Type = (3,-1)
Coords =  9.94975143543879E-03  4.20900588757339E-01 -4.29824612164195E-01
DistFromNuc =  5.9275574607E-01
Rho =  3.9907321486E+00
DelSqRho = -7.9541257343E+00
GradDelSqRho = -5.6843418861E-14  9.9475983006E-14  1.4210854715E-13
HessDelSqRho_EigVals = -1.0732481796E+03 -1.0622698141E+03  6.4985044910E+03
HessDelSqRho_EigVec1 =  9.2208937580E-01  2.7030367400E-01  2.7692437028E-01
HessDelSqRho_EigVec2 = -3.8667109144E-01  6.7201842458E-01  6.3156686429E-01
HessDelSqRho_EigVec3 = -1.5383435252E-02 -6.8943974418E-01  7.2417966629E-01
</CP of DelSqRho>
<CP of DelSqRho>
CP# = 41      
Type = (3,+1)
Coords = -1.04429216928489E-01 -5.28569546060176E-02 -7.61675015392491E-02
DistFromNuc =  1.4497701240E-01
Rho =  1.3778811528E+02
DelSqRho = -1.0781785739E+04
GradDelSqRho = -2.1827872843E-11  0.0000000000E+00  5.8207660913E-11
HessDelSqRho_EigVals = -5.3034177839E+04  1.6195339303E+05  2.4790735751E+07
HessDelSqRho_EigVec1 =  5.1826814163E-02  7.1942907974E-01 -6.9262961283E-01
HessDelSqRho_EigVec2 = -6.9133406699E-01  5.2635091253E-01  4.9498679245E-01
HessDelSqRho_EigVec3 =  7.2067412133E-01  4.5318485865E-01  5.2464492253E-01
</CP of DelSqRho>
<CP of DelSqRho>
CP# = 42      
Type = (3,-1)
Coords = -9.80667885731447E-04 -3.93545766675855E-01  4.24583732064342E-01
DistFromNuc =  5.8772745662E-01
Rho =  4.0964743133E+00
DelSqRho = -1.1737565644E+01
GradDelSqRho =  2.8421709430E-14 -1.4921397451E-13  3.3750779949E-13
HessDelSqRho_EigVals = -1.0708430239E+03 -1.0123235386E+03  7.1854906487E+03
HessDelSqRho_EigVec1 =  9.4674925795E-02  7.1902294230E-01  6.8850756486E-01
HessDelSqRho_EigVec2 =  9.9550404312E-01 -7.0388864511E-02 -6.3380658648E-02
HessDelSqRho_EigVec3 = -2.8911180315E-03 -6.9141262369E-01  7.2245430668E-01
</CP of DelSqRho>
<CP of DelSqRho>
CP# = 43      
Type = (3,-1)
Coords =  1.97736922816727E-03 -3.94970799002191E-01 -4.23265982038930E-01
DistFromNuc =  5.8772907871E-01
Rho =  4.0964061482E+00
DelSqRho = -1.1736199508E+01
GradDelSqRho = -2.8421709430E-14 -3.5527136788E-14 -7.1054273576E-15
HessDelSqRho_EigVals = -1.0708312175E+03 -1.0123318874E+03  7.1852731082E+03
HessDelSqRho_EigVec1 = -9.3056829033E-02  7.1671197562E-01 -6.9113267219E-01
HessDelSqRho_EigVec2 =  9.9565041716E-01  7.0154800310E-02 -6.1307020810E-02
HessDelSqRho_EigVec3 = -4.5467986008E-03  6.9383157033E-01  7.2012296077E-01
</CP of DelSqRho>
<CP of DelSqRho>
CP# = 44      
Type = (3,-1)
Coords = -5.88866689470769E-01 -5.31923342525935E-03 -1.06529718654866E-02
DistFromNuc =  5.8925362521E-01
Rho =  4.0703591602E+00
DelSqRho = -1.0773886965E+01
GradDelSqRho = -1.1368683772E-13 -3.6415315208E-14 -1.0658141036E-14
HessDelSqRho_EigVals = -1.1329024843E+03 -9.4431013275E+02  6.9646416968E+03
HessDelSqRho_EigVec1 = -1.5688028578E-02 -8.3249894002E-02  9.9640520919E-01
HessDelSqRho_EigVec2 = -2.7471197919E-02  9.9618754677E-01  8.2799184484E-02
HessDelSqRho_EigVec3 =  9.9949948426E-01  2.6073488737E-02  1.7915193018E-02
</CP of DelSqRho>
<CP of DelSqRho>
CP# = 45      
Type = (3,+1)
Coords = -7.15571773359376E-04  5.64679315787761E-01 -9.51436978159788E-04
DistFromNuc =  5.5186535783E-01
Rho =  5.4046137827E+00
DelSqRho = -6.7587347679E+01
GradDelSqRho =  3.1086244690E-15 -8.5265128291E-13 -5.5511151231E-16
HessDelSqRho_EigVals = -6.4268246870E+02  1.6838725685E+03  1.3484601666E+04
HessDelSqRho_EigVec1 =  9.9974497728E-01  1.3545239132E-03  2.2542086759E-02
HessDelSqRho_EigVec2 = -2.2544306922E-02  1.6467883852E-03  9.9974448851E-01
HessDelSqRho_EigVec3 = -1.3170557701E-03  9.9999772667E-01 -1.6769052195E-03
</CP of DelSqRho>
<CP of DelSqRho>
CP# = 46      
Type = (3,+1)
Coords =  7.92927418734609E-04 -5.38129275483851E-01  9.02727505680664E-04
DistFromNuc =  5.5094582523E-01
Rho =  5.4051372494E+00
DelSqRho = -6.9152231663E+01
GradDelSqRho = -5.3290705182E-15 -7.9580786405E-13 -6.6613381478E-16
HessDelSqRho_EigVals = -4.6966503922E+02  1.6261172375E+03  1.3730310920E+04
HessDelSqRho_EigVec1 =  9.9999828822E-01  1.4149909177E-03  1.1922040594E-03
HessDelSqRho_EigVec2 = -1.1945863374E-03  1.6839501442E-03  9.9999786864E-01
HessDelSqRho_EigVec3 = -1.4129802896E-03  9.9999758105E-01 -1.6856375905E-03
</CP of DelSqRho>
<CP of DelSqRho>
CP# = 47      
Type = (3,+1)
Coords = -1.03732612855044E-02  5.99295513621798E-03  5.56944563390926E-01
DistFromNuc =  5.5710903987E-01
Rho =  5.0998327459E+00
DelSqRho = -5.7593601401E+01
GradDelSqRho = -1.5276668819E-13  7.1054273576E-15  2.7853275242E-12
HessDelSqRho_EigVals = -9.2468371333E+02  1.4216633133E+03  1.2428838430E+04
HessDelSqRho_EigVec1 =  9.9975375187E-01  1.1542614303E-02  1.8952669374E-02
HessDelSqRho_EigVec2 = -1.1808161095E-02  9.9983283678E-01  1.3959434916E-02
HessDelSqRho_EigVec3 = -1.8788372811E-02 -1.4179793604E-02  9.9972292687E-01
</CP of DelSqRho>
<CP of DelSqRho>
CP# = 48      
Type = (3,+1)
Coords =  1.03982075764211E-02  4.15298942745941E-03 -5.56968344553563E-01
DistFromNuc =  5.5710663757E-01
Rho =  5.0999222784E+00
DelSqRho = -5.7597343545E+01
GradDelSqRho = -7.1054273576E-14 -2.8421709430E-14  3.4106051316E-13
HessDelSqRho_EigVals = -9.2461958059E+02  1.4217715201E+03  1.2429382631E+04
HessDelSqRho_EigVec1 =  9.9977839365E-01 -9.1471647027E-03  1.8960299949E-02
HessDelSqRho_EigVec2 =  9.4755898093E-03  9.9980535826E-01 -1.7304877911E-02
HessDelSqRho_EigVec3 = -1.8798318915E-02  1.7480703065E-02  9.9967046982E-01
</CP of DelSqRho>
<CP of DelSqRho>
CP# = 49      
Type = (3,+3)
Coords = -3.36578691018460E-01  8.61047529434861E-03  4.28082551444289E-01
DistFromNuc =  5.4459872547E-01
Rho =  5.6476839804E+00
DelSqRho = -8.4637490887E+01
GradDelSqRho =  3.9790393203E-13 -2.8421709430E-14 -4.8316906032E-13
HessDelSqRho_EigVals =  1.1320733899E+03  1.3255143492E+03  1.5252083733E+04
HessDelSqRho_EigVec1 = -1.8691610588E-01  9.7283132409E-01 -1.3660740917E-01
HessDelSqRho_EigVec2 =  7.6341252267E-01  2.3136142042E-01  6.0305324257E-01
HessDelSqRho_EigVec3 = -6.1827476869E-01 -8.4325568908E-03  7.8591679100E-01
</CP of DelSqRho>
<CP of DelSqRho>
CP# = 50      
Type = (3,+3)
Coords =  3.36601736022572E-01  7.94121573309091E-03 -4.28125227566067E-01
DistFromNuc =  5.4459662874E-01
Rho =  5.6477718909E+00
DelSqRho = -8.4641340242E+01
GradDelSqRho = -3.6948222260E-13  1.7763568394E-14  4.5474735089E-13
HessDelSqRho_EigVals =  1.1323441866E+03  1.3254306095E+03  1.5252655079E+04
HessDelSqRho_EigVec1 =  1.8386696405E-01  9.7395577666E-01  1.3267661679E-01
HessDelSqRho_EigVec2 =  7.6415250243E-01 -2.2653213677E-01  6.0394879257E-01
HessDelSqRho_EigVec3 = -6.1827493283E-01  9.6610621911E-03  7.8590252024E-01
</CP of DelSqRho>
<CP of DelSqRho>
CP# = 51      
Type = (3,+1)
Coords =  3.90646068034437E-01  2.97831374642736E-01  2.67994731429100E-01
DistFromNuc =  5.5286914081E-01
Rho =  5.3137480219E+00
DelSqRho = -6.4823330063E+01
GradDelSqRho = -2.2737367544E-13  1.1368683772E-13 -5.9685589804E-13
HessDelSqRho_EigVals = -7.6326814488E+02  1.5752364925E+03  1.3363506698E+04
HessDelSqRho_EigVec1 =  2.6560807145E-02 -7.0165809724E-01  7.1201856584E-01
HessDelSqRho_EigVec2 = -7.0638848546E-01  4.9081069567E-01  5.1001977278E-01
HessDelSqRho_EigVec3 =  7.0732583095E-01  5.1650825317E-01  4.8260687239E-01
</CP of DelSqRho>
<CP of DelSqRho>
CP# = 52      
Type = (3,+1)
Coords = -4.02961958708249E-01  2.93828022923575E-01  2.56291578385787E-01
DistFromNuc =  5.5412526383E-01
Rho =  5.2717186195E+00
DelSqRho = -6.2899790158E+01
GradDelSqRho = -5.6843418861E-13  5.5422333389E-13  4.5474735089E-13
HessDelSqRho_EigVals = -7.9121902981E+02  1.5252887496E+03  1.3048733684E+04
HessDelSqRho_EigVec1 = -4.5547622564E-02 -7.0606168528E-01  7.0668402462E-01
HessDelSqRho_EigVec2 =  6.8360897487E-01  4.9380686316E-01  5.3743236912E-01
HessDelSqRho_EigVec3 =  7.2842582571E-01 -5.0757430833E-01 -4.6017837625E-01
</CP of DelSqRho>
<CP of DelSqRho>
CP# = 53      
Type = (3,+1)
Coords =  3.84873904300529E-01 -2.91478804319603E-01  2.65072561693546E-01
DistFromNuc =  5.5766546364E-01
Rho =  5.1070965698E+00
DelSqRho = -5.7186607516E+01
GradDelSqRho =  1.0942358131E-12 -8.5265128291E-13  3.9790393203E-13
HessDelSqRho_EigVals = -8.2978990983E+02  1.3334177396E+03  1.2255852678E+04
HessDelSqRho_EigVec1 =  6.4174492839E-02  7.0092462447E-01  7.1034238596E-01
HessDelSqRho_EigVec2 =  7.2176555668E-01  4.5896086489E-01 -5.1808243136E-01
HessDelSqRho_EigVec3 =  6.8915608947E-01 -5.4594834492E-01  4.7644967103E-01
</CP of DelSqRho>
<CP of DelSqRho>
CP# = 54      
Type = (3,+1)
Coords = -3.88697565474515E-01 -2.93707690430766E-01  2.52542539539928E-01
DistFromNuc =  5.5573571353E-01
Rho =  5.1903101745E+00
DelSqRho = -6.0316071965E+01
GradDelSqRho = -2.3874235922E-12 -1.9895196601E-12  1.2221335055E-12
HessDelSqRho_EigVals = -7.6922574365E+02  1.4110929314E+03  1.2681349234E+04
HessDelSqRho_EigVec1 = -9.3591305328E-02  7.0188741767E-01  7.0611239933E-01
HessDelSqRho_EigVec2 = -7.0970257840E-01  4.5037216592E-01 -5.4174455455E-01
HessDelSqRho_EigVec3 =  6.9825705709E-01  5.5183237046E-01 -4.5598039117E-01
</CP of DelSqRho>
<CP of DelSqRho>
CP# = 55      
Type = (3,+1)
Coords =  4.02304076611204E-01  2.93922163229079E-01 -2.57315345612954E-01
DistFromNuc =  5.5412809249E-01
Rho =  5.2716369242E+00
DelSqRho = -6.2894369201E+01
GradDelSqRho = -5.9685589804E-13 -7.5317529991E-13  9.9475983006E-14
HessDelSqRho_EigVals = -7.9152486787E+02  1.5251834543E+03  1.3048096542E+04
HessDelSqRho_EigVec1 = -4.7245642130E-02  7.0836846586E-01  7.0425987098E-01
HessDelSqRho_EigVec2 = -6.8480837242E-01  4.9030649294E-01 -5.3910762936E-01
HessDelSqRho_EigVec3 =  7.2719003181E-01  5.0775354213E-01 -4.6193181108E-01
</CP of DelSqRho>
<CP of DelSqRho>
CP# = 56      
Type = (3,+1)
Coords = -3.91311537891242E-01  2.96008663168994E-01 -2.68969062123653E-01
DistFromNuc =  5.5286799938E-01
Rho =  5.3137908838E+00
DelSqRho = -6.4826149493E+01
GradDelSqRho = -6.2527760747E-13  8.2422957348E-13 -3.8369307731E-13
HessDelSqRho_EigVals = -7.6300152318E+02  1.5752440721E+03  1.3363716207E+04
HessDelSqRho_EigVec1 =  2.4860045544E-02  7.0403561344E-01  7.0972940840E-01
HessDelSqRho_EigVec2 =  7.0519636507E-01  4.9085804608E-01 -5.1162140816E-01
HessDelSqRho_EigVec3 =  7.0857608259E-01 -5.1321753049E-01  4.8428060210E-01
</CP of DelSqRho>
<CP of DelSqRho>
CP# = 57      
Type = (3,+1)
Coords =  3.89458727391632E-01 -2.93670200904465E-01 -2.51502343212627E-01
DistFromNuc =  5.5573601170E-01
Rho =  5.1902710560E+00
DelSqRho = -6.0316784582E+01
GradDelSqRho =  1.7905676941E-12 -1.9610979507E-12 -7.2475359048E-13
HessDelSqRho_EigVals = -7.6894491334E+02  1.4110327481E+03  1.2681261102E+04
HessDelSqRho_EigVec1 = -9.1966094350E-02 -6.9963252242E-01  7.0855950425E-01
HessDelSqRho_EigVec2 =  7.0860685744E-01  4.5394311748E-01  5.4019623071E-01
HessDelSqRho_EigVec3 =  6.9958456177E-01 -5.5176986114E-01 -4.5401702750E-01
</CP of DelSqRho>
<CP of DelSqRho>
CP# = 58      
Type = (3,+1)
Coords = -3.84117362562002E-01 -2.93243071980435E-01 -2.64160254403810E-01
DistFromNuc =  5.5766832293E-01
Rho =  5.1069890145E+00
DelSqRho = -5.7181290204E+01
GradDelSqRho = -7.1054273576E-14  3.4106051316E-13 -6.6791017161E-13
HessDelSqRho_EigVals = -8.3012311709E+02  1.3333802693E+03  1.2255262970E+04
HessDelSqRho_EigVec1 =  6.5790079180E-02 -6.9847046333E-01  7.1260836182E-01
HessDelSqRho_EigVec2 = -7.2287684947E-01  4.5892735465E-01  5.1656049370E-01
HessDelSqRho_EigVec3 =  6.8783771777E-01  5.4911264328E-01  4.7471526098E-01
</CP of DelSqRho>
<CP of DelSqRho>
CP# = 59      
Type = (3,+3)
Coords = -2.71066719318846E-01 -4.62758350296731E-01  2.83335497683325E-03
DistFromNuc =  5.4741394779E-01
Rho =  5.5515310272E+00
DelSqRho = -7.7991409777E+01
GradDelSqRho =  5.6843418861E-14  7.5317529991E-13  8.5265128291E-14
HessDelSqRho_EigVals =  7.1925344254E+02  1.2076982298E+03  1.4519134227E+04
HessDelSqRho_EigVec1 =  8.6750672597E-01 -4.9221852130E-01 -7.1784452981E-02
HessDelSqRho_EigVec2 = -6.5340223296E-02  3.0301452120E-02 -9.9740286606E-01
HessDelSqRho_EigVec3 =  4.9311533704E-01  8.6994410699E-01 -5.8749545710E-03
</CP of DelSqRho>
<CP of DelSqRho>
CP# = 60      
Type = (3,+3)
Coords =  2.72259090107680E-01 -4.62107760166914E-01 -1.28166978082584E-03
DistFromNuc =  5.4742297909E-01
Rho =  5.5511272539E+00
DelSqRho = -7.7973178581E+01
GradDelSqRho =  1.1368683772E-13 -7.1054273576E-14  7.1054273576E-14
HessDelSqRho_EigVals =  7.1869488711E+02  1.2070406650E+03  1.4516977859E+04
HessDelSqRho_EigVec1 =  8.6630211266E-01  4.9409802547E-01 -7.3401572345E-02
HessDelSqRho_EigVec2 = -6.5220295078E-02 -3.3804570574E-02 -9.9729813201E-01
HessDelSqRho_EigVec3 = -4.9524434647E-01  8.6874875093E-01  2.9402481127E-03
</CP of DelSqRho>
<CP of DelSqRho>
CP# = 61      
Type = (3,+3)
Coords =  3.03689602482240E-01  4.64704063776387E-01  7.69831106450809E-03
DistFromNuc =  5.4450281733E-01
Rho =  5.7051993953E+00
DelSqRho = -8.3254575231E+01
GradDelSqRho = -1.1937117961E-12 -1.2789769244E-12 -1.5631940187E-13
HessDelSqRho_EigVals =  9.5220825770E+02  1.1978569802E+03  1.5279874531E+04
HessDelSqRho_EigVec1 =  8.2329182894E-01 -5.5688454083E-01  1.0986433722E-01
HessDelSqRho_EigVec2 = -9.9453326109E-02  4.9036585090E-02  9.9383320997E-01
HessDelSqRho_EigVec3 =  5.5883772272E-01  8.2914113485E-01  1.5012600021E-02
</CP of DelSqRho>
<CP of DelSqRho>
CP# = 62      
Type = (3,+3)
Coords = -3.04793874937063E-01  4.63921578297294E-01 -9.26020937838776E-03
DistFromNuc =  5.4450786084E-01
Rho =  5.7049619299E+00
DelSqRho = -8.3243835126E+01
GradDelSqRho = -3.1263880373E-13 -2.0463630790E-12 -2.1316282073E-14
HessDelSqRho_EigVals =  9.5195420898E+02  1.1972881121E+03  1.5278710755E+04
HessDelSqRho_EigVec1 =  8.2190200143E-01  5.5930074638E-01  1.0798043871E-01
HessDelSqRho_EigVec2 = -9.9320352766E-02 -4.5950782922E-02  9.9399396028E-01
HessDelSqRho_EigVec3 = -5.6090334958E-01  8.2769028063E-01 -1.7782906981E-02
</CP of DelSqRho>
<CP of DelSqRho>
CP# = 63      
Type = (3,+3)
