 AIMInt (Version 19.02.13, Professional)
 Portions Copyright (c) 1997-2019 by Todd A. Keith
 AIMInt is a component of the AIMAll package ( http://aim.tkgristmill.com )

 TP:  64-bit Linux

 Licensed To:  Research Group of Fernando Cortes Guzman, UNAM, fercor@unam.mx

 AIMInt is a heavily modified and extended version of the PROAIMV program
 developed by members of R.F.W. Bader's research group

 Much of the Quantum Theory of Atoms in Molecules (QTAIM) is described in the book:
   "Atoms in Molecules - A Quantum Theory"
   R.F.W. Bader, Oxford University Press, Oxford, 1990

 For additional references see:  http://aim.tkgristmill.com/references.html

 Current Directory:  /home/scratch/M_H2O_4_tetraedrico/Opt

 Inp File:  Ni2_tetraedrico_cc-pvtz-def2-tzv_2_atomicfiles/o2.inp
 Wfx File:  Ni2_tetraedrico_cc-pvtz-def2-tzv_2.wfx
 Out File:  Ni2_tetraedrico_cc-pvtz-def2-tzv_2_atomicfiles/o2.int

 Wfx Title:   Ni2_tetraedrico_cc-pvtz-def2-tzv_2                                            
 Job Title:   Ni2_tetraedrico_cc-pvtz-def2-tzv_2                                            
 
<Atom>
O2      
</Atom>
<Nuclei of Molecule>
    13
Ni1       28.0           1.1941314399E-05   1.2815213619E-02  -2.5890637525E-05
O2         8.0           2.7729347060E+00   1.9915757675E+00   3.0750197972E-01
H3         1.0           4.1879067741E+00   1.9505801482E+00   1.5081803908E+00
O4         8.0          -3.0809669503E-01  -1.9580253803E+00   2.7784671853E+00
H5         1.0          -1.9320098704E+00  -2.5341068963E+00   3.4594895992E+00
O6         8.0          -2.7779044882E+00   1.9835905925E+00  -3.1370102121E-01
H7         1.0          -4.1949446570E+00   1.9334129352E+00  -1.5116834923E+00
O8         8.0           3.1311545189E-01  -1.9658793504E+00  -2.7723717252E+00
H9         1.0           1.9379911926E+00  -2.5452853726E+00  -3.4482994942E+00
H10        1.0           9.8811579893E-01  -3.0285021050E+00   3.5561987529E+00
H11        1.0          -3.2710475816E+00   3.2455074489E+00   9.5624879728E-01
H12        1.0           3.2654775255E+00   3.2471774066E+00  -9.6882456843E-01
H13        1.0          -9.8221533637E-01  -3.0377025804E+00  -3.5497563959E+00
</Nuclei of Molecule>
<Total Number of CPs of DelSqRho>
    37
</Total Number of CPs of DelSqRho>
<Number of (3,+3) CPs of DelSqRho>
     5
</Number of (3,+3) CPs of DelSqRho>
<Number of (3,+1) CPs of DelSqRho>
    15
</Number of (3,+1) CPs of DelSqRho>
<Number of (3,-1) CPs of DelSqRho>
    11
</Number of (3,-1) CPs of DelSqRho>
<Number of (3,-3) CPs of DelSqRho>
     6
</Number of (3,-3) CPs of DelSqRho>
<Number of Degenerate CPs of DelSqRho>
     0
</Number of Degenerate CPs of DelSqRho>
<CP of DelSqRho>
CP# = 1       
Type = (3,+3)
Coords =  2.77293503714102E+00  1.99157591906987E+00  3.07501932187428E-01
DistFromNuc =  3.6723553815E-07
Rho =  2.9731570424E+02
DelSqRho = -3.3296050036E+06
GradDelSqRho =  2.8102440410E-05 -6.1512955654E-06 -9.0711910161E-07
HessDelSqRho_EigVals =  1.3241103002E+11  1.3241104855E+11  1.3241105588E+11
HessDelSqRho_EigVec1 = -4.9841598841E-01  6.7805264327E-01  5.4020932559E-01
HessDelSqRho_EigVec2 = -8.0678219143E-01 -5.9084251681E-01 -2.7596952142E-03
HessDelSqRho_EigVec3 =  3.1730741891E-01 -4.3720673975E-01  8.4152615445E-01
</CP of DelSqRho>
<CP of DelSqRho>
CP# = 2       
Type = (3,-1)
Coords =  1.53349384436397E+00  1.23272960938719E+00  1.83628825586431E-01
DistFromNuc =  1.4585628885E+00
Rho =  1.5911831547E-01
DelSqRho =  5.0690207530E-01
GradDelSqRho = -1.5820678101E-15 -2.3245294578E-15 -1.3704315460E-16
HessDelSqRho_EigVals = -9.2296959612E-01 -7.0500560726E-01  4.3561725114E+00
HessDelSqRho_EigVec1 = -5.7872945395E-01  7.1452736340E-01  3.9309396597E-01
HessDelSqRho_EigVec2 =  1.8138051078E-01 -3.5716761825E-01  9.1626000829E-01
HessDelSqRho_EigVec3 =  7.9509328348E-01  6.0156623861E-01  7.7102082536E-02
</CP of DelSqRho>
<CP of DelSqRho>
CP# = 3       
Type = (3,+1)
Coords =  3.65095878796249E+00  1.96491297258204E+00  1.04972505192791E+00
DistFromNuc =  1.1500140356E+00
Rho =  4.1705765113E-01
DelSqRho = -9.7928610928E-01
GradDelSqRho =  2.1275758932E-12  9.6317398501E-13  3.8344119546E-12
HessDelSqRho_EigVals = -3.2236764087E+01  1.5114249537E+01  1.5992389369E+01
HessDelSqRho_EigVec1 =  7.6266488847E-01 -1.9560663193E-02  6.4649798790E-01
HessDelSqRho_EigVec2 = -4.6370193862E-01  6.8029681217E-01  5.6760616581E-01
HessDelSqRho_EigVec3 =  4.5091327328E-01  7.3267566344E-01 -5.0976817494E-01
</CP of DelSqRho>
<CP of DelSqRho>
CP# = 4       
Type = (3,+1)
Coords =  3.07774630285277E+00  2.76643328443014E+00 -4.84085343335577E-01
DistFromNuc =  1.1488797897E+00
Rho =  4.1638227695E-01
DelSqRho = -9.7061646671E-01
GradDelSqRho =  2.1066481892E-14  1.6532053504E-12 -8.6747622974E-13
HessDelSqRho_EigVals = -3.1915870669E+01  1.5014154238E+01  1.5815564085E+01
HessDelSqRho_EigVec1 =  2.6711451148E-01  6.7782812552E-01 -6.8498092675E-01
HessDelSqRho_EigVec2 = -4.8028997931E-01  7.0987504286E-01  5.1516886483E-01
HessDelSqRho_EigVec3 =  8.3544681071E-01  1.9138039548E-01  5.1517198167E-01
</CP of DelSqRho>
<CP of DelSqRho>
CP# = 5       
Type = (3,+1)
Coords =  2.89645300754033E+00  1.91553528945381E+00  2.21437425222181E-01
DistFromNuc =  1.6865951691E-01
Rho =  2.2491707033E+01
DelSqRho =  1.2282468189E+03
GradDelSqRho = -2.3050006348E-11  7.6560979778E-12  1.4736656340E-11
HessDelSqRho_EigVals = -4.0553512376E+05  2.3891971750E+03  3.5698042480E+03
HessDelSqRho_EigVec1 =  7.2951565036E-01 -4.5452507929E-01 -5.1109086098E-01
HessDelSqRho_EigVec2 =  6.1268696706E-01  7.6641236734E-01  1.9294238409E-01
HessDelSqRho_EigVec3 = -3.0400920426E-01  4.5389319832E-01 -8.3759140889E-01
</CP of DelSqRho>
<CP of DelSqRho>
CP# = 6       
Type = (3,+1)
Coords =  2.74419249420070E+00  2.13374692712455E+00  3.92649090549891E-01
DistFromNuc =  1.6819269859E-01
Rho =  2.2589870077E+01
DelSqRho =  1.2395974156E+03
GradDelSqRho =  7.6738615462E-13  3.7516656448E-12  1.2079226508E-11
HessDelSqRho_EigVals = -4.1642569984E+05  1.8579417468E+03  3.1503882125E+03
HessDelSqRho_EigVec1 = -1.7599287750E-01  8.4359140426E-01  5.0732637398E-01
HessDelSqRho_EigVec2 =  9.3768443979E-01  3.0052982673E-01 -1.7444114943E-01
HessDelSqRho_EigVec3 =  2.9962376147E-01 -4.4501164693E-01  8.4391364230E-01
</CP of DelSqRho>
<CP of DelSqRho>
CP# = 7       
Type = (3,-1)
Coords =  2.89572313333275E+00  2.10641558255701E+00  3.23307971163149E-01
DistFromNuc =  1.6886388118E-01
Rho =  2.2329270671E+01
DelSqRho =  1.2492554471E+03
GradDelSqRho =  8.2991391537E-12  1.2107648217E-11  5.6132876125E-13
HessDelSqRho_EigVals = -4.0504039626E+05 -1.5294129282E+03  1.6786035902E+03
HessDelSqRho_EigVec1 =  7.2587923709E-01  6.8125647069E-01  9.4810096001E-02
HessDelSqRho_EigVec2 = -6.1529309842E-01  5.8152902846E-01  5.3220145819E-01
HessDelSqRho_EigVec3 =  3.0743086408E-01 -4.4464998618E-01  8.4129225219E-01
</CP of DelSqRho>
<CP of DelSqRho>
CP# = 8       
Type = (3,-3)
Coords =  2.62851978944050E+00  1.96076869416050E+00  2.29554430292019E-01
DistFromNuc =  1.6697474170E-01
Rho =  2.2722626681E+01
DelSqRho =  1.2965477087E+03
GradDelSqRho = -5.5138116295E-12  1.5134560272E-12 -2.9558577808E-12
HessDelSqRho_EigVals = -4.5100593028E+05 -3.5349917654E+03 -3.7392578878E+02
HessDelSqRho_EigVec1 =  8.6604603253E-01  1.8603541610E-01  4.6406367397E-01
HessDelSqRho_EigVec2 = -4.5098356618E-01  6.9135621625E-01  5.6448242247E-01
HessDelSqRho_EigVec3 =  2.1581958340E-01  6.9815285304E-01 -6.8264522354E-01
</CP of DelSqRho>
<CP of DelSqRho>
CP# = 9       
Type = (3,-3)
Coords =  2.69642962065544E+00  1.87492967049911E+00  3.99295085842019E-01
DistFromNuc =  1.6698896480E-01
Rho =  2.2713221855E+01
DelSqRho =  1.2974338180E+03
GradDelSqRho =  1.2192913346E-11  1.3642420527E-12  4.0927261580E-12
HessDelSqRho_EigVals = -4.5082593335E+05 -3.6160833234E+03 -5.6687359475E+02
HessDelSqRho_EigVec1 =  4.6113961616E-01  6.9786229183E-01 -5.4803145535E-01
HessDelSqRho_EigVec2 =  4.7150014850E-01 -7.1592553182E-01 -5.1491576287E-01
HessDelSqRho_EigVec3 =  7.5169000550E-01  2.0948855335E-02  6.5918379917E-01
</CP of DelSqRho>
<CP of DelSqRho>
CP# = 10      
Type = (3,+3)
Coords =  2.82159117201391E+00  1.43184396485908E+00 -7.68147090862938E-03
DistFromNuc =  6.4421095155E-01
Rho =  9.3383300510E-01
DelSqRho = -4.1484473935E+00
GradDelSqRho =  1.3322676296E-15 -4.2632564146E-14 -3.5527136788E-15
HessDelSqRho_EigVals =  8.1410233750E+00  2.1826461907E+01  3.0741457200E+02
HessDelSqRho_EigVec1 =  9.4707415667E-01  2.3622080218E-01 -2.1737128231E-01
HessDelSqRho_EigVec2 =  3.0452168183E-01 -4.4684968998E-01  8.4118481909E-01
HessDelSqRho_EigVec3 = -1.0157306264E-01  8.6285867162E-01  4.9513414926E-01
</CP of DelSqRho>
<CP of DelSqRho>
CP# = 11      
Type = (3,-1)
Coords =  3.35117346423927E+00  2.42913514238081E+00  3.15916470099083E-01
DistFromNuc =  7.2518209554E-01
Rho =  6.6959293436E-01
DelSqRho = -1.0329980460E+00
GradDelSqRho = -1.7763568394E-14 -1.7319479184E-14  2.6090241079E-15
HessDelSqRho_EigVals = -1.8982490181E+01 -5.8960726213E+00  1.3355317551E+02
HessDelSqRho_EigVec1 =  3.1592858411E-01 -4.3671151419E-01  8.4230171739E-01
HessDelSqRho_EigVec2 = -5.1963785669E-01  6.6313829516E-01  5.3872451159E-01
HessDelSqRho_EigVec3 =  7.9382972207E-01  6.0789033128E-01  1.7427492568E-02
</CP of DelSqRho>
<CP of DelSqRho>
CP# = 12      
Type = (3,-1)
Coords =  2.37242197799870E+00  2.14496823328061E+00 -2.65832534450908E-01
DistFromNuc =  7.1599731775E-01
Rho =  6.7501617021E-01
DelSqRho = -1.0293785184E+00
GradDelSqRho =  5.3290705182E-15 -2.8865798640E-15 -1.1546319456E-14
HessDelSqRho_EigVals = -1.5432727224E+01 -1.1648707250E+01  1.4388616232E+02
HessDelSqRho_EigVec1 =  6.7382910931E-01  6.6007348825E-01 -3.3205017928E-01
HessDelSqRho_EigVec2 =  4.5603127699E-01 -7.2510781105E-01 -5.1599819453E-01
HessDelSqRho_EigVec3 =  5.8136890684E-01 -1.9626933655E-01  7.8961290623E-01
</CP of DelSqRho>
<CP of DelSqRho>
CP# = 13      
Type = (3,-1)
Coords =  2.78934125081716E+00  1.54537529284476E+00  8.66915978529919E-01
DistFromNuc =  7.1575698414E-01
Rho =  6.7174192506E-01
DelSqRho = -9.8951594202E-01
GradDelSqRho = -6.6613381478E-16  2.1316282073E-14 -1.1546319456E-14
HessDelSqRho_EigVals = -1.5639016258E+01 -1.1884934124E+01  1.4382065065E+02
HessDelSqRho_EigVec1 =  8.9546066061E-01  3.4315967408E-01  2.8353420144E-01
HessDelSqRho_EigVec2 = -4.4512554444E-01  6.9553738595E-01  5.6399556242E-01
HessDelSqRho_EigVec3 = -3.6681039160E-03 -6.3124415469E-01  7.7557550386E-01
</CP of DelSqRho>
<CP of DelSqRho>
CP# = 14      
Type = (3,+1)
Coords =  2.99838774620944E+00  2.22663962613232E+00  9.19899187283016E-01
DistFromNuc =  6.9362412789E-01
Rho =  7.7628035658E-01
DelSqRho = -2.5137693679E+00
GradDelSqRho =  9.7255536957E-14 -3.3129055055E-13 -4.0323300254E-13
HessDelSqRho_EigVals = -1.3352091686E+01  1.3718227587E+01  1.8370343397E+02
HessDelSqRho_EigVec1 =  8.8532221615E-01 -4.6411398405E-01 -2.8333432557E-02
HessDelSqRho_EigVec2 =  4.0176967199E-01  7.9422524738E-01 -4.5583701812E-01
HessDelSqRho_EigVec3 =  2.3406346204E-01  3.9217912518E-01  8.8961217928E-01
</CP of DelSqRho>
<CP of DelSqRho>
CP# = 15      
Type = (3,+1)
Coords =  3.08584901444980E+00  2.06273787284448E+00 -3.06517628433096E-01
DistFromNuc =  6.9281995413E-01
Rho =  7.7750659232E-01
DelSqRho = -2.4960981428E+00
GradDelSqRho =  8.8817841970E-16 -3.5527136788E-15 -5.3290705182E-15
HessDelSqRho_EigVals = -1.1902274475E+01  1.2707751490E+01  1.8230901635E+02
HessDelSqRho_EigVec1 = -9.7678181273E-02  9.9390270874E-01 -5.1150547103E-02
HessDelSqRho_EigVec2 =  8.7732576642E-01  1.1025810448E-01  4.6705743754E-01
HessDelSqRho_EigVec3 = -4.6984941468E-01 -7.4562810872E-04  8.8274626681E-01
</CP of DelSqRho>
<CP of DelSqRho>
CP# = 16      
Type = (3,+1)
Coords =  3.36732342729912E+00  1.66547515933844E+00  4.40817202023959E-01
DistFromNuc =  6.9095043750E-01
Rho =  7.8218408870E-01
DelSqRho = -2.5335341017E+00
GradDelSqRho =  1.0658141036E-14 -2.2204460493E-14 -2.0539125956E-15
HessDelSqRho_EigVals = -1.1972605268E+01  1.3074735113E+01  1.8520610350E+02
HessDelSqRho_EigVec1 =  2.2984045297E-01  5.3676338543E-01  8.1182413997E-01
HessDelSqRho_EigVec2 =  4.8443219353E-01  6.6037910906E-01 -5.7378121456E-01
HessDelSqRho_EigVec3 =  8.4409644949E-01 -5.2515188315E-01  1.0824363065E-01
</CP of DelSqRho>
<CP of DelSqRho>
CP# = 17      
Type = (3,+1)
Coords =  2.23614242017805E+00  1.59549997517242E+00  2.93157281941941E-01
DistFromNuc =  6.6725389604E-01
Rho =  8.5941350191E-01
DelSqRho = -3.4603266101E+00
GradDelSqRho = -5.3290705182E-15  5.3290705182E-15 -1.7763568394E-15
HessDelSqRho_EigVals = -6.7941962866E+00  1.9062130758E+01  2.4500399718E+02
HessDelSqRho_EigVec1 = -5.0337931943E-01  6.7333711980E-01  5.4150381704E-01
HessDelSqRho_EigVec2 = -3.0730197769E-01  4.4621186294E-01 -8.4051202721E-01
HessDelSqRho_EigVec3 =  8.0757337455E-01  5.8950156613E-01  1.7695995317E-02
</CP of DelSqRho>
<CP of DelSqRho>
CP# = 18      
Type = (3,+3)
Coords =  2.30173529190869E+00  2.26851153330698E+00  6.26541435169011E-01
DistFromNuc =  6.3285739342E-01
Rho =  9.8313032178E-01
DelSqRho = -4.6738118909E+00
GradDelSqRho = -3.3750779949E-14  1.5987211555E-14  2.1316282073E-14
HessDelSqRho_EigVals =  1.2901630273E+01  2.5187363773E+01  3.6314333105E+02
HessDelSqRho_EigVec1 =  6.0825357649E-01  7.6988065321E-01  1.9316150365E-01
HessDelSqRho_EigVec2 = -3.0378137852E-01  4.5061984526E-01 -8.3943947317E-01
HessDelSqRho_EigVec3 =  7.3331061683E-01 -4.5191319395E-01 -5.0796653865E-01
</CP of DelSqRho>
<CP of DelSqRho>
CP# = 19      
Type = (3,+3)
Coords =  3.32743623086190E+00  1.96174083993253E+00  7.76159970780101E-01
DistFromNuc =  7.2663772026E-01
Rho =  7.4683167726E-01
DelSqRho = -3.0071204686E+00
GradDelSqRho = -7.9936057773E-15 -4.0523140399E-15 -8.8817841970E-15
HessDelSqRho_EigVals =  1.1111040462E+01  2.2858675871E+01  1.3619838982E+02
HessDelSqRho_EigVec1 = -4.4715169133E-01  6.7794195901E-01  5.8348098954E-01
HessDelSqRho_EigVec2 = -4.6929562760E-01 -7.3314851299E-01  4.9219393720E-01
HessDelSqRho_EigVec3 =  7.6145714184E-01 -5.3739725697E-02  6.4598379471E-01
</CP of DelSqRho>
<CP of DelSqRho>
CP# = 20      
Type = (3,+1)
Coords =  2.69653329177561E+00  2.65160878451095E+00  1.01844522669454E-01
DistFromNuc =  6.9553989771E-01
Rho =  7.7081178212E-01
DelSqRho = -2.4618100885E+00
GradDelSqRho = -1.1657341759E-14  2.3092638912E-14 -1.1546319456E-14
HessDelSqRho_EigVals = -1.3339696610E+01  1.3224485420E+01  1.8060628822E+02
HessDelSqRho_EigVec1 = -5.9990210651E-01  6.6144149619E-02  7.9733456847E-01
HessDelSqRho_EigVec2 = -7.8127213223E-01 -2.6320711402E-01 -5.6598221750E-01
HessDelSqRho_EigVec3 = -1.7242771820E-01  9.6246920294E-01 -2.0957508296E-01
</CP of DelSqRho>
<CP of DelSqRho>
CP# = 21      
Type = (3,+3)
Coords =  2.96245163114030E+00  2.47356989031581E+00 -2.04891938869216E-01
DistFromNuc =  7.2854823255E-01
Rho =  7.4132435487E-01
DelSqRho = -2.9435847023E+00
GradDelSqRho =  5.1070259133E-14  1.2523315718E-13 -1.2345680034E-13
HessDelSqRho_EigVals =  1.0906112378E+01  2.2206186943E+01  1.3393552465E+02
HessDelSqRho_EigVec1 =  4.7657234742E-01 -7.2655298854E-01 -4.9497429480E-01
HessDelSqRho_EigVec2 =  8.4121836580E-01  2.1330437013E-01  4.9684293969E-01
HessDelSqRho_EigVec3 = -2.5540254249E-01 -6.5316307346E-01  7.1284468207E-01
</CP of DelSqRho>
<CP of DelSqRho>
CP# = 22      
Type = (3,-3)
Coords =  2.09512476942677E+00  2.24949023511114E+00 -5.75880446392241E-01
DistFromNuc =  1.1429394969E+00
Rho =  2.4727456207E-01
DelSqRho =  8.3727403810E-01
GradDelSqRho =  2.9420910153E-15  1.6653345369E-16  3.4694469520E-15
HessDelSqRho_EigVals = -1.7496533523E+01 -1.7980595248E+00 -4.7711917999E-01
HessDelSqRho_EigVec1 =  6.1625632579E-01 -1.9826132913E-01  7.6218146546E-01
HessDelSqRho_EigVec2 =  6.4788906791E-01  6.7783985308E-01 -3.4752394056E-01
HessDelSqRho_EigVec3 = -4.4773641421E-01  7.0797286596E-01  5.4617444507E-01
</CP of DelSqRho>
<CP of DelSqRho>
CP# = 23      
Type = (3,+1)
Coords =  1.61523246778222E+00  1.67899199504335E+00  6.05465299340256E-01
DistFromNuc =  1.2356234164E+00
Rho =  2.4050435513E-01
DelSqRho =  5.3623614250E-01
GradDelSqRho = -1.9706458687E-15 -1.1934897515E-15  3.2612801348E-16
HessDelSqRho_EigVals = -1.1646905818E+01  1.4003693179E-01  4.2338599369E-01
HessDelSqRho_EigVec1 =  9.3527666444E-01  2.2359712109E-01 -2.7433900270E-01
HessDelSqRho_EigVec2 = -1.5060116869E-01  9.5290654968E-01  2.6322688990E-01
HessDelSqRho_EigVec3 =  3.2027620728E-01 -2.0487419315E-01  9.2490524705E-01
</CP of DelSqRho>
<CP of DelSqRho>
CP# = 24      
Type = (3,+1)
Coords =  2.17603100623520E+00  9.46257174707686E-01  2.42684535270429E-03
DistFromNuc =  1.2417954038E+00
Rho =  2.4025934090E-01
DelSqRho =  4.8054940857E-01
GradDelSqRho = -1.5612511284E-15 -3.0947466811E-15 -6.4878658002E-16
HessDelSqRho_EigVals = -1.0982035562E+01  4.3303246598E-01  5.7852931925E-01
HessDelSqRho_EigVec1 =  4.4419798913E-01  8.5990541853E-01  2.5149715232E-01
HessDelSqRho_EigVec2 = -6.1802760668E-01  9.0865371937E-02  7.8088754732E-01
HessDelSqRho_EigVec3 =  6.4863705092E-01 -5.0230086139E-01  5.7180750329E-01
</CP of DelSqRho>
<CP of DelSqRho>
CP# = 25      
Type = (3,-3)
Coords =  3.46456641764433E+00  2.90037045737540E+00  5.21503717526990E-01
DistFromNuc =  1.1619203745E+00
Rho =  2.4972591055E-01
DelSqRho =  8.5782330604E-01
GradDelSqRho = -1.9192980538E-13 -3.6914915569E-13 -1.2050083154E-13
HessDelSqRho_EigVals = -1.7379599683E+01 -2.8884479931E+00 -2.4600464666E-01
HessDelSqRho_EigVec1 =  5.9325006712E-01  7.8348231592E-01  1.8495896437E-01
HessDelSqRho_EigVec2 =  3.1159509580E-01 -4.3533222613E-01  8.4462675139E-01
HessDelSqRho_EigVec3 = -7.4226872097E-01  4.4344257074E-01  5.0239011966E-01
</CP of DelSqRho>
<CP of DelSqRho>
CP# = 26      
Type = (3,-3)
Coords =  2.76903987201166E+00  1.30745032811638E+00  1.21816625462746E+00
DistFromNuc =  1.1390136997E+00
Rho =  2.4645569709E-01
DelSqRho =  8.5227874370E-01
GradDelSqRho =  3.3306690739E-16  2.4424906542E-15 -2.2759572005E-15
HessDelSqRho_EigVals = -1.7867496690E+01 -1.8352013772E+00 -5.1520289025E-01
HessDelSqRho_EigVec1 = -3.9544722421E-02 -6.1781005216E-01  7.8533238465E-01
HessDelSqRho_EigVec2 =  8.9013911219E-01  3.3529440930E-01  3.0859361634E-01
HessDelSqRho_EigVec3 =  4.5396979622E-01 -7.1125832055E-01 -5.3667776698E-01
</CP of DelSqRho>
<CP of DelSqRho>
CP# = 27      
Type = (3,-1)
Coords =  1.68351575074977E+00  1.42564109611881E+00  5.27570014764619E-01
DistFromNuc =  1.2472151588E+00
Rho =  2.3668323381E-01
DelSqRho =  5.3815279947E-01
GradDelSqRho =  1.5332179970E-13  1.6518383883E-13 -3.2321367804E-14
HessDelSqRho_EigVals = -9.4828243365E+00 -1.5757259270E-01  3.7931546213E-01
HessDelSqRho_EigVec1 =  8.6772180858E-01  4.2909341188E-01 -2.5087388625E-01
HessDelSqRho_EigVec2 = -3.3743977709E-01  8.7913569220E-01  3.3653355186E-01
HessDelSqRho_EigVec3 =  3.6495651762E-01 -2.0736267401E-01  9.0763839808E-01
</CP of DelSqRho>
<CP of DelSqRho>
CP# = 28      
Type = (3,-1)
Coords =  3.54558984315360E+00  1.09074660693077E+00  3.57317489179674E-01
DistFromNuc =  1.1878428862E+00
Rho =  2.4467133898E-01
DelSqRho =  7.2397412667E-01
GradDelSqRho = -1.5999701564E-13 -8.1878948066E-16  1.7504747651E-13
HessDelSqRho_EigVals = -1.7337525707E+01 -1.3056470572E+00  2.8920837693E-01
HessDelSqRho_EigVec1 = -6.3274040262E-01  7.7370412013E-01 -3.1961185570E-02
HessDelSqRho_EigVec2 =  5.5315709046E-01  4.8048860870E-01  6.8054972646E-01
HessDelSqRho_EigVec3 = -5.4190111290E-01 -4.1293175150E-01  7.3200447569E-01
</CP of DelSqRho>
<CP of DelSqRho>
CP# = 29      
Type = (3,-1)
Coords =  2.69218611241188E+00  2.45039093518891E+00  1.40020509446869E+00
DistFromNuc =  1.1878685914E+00
Rho =  2.4467994807E-01
DelSqRho =  7.3299179381E-01
GradDelSqRho =  1.1657341759E-15 -1.8336027141E-15 -5.9188765000E-15
HessDelSqRho_EigVals = -1.7600402042E+01 -1.1920791531E+00  2.7607285261E-01
HessDelSqRho_EigVec1 = -8.8546073130E-02  3.8370435449E-01  9.1920104508E-01
HessDelSqRho_EigVec2 = -9.6431382692E-01  1.9814622917E-01 -1.7560442785E-01
HessDelSqRho_EigVec3 =  2.4951640456E-01  9.0194736000E-01 -3.5246634399E-01
</CP of DelSqRho>
<CP of DelSqRho>
CP# = 30      
Type = (3,-1)
Coords =  3.08106332863064E+00  1.69701316346591E+00 -8.01413828887049E-01
DistFromNuc =  1.1880255243E+00
Rho =  2.4501561648E-01
DelSqRho =  7.2168349116E-01
GradDelSqRho = -1.1978265602E-15  5.6205040622E-16  7.8409501114E-16
HessDelSqRho_EigVals = -1.7209513643E+01 -1.3326182577E+00  2.8490369384E-01
HessDelSqRho_EigVec1 = -2.4570533903E-01  2.6772469133E-01  9.3163961703E-01
HessDelSqRho_EigVec2 =  2.2448410012E-01  9.5069076131E-01 -2.1399524564E-01
HessDelSqRho_EigVec3 =  9.4299298786E-01 -1.5655850669E-01  2.9368973224E-01
</CP of DelSqRho>
<CP of DelSqRho>
CP# = 31      
Type = (3,-3)
Coords =  3.86050896594809E+00  2.35728935026043E+00  9.02868065380694E-02
DistFromNuc =  1.1677956272E+00
Rho =  2.5175793703E-01
DelSqRho =  8.4202982817E-01
GradDelSqRho = -1.3877787808E-16  1.0755285551E-15 -3.5388358910E-16
HessDelSqRho_EigVals = -1.6897416751E+01 -3.5671132005E+00 -2.6776271074E-02
HessDelSqRho_EigVec1 =  9.3038661257E-01  3.1664254303E-01 -1.8471126412E-01
HessDelSqRho_EigVec2 =  3.1696393014E-01 -4.4173950275E-01  8.3928545722E-01
HessDelSqRho_EigVec3 = -1.8415921954E-01  8.3940676174E-01  5.1135278449E-01
</CP of DelSqRho>
<CP of DelSqRho>
CP# = 32      
Type = (3,-1)
Coords =  2.23300201598543E+00  3.04411184288680E+00  2.04021657874272E-01
DistFromNuc =  1.1874627054E+00
Rho =  2.4513068079E-01
DelSqRho =  7.3111642502E-01
GradDelSqRho =  4.9960036108E-16  3.8163916471E-16 -1.2524703497E-15
HessDelSqRho_EigVals = -1.7501633815E+01 -1.2282684001E+00  2.7366054510E-01
HessDelSqRho_EigVec1 = -4.7160356361E-01  8.7817028658E-01 -8.0043903986E-02
HessDelSqRho_EigVec2 =  6.3492417211E-01  2.7517231312E-01 -7.2190823085E-01
HessDelSqRho_EigVec3 =  6.1193249175E-01  3.9127630373E-01  6.8734378565E-01
</CP of DelSqRho>
<CP of DelSqRho>
CP# = 33      
Type = (3,-1)
Coords =  3.84595843052535E+00  2.41425096548938E+00  1.25726334210518E-01
DistFromNuc =  1.1675087244E+00
Rho =  2.5246140330E-01
DelSqRho =  8.4200910648E-01
GradDelSqRho = -9.8350494415E-13  5.9282093123E-13  6.7785707603E-13
HessDelSqRho_EigVals = -1.6728592201E+01 -3.8417566701E+00  2.5878823765E-02
HessDelSqRho_EigVec1 =  9.1769638809E-01  3.6622337179E-01 -1.5399279607E-01
HessDelSqRho_EigVec2 =  3.1688849035E-01 -4.4098158017E-01  8.3971240948E-01
HessDelSqRho_EigVec3 = -2.3961432339E-01  8.1939958988E-01  5.2073917476E-01
</CP of DelSqRho>
<CP of DelSqRho>
CP# = 34      
Type = (3,+1)
Coords =  3.04897640309067E+00  3.84974155915349E+00 -3.71306251510260E-01
DistFromNuc =  1.9974382951E+00
Rho =  7.4819557395E-02
DelSqRho =  1.8456519794E-01
GradDelSqRho =  4.7791631763E-16 -2.2377932840E-15  6.1756155745E-16
HessDelSqRho_EigVals = -1.7548180403E+00  2.0168396699E-02  5.7746035184E-01
HessDelSqRho_EigVec1 = -2.7358542802E-02  9.9285925641E-01  1.1611204541E-01
HessDelSqRho_EigVec2 =  9.4906580420E-01 -1.0674507451E-02  3.1489705332E-01
HessDelSqRho_EigVec3 = -3.1388789310E-01 -1.1881309627E-01  9.4199672967E-01
</CP of DelSqRho>
<CP of DelSqRho>
CP# = 35      
Type = (3,+1)
Coords =  4.65059534302582E+00  1.55481783553079E+00  8.71231400118494E-01
DistFromNuc =  2.0085213014E+00
Rho =  7.4483012545E-02
DelSqRho =  1.7860833917E-01
GradDelSqRho = -3.6442290158E-12  1.5776858986E-12 -7.0887826858E-13
HessDelSqRho_EigVals = -1.6736693627E+00  2.8397276940E-02  5.8126776204E-01
HessDelSqRho_EigVec1 =  9.1676407519E-01 -3.6838576659E-01 -1.5438768547E-01
HessDelSqRho_EigVec2 =  3.1214113968E-01  9.0190989164E-01 -2.9854054379E-01
HessDelSqRho_EigVec3 =  2.4922186775E-01  2.2550049744E-01  9.4182694073E-01
</CP of DelSqRho>
<CP of DelSqRho>
CP# = 36      
Type = (3,+1)
Coords =  3.90468797492488E+00  2.72886559257112E+00  1.78091679035888E+00
DistFromNuc =  1.9988529090E+00
Rho =  7.5163729769E-02
DelSqRho =  1.8380404613E-01
GradDelSqRho =  2.7755575616E-16 -1.2576745201E-17  1.7780915629E-16
HessDelSqRho_EigVals = -1.7820233264E+00  2.2178093144E-02  5.7320805997E-01
HessDelSqRho_EigVec1 =  2.2300848636E-01  7.1367022786E-01  6.6403465337E-01
HessDelSqRho_EigVec2 = -6.1571396932E-01 -4.2498880551E-01  6.6353660274E-01
HessDelSqRho_EigVec3 =  7.5575361262E-01 -5.5682970562E-01  3.4464061854E-01
</CP of DelSqRho>
<CP of DelSqRho>
CP# = 37      
Type = (3,+1)
Coords =  3.83138584679095E+00  2.63882174710006E+00 -1.27036001238481E+00
DistFromNuc =  2.0072106620E+00
Rho =  7.4221683828E-02
DelSqRho =  1.7971893843E-01
GradDelSqRho =  3.8857805862E-16 -3.1311758741E-16 -2.2898349883E-16
HessDelSqRho_EigVals = -1.6622571751E+00  2.4452067511E-02  5.8246780988E-01
HessDelSqRho_EigVec1 = -6.8698518985E-01  1.0391806513E-01  7.1920260335E-01
HessDelSqRho_EigVec2 =  6.9552923983E-01  3.8066795935E-01  6.0936933075E-01
HessDelSqRho_EigVec3 = -2.1045290558E-01  9.1885414537E-01 -3.3379130317E-01
</CP of DelSqRho>
<Path of -GradDelSqRho>
Starting CP# =      3
Ending CP# =      0
Number of Points =     29
  3.6509587880E+00  1.9649129726E+00  1.0497250519E+00  4.1705765113E-01 -9.7928610928E-01
  3.6700244447E+00  1.9644245020E+00  1.0658886570E+00  4.0663367623E-01 -9.8932415684E-01
  3.6890879137E+00  1.9639372069E+00  1.0820548778E+00  3.9723377415E-01 -1.0193469597E+00
  3.7081489032E+00  1.9634510417E+00  1.0982240558E+00  3.8882920131E-01 -1.0693378608E+00
  3.7272071450E+00  1.9629658429E+00  1.1143965015E+00  3.8138656956E-01 -1.1394165359E+00
  3.7462624317E+00  1.9624813760E+00  1.1305724509E+00  3.7486795914E-01 -1.2297538123E+00
  3.7653146554E+00  1.9619973871E+00  1.1467520221E+00  3.6923094091E-01 -1.3403990851E+00
  3.7843638503E+00  1.9615136589E+00  1.1629351670E+00  3.6442862612E-01 -1.4709894305E+00
  3.8034102413E+00  1.9610300730E+00  1.1791216161E+00  3.6040995116E-01 -1.6203141746E+00
  3.8224543067E+00  1.9605466807E+00  1.1953108071E+00  3.5712052374E-01 -1.7857433189E+00
  3.8414968662E+00  1.9600637905E+00  1.2115017843E+00  3.5450449407E-01 -1.9626178022E+00
  3.8605392115E+00  1.9595820858E+00  1.2276930488E+00  3.5250802236E-01 -2.1438650534E+00
  3.8795832796E+00  1.9591027748E+00  1.2438823578E+00  3.5108489911E-01 -2.3203372808E+00
  3.8986317124E+00  1.9586276677E+00  1.2600666550E+00  3.5020459147E-01 -2.4826018770E+00
  3.9176868303E+00  1.9581584804E+00  1.2762432533E+00  3.4986227513E-01 -2.6249839054E+00
  3.9367452659E+00  1.9576929177E+00  1.2924160477E+00  3.5008917759E-01 -2.7523437756E+00
  3.9557892351E+00  1.9572179549E+00  1.3086055961E+00  3.5095993705E-01 -2.8891812068E+00
  3.9748001771E+00  1.9567194167E+00  1.3248332038E+00  3.5259206533E-01 -3.0892104362E+00
  3.9937816118E+00  1.9561992683E+00  1.3410946446E+00  3.5513158636E-01 -3.4419023270E+00
  4.0127456623E+00  1.9556661784E+00  1.3573759396E+00  3.5871976326E-01 -4.0712739584E+00
  4.0317004062E+00  1.9551260586E+00  1.3736678376E+00  3.6343914034E-01 -5.1220914813E+00
  4.0506499571E+00  1.9545819594E+00  1.3899656434E+00  3.6924290562E-01 -6.7301301248E+00
  4.0695963661E+00  1.9540354173E+00  1.4062670199E+00  3.7587957154E-01 -8.9767388168E+00
  4.0885406970E+00  1.9534872338E+00  1.4225707564E+00  3.8283349224E-01 -1.1834383587E+01
  4.1074835258E+00  1.9529378415E+00  1.4388761973E+00  3.8930763531E-01 -1.5118970274E+01
  4.1264251731E+00  1.9523874704E+00  1.4551829778E+00  3.9427368758E-01 -1.8473254483E+01
  4.1453658128E+00  1.9518362184E+00  1.4714908989E+00  3.9660145408E-01 -2.1405833330E+01
  4.1643055159E+00  1.9512840435E+00  1.4877998764E+00  3.9525399231E-01 -2.3394141222E+01
  4.1813503315E+00  1.9507857572E+00  1.5024789762E+00  3.9028868542E-01 -2.4033147801E+01
</Path of -GradDelSqRho>
<Path of -GradDelSqRho>
Starting CP# =      3
Ending CP# =     19
Number of Points =     18
  3.6509587880E+00  1.9649129726E+00  1.0497250519E+00  4.1705765113E-01 -9.7928610928E-01
  3.6318912828E+00  1.9654024716E+00  1.0335636585E+00  4.2852953669E-01 -9.8940737932E-01
  3.6128220924E+00  1.9658927350E+00  1.0174042768E+00  4.4106784046E-01 -1.0199932745E+00
  3.5937513704E+00  1.9663832236E+00  1.0012467094E+00  4.5468516771E-01 -1.0714120827E+00
  3.5746791588E+00  1.9668731246E+00  9.8509088252E-01  4.6938754242E-01 -1.1439910551E+00
  3.5556053572E+00  1.9673613038E+00  9.6893688086E-01  4.8517368539E-01 -1.2378792257E+00
  3.5365296918E+00  1.9678462404E+00  9.5278498232E-01  5.0203433518E-01 -1.3528806900E+00
  3.5174516817E+00  1.9683259301E+00  9.3663569679E-01  5.1995171874E-01 -1.4882636112E+00
  3.4983705950E+00  1.9687977352E+00  9.2048981430E-01  5.3889929793E-01 -1.6425524319E+00
  3.4792853894E+00  1.9692581425E+00  9.0434847200E-01  5.5884193436E-01 -1.8133129559E+00
  3.4601946205E+00  1.9697023603E+00  8.8821325656E-01  5.7973662711E-01 -1.9969414306E+00
  3.4410962927E+00  1.9701236081E+00  8.7208637375E-01  6.0153398379E-01 -2.1884684055E+00
  3.4219875911E+00  1.9705117713E+00  8.5597095590E-01  6.2418058336E-01 -2.3813840131E+00
  3.4028643502E+00  1.9708505791E+00  8.3987168556E-01  6.4762237216E-01 -2.5674797635E+00
  3.3837198315E+00  1.9711107357E+00  8.2379627733E-01  6.7180916705E-01 -2.7366764507E+00
  3.3645412339E+00  1.9712289062E+00  8.0775994925E-01  6.9669996375E-01 -2.8767579486E+00
  3.3452953403E+00  1.9710095738E+00  7.9180629570E-01  7.2226498215E-01 -2.9728469207E+00
  3.3274362309E+00  1.9617408399E+00  7.7615997078E-01  7.4683167726E-01 -3.0071204686E+00
</Path of -GradDelSqRho>
<Path of -GradDelSqRho>
Starting CP# =      4
Ending CP# =      0
Number of Points =     30
  3.0777463029E+00  2.7664332844E+00 -4.8408534334E-01  4.1638227695E-01 -9.7061646671E-01
  3.0844251318E+00  2.7833802407E+00 -5.0120824947E-01  4.0599712154E-01 -9.8055543699E-01
  3.0911056933E+00  2.8003299477E+00 -5.1832775679E-01  3.9663104401E-01 -1.0102854212E+00
  3.0977874794E+00  2.8172825592E+00 -5.3544390982E-01  3.8825573743E-01 -1.0597966908E+00
  3.1044698957E+00  2.8342381216E+00 -5.5255689358E-01  3.8083828142E-01 -1.1292190626E+00
  3.1111523322E+00  2.8511965827E+00 -5.6966699701E-01  3.7434125696E-01 -1.2187416894E+00
  3.1178342426E+00  2.8681578039E+00 -5.8677456987E-01  3.6872276476E-01 -1.3284478093E+00
  3.1245152326E+00  2.8851215745E+00 -6.0387997422E-01  3.6393646048E-01 -1.4580338647E+00
  3.1311951596E+00  2.9020876263E+00 -6.2098353117E-01  3.5993180586E-01 -1.6063856480E+00
  3.1378742519E+00  2.9190556460E+00 -6.3808546186E-01  3.5665485256E-01 -1.7710156770E+00
  3.1445532636E+00  2.9360252835E+00 -6.5518581872E-01  3.5405001114E-01 -1.9474504816E+00
  3.1512336908E+00  2.9529961542E+00 -6.7228439883E-01  3.5206337070E-01 -2.1288157920E+00
  3.1579180596E+00  2.9699678368E+00 -6.8938063228E-01  3.5064813317E-01 -2.3060976515E+00
  3.1646101036E+00  2.9869398925E+00 -7.0647349233E-01  3.4977246928E-01 -2.4697936402E+00
  3.1713135540E+00  3.0039120269E+00 -7.2356180387E-01  3.4942942824E-01 -2.6137583324E+00
  3.1780248513E+00  3.0208847560E+00 -7.4064644478E-01  3.4964734005E-01 -2.7417674565E+00
  3.1847190594E+00  3.0378603030E+00 -7.5773498656E-01  3.5049754389E-01 -2.8764800005E+00
  3.1913658084E+00  3.0548405981E+00 -7.7483732712E-01  3.5209462880E-01 -3.0690663115E+00
  3.1979669776E+00  3.0718246411E+00 -7.9195359784E-01  3.5458330565E-01 -3.4061188863E+00
  3.2045404090E+00  3.0888106488E+00 -8.0907859435E-01  3.5810671435E-01 -4.0091921224E+00
  3.2110987839E+00  3.1057975838E+00 -8.2620844398E-01  3.6275404254E-01 -5.0221020680E+00
  3.2176486862E+00  3.1227849704E+00 -8.4334108745E-01  3.6849093057E-01 -6.5824614600E+00
  3.2241934215E+00  3.1397725923E+00 -8.6047547217E-01  3.7508401218E-01 -8.7773455711E+00
  3.2307347085E+00  3.1567603452E+00 -8.7761104384E-01  3.8203949108E-01 -1.1589175793E+01
  3.2372734749E+00  3.1737481730E+00 -8.9474750318E-01  3.8858187644E-01 -1.4846875546E+01
  3.2438102243E+00  3.1907360378E+00 -9.1188469538E-01  3.9369836906E-01 -1.8206101265E+01
  3.2503451978E+00  3.2077238991E+00 -9.2902256838E-01  3.9626225865E-01 -2.1183462543E+01
  3.2568783994E+00  3.2247116800E+00 -9.4616119656E-01  3.9522400045E-01 -2.3254936439E+01
  3.2634090011E+00  3.2416990050E+00 -9.6330126743E-01  3.8982808125E-01 -2.3998266418E+01
  3.2630820759E+00  3.2408494641E+00 -9.6244458768E-01  3.9020794273E-01 -2.3996706390E+01
</Path of -GradDelSqRho>
<Path of -GradDelSqRho>
Starting CP# =      4
Ending CP# =     21
Number of Points =     17
  3.0777463029E+00  2.7664332844E+00 -4.8408534334E-01  4.1638227695E-01 -9.7061646671E-01
  3.0710694912E+00  2.7494887330E+00 -4.6695927080E-01  4.2780993839E-01 -9.8063605336E-01
  3.0643949255E+00  2.7325462971E+00 -4.4983023005E-01  4.4029822793E-01 -1.0109101387E+00
  3.0577225239E+00  2.7156054769E+00 -4.3269874832E-01  4.5385938624E-01 -1.0617936803E+00
  3.0510519172E+00  2.6986656472E+00 -4.1556558817E-01  4.6849909418E-01 -1.1335954268E+00
  3.0443824085E+00  2.6817260456E+00 -3.9843177508E-01  4.8421575422E-01 -1.2264398377E+00
  3.0377129278E+00  2.6647857473E+00 -3.8129863988E-01  5.0099981856E-01 -1.3400997221E+00
  3.0310419701E+00  2.6478436201E+00 -3.6416788839E-01  5.1883327105E-01 -1.4738048357E+00
  3.0243675023E+00  2.6308982453E+00 -3.4704171701E-01  5.3768938937E-01 -1.6260338501E+00
  3.0176868159E+00  2.6139477837E+00 -3.2992300601E-01  5.5753293025E-01 -1.7942992473E+00
  3.0109962824E+00  2.5969897436E+00 -3.1281565081E-01  5.7832089230E-01 -1.9749360658E+00
  3.0042909267E+00  2.5800205621E+00 -2.9572515609E-01  6.0000401691E-01 -2.1629049397E+00
  2.9975636251E+00  2.5630347964E+00 -2.7865978162E-01  6.2252918492E-01 -2.3516155231E+00
  2.9908034311E+00  2.5460233876E+00 -2.6163299877E-01  6.4584284667E-01 -2.5327644532E+00
  2.9839914897E+00  2.5289693312E+00 -2.4466964327E-01  6.6989553723E-01 -2.6961558647E+00
  2.9770883577E+00  2.5118339601E+00 -2.2782562282E-01  6.9464701798E-01 -2.8294218759E+00
  2.9624516311E+00  2.4735698903E+00 -2.0489193887E-01  7.4132435487E-01 -2.9435847023E+00
</Path of -GradDelSqRho>
<Path of -GradDelSqRho>
Starting CP# =      5
Ending CP# =     10
Number of Points =     39
  2.8964530075E+00  1.9155352895E+00  2.2143742522E-01  2.2491707033E+01  1.2282468189E+03
  2.9146747472E+00  1.9041513654E+00  2.0865563054E-01  1.5597468118E+01  1.1470658723E+03
  2.9328808811E+00  1.8927473756E+00  1.9586947793E-01  1.0921764948E+01  9.7800952030E+02
  2.9510831958E+00  1.8813384834E+00  1.8308226114E-01  7.7602709350E+00  7.7051215387E+02
  2.9692761394E+00  1.8699175698E+00  1.7029244140E-01  5.6305263507E+00  5.7052451178E+02
  2.9874503755E+00  1.8584726959E+00  1.5749744714E-01  4.1965436773E+00  4.0686400328E+02
  3.0055957564E+00  1.8469909690E+00  1.4469452405E-01  3.2283457594E+00  2.8463989108E+02
  3.0237020838E+00  1.8354595657E+00  1.3188096822E-01  2.5714994884E+00  1.9670717989E+02
  3.0417598923E+00  1.8238667677E+00  1.1905435666E-01  2.1229270996E+00  1.3389689158E+02
  3.0597599690E+00  1.8122013799E+00  1.0621242910E-01  1.8134833238E+00  8.9043193662E+01
  3.0776910324E+00  1.8004498705E+00  9.3352501522E-02  1.5964651635E+00  5.7273464714E+01
  3.0955363685E+00  1.7885923556E+00  8.0470680338E-02  1.4403024547E+00  3.5219826545E+01
  3.1132698134E+00  1.7765980670E+00  6.7561053965E-02  1.3238247501E+00  2.0356778426E+01
  3.1308500671E+00  1.7644193458E+00  5.4614753341E-02  1.2330495616E+00  1.0683672485E+01
  3.1482108550E+00  1.7519818880E+00  4.1618649626E-02  1.1589167786E+00  4.6196786018E+00
  3.1652416707E+00  1.7391670014E+00  2.8553496452E-02  1.0956773156E+00  9.6458171866E-01
  3.1817452585E+00  1.7257760669E+00  1.5391690288E-02  1.0397786442E+00 -1.1453194735E+00
  3.1973256601E+00  1.7114489847E+00  2.0975378314E-03  9.8916937506E-01 -2.2987691270E+00
  3.2110037391E+00  1.6954427743E+00 -1.1341697837E-02  9.4314014083E-01 -2.8787026763E+00
  3.2193778869E+00  1.6761185103E+00 -2.4486540118E-02  9.0430274621E-01 -3.1312576707E+00
  3.2132615383E+00  1.6542683182E+00 -3.3469415575E-02  8.8710366602E-01 -3.2422986159E+00
  3.1969830122E+00  1.6356943831E+00 -3.6958413914E-02  8.8932238967E-01 -3.3309025333E+00
  3.1786131908E+00  1.6188449423E+00 -3.8813451715E-02  8.9533174844E-01 -3.4161497517E+00
  3.1595524471E+00  1.6027201789E+00 -4.0082423661E-02  9.0153796269E-01 -3.4982976929E+00
  3.1400044338E+00  1.5871603911E+00 -4.0926008372E-02  9.0737813804E-01 -3.5769342741E+00
  3.1200134985E+00  1.5721565970E+00 -4.1366118297E-02  9.1275122817E-01 -3.6516446974E+00
  3.0996033751E+00  1.5577215532E+00 -4.1404983075E-02  9.1762411661E-01 -3.7220418050E+00
  3.0787956238E+00  1.5438705341E+00 -4.1042004373E-02  9.2197600463E-01 -3.7877733961E+00
  3.0576119070E+00  1.5306188223E+00 -4.0275833539E-02  9.2579158678E-01 -3.8485273110E+00
  3.0360743201E+00  1.5179813831E+00 -3.9104561205E-02  9.2906039438E-01 -3.9040356299E+00
  3.0142055222E+00  1.5059727690E+00 -3.7525687171E-02  9.3177675430E-01 -3.9540780507E+00
  2.9920288484E+00  1.4946070323E+00 -3.5536052279E-02  9.3393974864E-01 -3.9984844011E+00
  2.9695684209E+00  1.4838976245E+00 -3.3131746919E-02  9.3555312274E-01 -4.0371362599E+00
  2.9468492603E+00  1.4738572835E+00 -3.0307997387E-02  9.3662514200E-01 -4.0699676825E+00
  2.9238973985E+00  1.4644979122E+00 -2.7059034873E-02  9.3716840171E-01 -4.0969650582E+00
  2.9007399883E+00  1.4558304547E+00 -2.3377962297E-02  9.3719959458E-01 -4.1181661418E+00
  2.8774054003E+00  1.4478647938E+00 -1.9256659865E-02  9.3673924051E-01 -4.1336583275E+00
  2.8539232678E+00  1.4406097259E+00 -1.4685843576E-02  9.3581138353E-01 -4.1435762434E+00
  2.8215911720E+00  1.4318439649E+00 -7.6814709086E-03  9.3383300510E-01 -4.1484473935E+00
</Path of -GradDelSqRho>
<Path of -GradDelSqRho>
Starting CP# =      5
Ending CP# =      1
Number of Points =      7
  2.8964530075E+00  1.9155352895E+00  2.2143742522E-01  2.2491707033E+01  1.2282468189E+03
  2.8781955757E+00  1.9268731848E+00  2.3420918901E-01  3.2690941567E+01  9.8032635417E+02
  2.8599075403E+00  1.9381714684E+00  2.4697227832E-01  4.7885155541E+01 -7.7723261072E+02
  2.8416059863E+00  1.9494522064E+00  2.5973151240E-01  7.0453031830E+01 -6.3306298527E+03
  2.8232948047E+00  1.9607204308E+00  2.7248798899E-01  1.0394114206E+02 -2.0418984902E+04
  2.8049675217E+00  1.9719677049E+00  2.8523983161E-01  1.5418400383E+02 -7.4587629422E+04
  2.7729350371E+00  1.9915759191E+00  3.0750193219E-01  2.9731570424E+02 -3.3296050036E+06
</Path of -GradDelSqRho>
<Path of -GradDelSqRho>
Starting CP# =      6
Ending CP# =     18
Number of Points =     36
  2.7441924942E+00  2.1337469271E+00  3.9264909055E-01  2.2589870077E+01  1.2395974156E+03
  2.7397628667E+00  2.1548267038E+00  4.0533850027E-01  1.5657186337E+01  1.1568488171E+03
  2.7353035004E+00  2.1758964671E+00  4.1803413396E-01  1.0958712890E+01  9.8599246190E+02
  2.7308367042E+00  2.1969637199E+00  4.3073132203E-01  7.7841953609E+00  7.7683511584E+02
  2.7263529052E+00  2.2180252188E+00  4.4343206010E-01  5.6476582026E+00  5.7514247790E+02
  2.7218352462E+00  2.2390752241E+00  4.5613984740E-01  4.2107744079E+00  4.0993752329E+02
  2.7172653458E+00  2.2601074015E+00  4.6885846192E-01  3.2419649207E+00  2.8649323371E+02
  2.7126247459E+00  2.2811152699E+00  4.8159163472E-01  2.5857381053E+00  1.9767284431E+02
  2.7078963351E+00  2.3020926543E+00  4.9434273592E-01  2.1383459894E+00  1.3424211393E+02
  2.7030634851E+00  2.3230333615E+00  5.0711493605E-01  1.8302329965E+00  8.8966142226E+01
  2.6981058807E+00  2.3439296546E+00  5.1991201622E-01  1.6144549773E+00  5.6920934321E+01
  2.6929935179E+00  2.3647699337E+00  5.3273946936E-01  1.4593120768E+00  3.4702095448E+01
  2.6876796376E+00  2.3855357381E+00  5.4560565622E-01  1.3435794640E+00  1.9755665030E+01
  2.6820909149E+00  2.4061971413E+00  5.5852317609E-01  1.2532720067E+00  1.0057007778E+01
  2.6761108392E+00  2.4267041833E+00  5.7151078726E-01  1.1793637298E+00  4.0051579062E+00
  2.6695480251E+00  2.4469687351E+00  5.8459612149E-01  1.1161709724E+00  3.8394403900E-01
  2.6620688166E+00  2.4668204297E+00  5.9781857184E-01  1.0602508940E+00 -1.6821546161E+00
