 AIMInt (Version 19.02.13, Professional)
 Portions Copyright (c) 1997-2019 by Todd A. Keith
 AIMInt is a component of the AIMAll package ( http://aim.tkgristmill.com )

 TP:  64-bit Linux

 Licensed To:  Research Group of Fernando Cortes Guzman, UNAM, fercor@unam.mx

 AIMInt is a heavily modified and extended version of the PROAIMV program
 developed by members of R.F.W. Bader's research group

 Much of the Quantum Theory of Atoms in Molecules (QTAIM) is described in the book:
   "Atoms in Molecules - A Quantum Theory"
   R.F.W. Bader, Oxford University Press, Oxford, 1990

 For additional references see:  http://aim.tkgristmill.com/references.html

 Current Directory:  /home/scratch/M_H2O_4_tetraedrico/Opt

 Inp File:  Ni2_tetraedrico_cc-pvtz-def2-tzv_2_atomicfiles/o4.inp
 Wfx File:  Ni2_tetraedrico_cc-pvtz-def2-tzv_2.wfx
 Out File:  Ni2_tetraedrico_cc-pvtz-def2-tzv_2_atomicfiles/o4.int

 Wfx Title:   Ni2_tetraedrico_cc-pvtz-def2-tzv_2                                            
 Job Title:   Ni2_tetraedrico_cc-pvtz-def2-tzv_2                                            
 
<Atom>
O4      
</Atom>
<Nuclei of Molecule>
    13
Ni1       28.0           1.1941314399E-05   1.2815213619E-02  -2.5890637525E-05
O2         8.0           2.7729347060E+00   1.9915757675E+00   3.0750197972E-01
H3         1.0           4.1879067741E+00   1.9505801482E+00   1.5081803908E+00
O4         8.0          -3.0809669503E-01  -1.9580253803E+00   2.7784671853E+00
H5         1.0          -1.9320098704E+00  -2.5341068963E+00   3.4594895992E+00
O6         8.0          -2.7779044882E+00   1.9835905925E+00  -3.1370102121E-01
H7         1.0          -4.1949446570E+00   1.9334129352E+00  -1.5116834923E+00
O8         8.0           3.1311545189E-01  -1.9658793504E+00  -2.7723717252E+00
H9         1.0           1.9379911926E+00  -2.5452853726E+00  -3.4482994942E+00
H10        1.0           9.8811579893E-01  -3.0285021050E+00   3.5561987529E+00
H11        1.0          -3.2710475816E+00   3.2455074489E+00   9.5624879728E-01
H12        1.0           3.2654775255E+00   3.2471774066E+00  -9.6882456843E-01
H13        1.0          -9.8221533637E-01  -3.0377025804E+00  -3.5497563959E+00
</Nuclei of Molecule>
<Total Number of CPs of DelSqRho>
    34
</Total Number of CPs of DelSqRho>
<Number of (3,+3) CPs of DelSqRho>
     5
</Number of (3,+3) CPs of DelSqRho>
<Number of (3,+1) CPs of DelSqRho>
    14
</Number of (3,+1) CPs of DelSqRho>
<Number of (3,-1) CPs of DelSqRho>
    10
</Number of (3,-1) CPs of DelSqRho>
<Number of (3,-3) CPs of DelSqRho>
     5
</Number of (3,-3) CPs of DelSqRho>
<Number of Degenerate CPs of DelSqRho>
     0
</Number of Degenerate CPs of DelSqRho>
<CP of DelSqRho>
CP# = 1       
Type = (3,+3)
Coords = -3.08096749448959E-01 -1.95802567238495E+00  2.77846734363054E+00
DistFromNuc =  3.3671788027E-07
Rho =  2.9724655123E+02
DelSqRho = -3.3288410106E+06
GradDelSqRho =  2.7410933399E-06  1.3330125512E-05  1.6221336409E-05
HessDelSqRho_EigVals =  1.3238087596E+11  1.3238089631E+11  1.3238090327E+11
HessDelSqRho_EigVec1 =  9.8165371307E-02  7.2199169860E-01  6.8490258215E-01
HessDelSqRho_EigVec2 = -1.3895447320E-01 -6.7154053903E-01  7.2782206536E-01
HessDelSqRho_EigVec3 =  9.8542133844E-01 -1.6661720079E-01  3.4401949771E-02
</CP of DelSqRho>
<CP of DelSqRho>
CP# = 2       
Type = (3,-1)
Coords = -2.24703097750276E-01 -1.02364923165320E+00  1.64879382270874E+00
DistFromNuc =  1.4683920407E+00
Rho =  1.5667449802E-01
DelSqRho =  4.3421069516E-01
GradDelSqRho =  2.0303203563E-14  5.3074211692E-13 -7.7871042947E-13
HessDelSqRho_EigVals = -5.2697941311E-01 -4.2116945085E-01  4.6177510501E+00
HessDelSqRho_EigVec1 = -1.7191203424E-01  8.2600778465E-01  5.3680293608E-01
HessDelSqRho_EigVec2 =  9.7894986251E-01  8.2389807111E-02  1.8673266017E-01
HessDelSqRho_EigVec3 = -1.1001554059E-01 -5.5760475194E-01  8.2278400656E-01
</CP of DelSqRho>
<CP of DelSqRho>
CP# = 3       
Type = (3,+1)
Coords =  4.95594017461404E-01 -2.62189129055044E+00  3.25742729245124E+00
DistFromNuc =  1.1471876448E+00
Rho =  4.1909194358E-01
DelSqRho = -9.9210204302E-01
GradDelSqRho =  4.5118075942E-13 -5.8432425565E-14  4.6301851242E-13
HessDelSqRho_EigVals = -3.2477174857E+01  1.5215291058E+01  1.6211080789E+01
HessDelSqRho_EigVec1 =  6.9766070989E-01 -5.7830162477E-01  4.2289096074E-01
HessDelSqRho_EigVec2 =  1.3200984966E-01  6.8393667848E-01  7.1749844559E-01
HessDelSqRho_EigVec3 =  7.0416115590E-01  4.4474470274E-01 -5.5349725917E-01
</CP of DelSqRho>
<CP of DelSqRho>
CP# = 4       
Type = (3,+1)
Coords = -3.29778777694728E-01 -2.10353521661248E+00  2.69602731561397E+00
DistFromNuc =  1.6864031931E-01
Rho =  2.2510424021E+01
DelSqRho =  1.2247427303E+03
GradDelSqRho = -3.6237679524E-12 -7.8159700934E-12 -3.2116531656E-12
HessDelSqRho_EigVals = -4.0523152400E+05  2.8610299784E+03  3.8616995219E+03
HessDelSqRho_EigVec1 =  1.2809017500E-01  8.6076534099E-01  4.9262149245E-01
HessDelSqRho_EigVec2 = -9.8609315299E-02 -4.8319821877E-01  8.6994004639E-01
HessDelSqRho_EigVec3 =  9.8684806835E-01 -1.6000784086E-01  2.2986536506E-02
</CP of DelSqRho>
<CP of DelSqRho>
CP# = 5       
Type = (3,-1)
Coords = -3.27813509347041E-01 -2.05563944383302E+00  2.91468264712221E+00
DistFromNuc =  1.6873621491E-01
Rho =  2.2347022842E+01
DelSqRho =  1.2533704323E+03
GradDelSqRho =  5.6630256040E-12  8.2849282990E-12 -2.8990143619E-12
HessDelSqRho_EigVals = -4.0799244913E+05 -1.9892318560E+03  1.4749856834E+03
HessDelSqRho_EigVec1 = -1.1655171478E-01 -5.7672560307E-01  8.0858102658E-01
HessDelSqRho_EigVec2 =  1.1422253585E-01  8.0094409197E-01  5.8774294878E-01
HessDelSqRho_EigVec3 =  9.8659460270E-01 -1.6086062383E-01  2.7476346486E-02
</CP of DelSqRho>
<CP of DelSqRho>
CP# = 6       
Type = (3,+1)
Coords = -2.98877022327499E-01 -1.87544049117463E+00  2.92453075248186E+00
DistFromNuc =  1.6804711224E-01
Rho =  2.2638514159E+01
DelSqRho =  1.2384896530E+03
GradDelSqRho =  1.6555645743E-12  4.8050452506E-12 -1.0146550267E-11
HessDelSqRho_EigVals = -4.1906630151E+05  2.3074063464E+03  3.3843992155E+03
HessDelSqRho_EigVec1 =  5.5680378143E-02  4.9577142440E-01  8.6666625078E-01
HessDelSqRho_EigVec2 =  1.4955691133E-01  8.5407855722E-01 -4.9817923319E-01
HessDelSqRho_EigVec3 =  9.8718408910E-01 -1.5735473571E-01  2.6590625931E-02
</CP of DelSqRho>
<CP of DelSqRho>
CP# = 7       
Type = (3,-3)
Coords = -3.86356943372616E-01 -1.84306826578864E+00  2.68593774124925E+00
DistFromNuc =  1.6703742889E-01
Rho =  2.2699515320E+01
DelSqRho =  1.2960838649E+03
GradDelSqRho =  1.7465140445E-11 -1.3130829757E-11  1.3017142919E-11
HessDelSqRho_EigVals = -4.4946850833E+05 -3.8072351721E+03 -3.9242625054E+02
HessDelSqRho_EigVec1 = -4.6578961743E-01  6.8986368411E-01 -5.5419141968E-01
HessDelSqRho_EigVec2 =  1.2265196115E-01  6.7056577792E-01  7.3164064533E-01
HessDelSqRho_EigVec3 =  8.7635411149E-01  2.7281795181E-01 -3.9695571094E-01
</CP of DelSqRho>
<CP of DelSqRho>
CP# = 8       
Type = (3,-1)
Coords = -2.91839461821462E-01 -1.83593423459305E+00  2.66587509684719E+00
DistFromNuc =  1.6687577373E-01
Rho =  2.2756478408E+01
DelSqRho =  1.2955531439E+03
GradDelSqRho =  1.0516032489E-12 -8.6401996668E-12  3.1832314562E-12
HessDelSqRho_EigVals = -4.5309946971E+05 -3.6116971127E+03  2.4290396927E+02
HessDelSqRho_EigVec1 =  9.7776954568E-02  7.3238616114E-01 -6.7383245553E-01
HessDelSqRho_EigVec2 =  9.0728672408E-02  6.6769741553E-01  7.3888325823E-01
HessDelSqRho_EigVec3 =  9.9106406209E-01 -1.3338167889E-01 -1.1630042265E-03
</CP of DelSqRho>
<CP of DelSqRho>
CP# = 9       
Type = (3,-3)
Coords = -1.88900155981057E-01 -1.87749047716458E+00  2.69355843800285E+00
DistFromNuc =  1.6704245239E-01
Rho =  2.2696228334E+01
DelSqRho =  1.2963962449E+03
GradDelSqRho = -3.6948222260E-12  7.4464878708E-12 -9.0096818894E-12
HessDelSqRho_EigVals = -4.4940821195E+05 -3.8363595821E+03 -4.6185815764E+02
HessDelSqRho_EigVec1 =  7.1155197454E-01  4.8462495689E-01 -5.0875577509E-01
HessDelSqRho_EigVec2 = -5.6413018082E-02 -6.8232900261E-01 -7.2886535354E-01
HessDelSqRho_EigVec3 = -7.0036516112E-01  5.4732603023E-01 -4.5817339264E-01
</CP of DelSqRho>
<CP of DelSqRho>
CP# = 10      
Type = (3,-1)
Coords =  3.87816488332034E-01 -1.89897420595167E+00  2.60924847680076E+00
DistFromNuc =  7.1862171639E-01
Rho =  6.6457582837E-01
DelSqRho = -9.1954126277E-01
GradDelSqRho = -3.1086244690E-14 -4.8849813084E-15  3.6637359813E-15
HessDelSqRho_EigVals = -1.5548948197E+01 -1.2364541265E+01  1.3968763301E+02
HessDelSqRho_EigVec1 = -2.4515084200E-01  7.2123033949E-01 -6.4786407684E-01
HessDelSqRho_EigVec2 =  1.1154709066E-01  6.8480166478E-01  7.2014160169E-01
HessDelSqRho_EigVec3 =  9.6304637024E-01  1.0427596710E-01 -2.4833085079E-01
</CP of DelSqRho>
<CP of DelSqRho>
CP# = 11      
Type = (3,-1)
Coords = -9.35328029232767E-01 -1.67797869404415E+00  2.56807346977311E+00
DistFromNuc =  7.1840852486E-01
Rho =  6.6656012371E-01
DelSqRho = -9.3292619105E-01
GradDelSqRho = -4.1744385726E-14  2.0872192863E-14 -8.1046280798E-15
HessDelSqRho_EigVals = -1.5593122124E+01 -1.2440379432E+01  1.4006080875E+02
HessDelSqRho_EigVec1 = -5.0670121930E-01 -6.0713867556E-01  6.1207556968E-01
HessDelSqRho_EigVec2 =  6.4943048507E-02  6.8106661743E-01  7.2933576841E-01
HessDelSqRho_EigVec3 =  8.5967219032E-01 -4.0930537654E-01  3.0566784902E-01
</CP of DelSqRho>
<CP of DelSqRho>
CP# = 12      
Type = (3,-1)
Coords = -4.09861902134948E-01 -2.44778896350924E+00  3.30789324462172E+00
DistFromNuc =  7.2836562053E-01
Rho =  6.5880613796E-01
DelSqRho = -9.0209825001E-01
GradDelSqRho =  5.1070259133E-15  1.6875389974E-14 -2.0428103653E-14
HessDelSqRho_EigVals = -1.9074330032E+01 -7.2423600619E+00  1.2959355454E+02
HessDelSqRho_EigVec1 =  9.8535607109E-01 -1.6710870522E-01  3.3883532996E-02
HessDelSqRho_EigVec2 =  9.9775191439E-02  7.2623683601E-01  6.8016539841E-01
HessDelSqRho_EigVec3 = -1.3826902886E-01 -6.6682436867E-01  7.3227517847E-01
</CP of DelSqRho>
<CP of DelSqRho>
CP# = 13      
Type = (3,+3)
Coords = -3.35449833429787E-01 -2.22121647227428E+00  2.19385395082744E+00
DistFromNuc =  6.4170895194E-01
Rho =  9.4356688505E-01
DelSqRho = -4.1831334650E+00
GradDelSqRho =  1.3322676296E-15 -1.9539925233E-14 -1.0658141036E-14
HessDelSqRho_EigVals =  9.2019679110E+00  2.2094506282E+01  3.1345558214E+02
HessDelSqRho_EigVec1 =  1.6149143433E-01  8.8521653049E-01 -4.3624787768E-01
HessDelSqRho_EigVec2 =  9.8577736623E-01 -1.6553002272E-01  2.9030945575E-02
HessDelSqRho_EigVec3 =  4.6513448186E-02  4.3473153292E-01  8.9935810077E-01
</CP of DelSqRho>
<CP of DelSqRho>
CP# = 14      
Type = (3,+1)
Coords = -8.15226152022487E-01 -1.85180466456716E+00  3.24456227752658E+00
DistFromNuc =  6.9692737183E-01
Rho =  7.7233757942E-01
DelSqRho = -2.5296063210E+00
GradDelSqRho = -4.4408920985E-15  5.3290705182E-15  1.2434497876E-14
HessDelSqRho_EigVals = -1.3176462687E+01  1.4962229310E+01  1.7920081299E+02
HessDelSqRho_EigVec1 =  5.7340301101E-01  7.7055862733E-01  2.7829550628E-01
HessDelSqRho_EigVec2 =  4.7643035951E-01 -5.8996591754E-01  6.5188521127E-01
HessDelSqRho_EigVec3 =  6.6650063728E-01 -2.4120451487E-01 -7.0540575736E-01
</CP of DelSqRho>
<CP of DelSqRho>
CP# = 15      
Type = (3,+1)
Coords =  5.75859048300498E-02 -2.54247938297511E+00  2.70813650369681E+00
DistFromNuc =  6.9300551940E-01
Rho =  7.8210051962E-01
DelSqRho = -2.5757422039E+00
GradDelSqRho =  2.3980817332E-14 -2.9309887850E-14 -8.3266726847E-15
HessDelSqRho_EigVals = -1.1637251270E+01  1.4395919484E+01  1.8200911666E+02
HessDelSqRho_EigVec1 =  5.1703910014E-01  9.1457249273E-02  8.5106177243E-01
HessDelSqRho_EigVec2 =  7.1493077045E-01  5.0060052619E-01 -4.8813226347E-01
HessDelSqRho_EigVec3 = -4.7068520519E-01  8.6083371491E-01  1.9344444390E-01
</CP of DelSqRho>
<CP of DelSqRho>
CP# = 16      
Type = (3,+1)
Coords =  1.73015802864601E-01 -2.01782091332022E+00  3.27830178032591E+00
DistFromNuc =  6.9633279674E-01
Rho =  7.7416621780E-01
DelSqRho = -2.5476989244E+00
GradDelSqRho = -3.9079850467E-14  6.1062266354E-15 -3.4638958368E-14
HessDelSqRho_EigVals = -1.3169316058E+01  1.5137792483E+01  1.8005747401E+02
HessDelSqRho_EigVec1 = -3.0811578703E-01  9.1827657051E-01  2.4866202332E-01
HessDelSqRho_EigVec2 =  6.8527472137E-01  3.9552943897E-01 -6.1151861718E-01
HessDelSqRho_EigVec3 =  6.5989636916E-01  1.8016741271E-02  7.5114058538E-01
</CP of DelSqRho>
<CP of DelSqRho>
CP# = 17      
Type = (3,+3)
Coords = -2.28125276331436E-01 -1.41676799898033E+00  3.08763597696989E+00
DistFromNuc =  6.2844277571E-01
Rho =  1.0004508865E+00
DelSqRho = -4.8216868084E+00
GradDelSqRho =  8.3932860662E-14  6.1106675275E-13  5.9152682752E-13
HessDelSqRho_EigVals =  1.5600810405E+01  2.6241509782E+01  3.8455260185E+02
HessDelSqRho_EigVec1 = -1.0077890893E-01 -4.9496981766E-01  8.6304605388E-01
HessDelSqRho_EigVec2 =  9.8690425789E-01 -1.5955104985E-01  2.3737065000E-02
HessDelSqRho_EigVec3 =  1.2595077323E-01  8.5413602084E-01  5.0456720130E-01
</CP of DelSqRho>
<CP of DelSqRho>
CP# = 18      
Type = (3,+3)
Coords = -9.53836836170904E-01 -2.18657482551574E+00  3.02819479033027E+00
DistFromNuc =  7.2909468215E-01
Rho =  7.4143869809E-01
DelSqRho = -2.9436510128E+00
GradDelSqRho = -7.1054273576E-15 -4.8294701571E-15  5.9952043330E-15
HessDelSqRho_EigVals =  1.0137530983E+01  2.2940481498E+01  1.3352718274E+02
HessDelSqRho_EigVec1 =  2.6632542932E-02  6.8637194189E-01  7.2676286713E-01
HessDelSqRho_EigVec2 = -4.5182786475E-01  6.5678509790E-01 -6.0372586147E-01
HessDelSqRho_EigVec3 =  8.9170751275E-01  3.1229295951E-01 -3.2761382625E-01
</CP of DelSqRho>
<CP of DelSqRho>
CP# = 19      
Type = (3,+1)
Coords = -8.43681971620315E-01 -2.38830793329520E+00  2.68045452338652E+00
DistFromNuc =  6.9397488848E-01
Rho =  7.8037977074E-01
DelSqRho = -2.5693125872E+00
GradDelSqRho =  6.2172489379E-14  4.4408920985E-14  1.1990408666E-14
HessDelSqRho_EigVals = -1.1537154350E+01  1.4351416768E+01  1.8059161572E+02
HessDelSqRho_EigVec1 = -5.0683111536E-01  2.6684765646E-01  8.1970393969E-01
HessDelSqRho_EigVec2 = -4.7699447735E-01  7.0523798929E-01 -5.2451467761E-01
HessDelSqRho_EigVec3 =  7.1805187074E-01  6.5683461137E-01  2.3015169828E-01
</CP of DelSqRho>
<CP of DelSqRho>
CP# = 20      
Type = (3,+1)
Coords = -2.17030977676859E-01 -1.49318077701830E+00  2.30105940576678E+00
DistFromNuc =  6.7252632511E-01
Rho =  8.3926457321E-01
DelSqRho = -3.2963575544E+00
GradDelSqRho =  5.3290705182E-15  0.0000000000E+00  0.0000000000E+00
HessDelSqRho_EigVals = -6.8935348561E+00  1.8694832480E+01  2.3128083403E+02
HessDelSqRho_EigVec1 = -9.3154866283E-02 -6.9667995564E-01 -7.1130809802E-01
HessDelSqRho_EigVec2 =  9.8625191716E-01 -1.6250300136E-01  2.9998840686E-02
HessDelSqRho_EigVec3 =  1.3648929181E-01  6.9873443737E-01 -7.0223988726E-01
</CP of DelSqRho>
<CP of DelSqRho>
CP# = 21      
Type = (3,-3)
Coords = -1.29391298336039E+00 -1.47243213850944E+00  2.47889969196043E+00
DistFromNuc =  1.1390238074E+00
Rho =  2.4720015103E-01
DelSqRho =  8.5187553670E-01
GradDelSqRho =  1.5265566589E-16 -1.6930901126E-15 -1.3045120539E-15
HessDelSqRho_EigVals = -1.7678706969E+01 -1.9286061021E+00 -5.3053995916E-01
HessDelSqRho_EigVec1 =  8.4464014674E-01 -4.4915129857E-01  2.9128359636E-01
HessDelSqRho_EigVec2 =  5.2638870793E-01  5.9776386412E-01 -6.0464311037E-01
HessDelSqRho_EigVec3 =  9.7457430079E-02  6.6403424139E-01  7.4132352963E-01
</CP of DelSqRho>
<CP of DelSqRho>
CP# = 22      
Type = (3,+3)
Coords =  2.08625003210115E-01 -2.38226139250508E+00  3.06782933168601E+00
DistFromNuc =  7.2849705511E-01
Rho =  7.4324163198E-01
DelSqRho = -2.9641394982E+00
GradDelSqRho = -2.5757174171E-14  2.1316282073E-14 -5.1070259133E-15
HessDelSqRho_EigVals =  1.0246104106E+01  2.3135001284E+01  1.3409116268E+02
HessDelSqRho_EigVec1 =  1.5406642061E-01  6.6770882022E-01  7.2830520350E-01
HessDelSqRho_EigVec2 =  6.8075203796E-01  4.6250852796E-01 -5.6803391129E-01
HessDelSqRho_EigVec3 =  7.1612862033E-01 -5.8331020303E-01  3.8328710672E-01
</CP of DelSqRho>
<CP of DelSqRho>
CP# = 23      
Type = (3,-3)
Coords =  7.98518512568425E-01 -1.82103334029354E+00  2.55109268357543E+00
DistFromNuc =  1.1380084361E+00
Rho =  2.4664936204E-01
DelSqRho =  8.5283633611E-01
GradDelSqRho =  5.5233595475E-15  4.2327252814E-16 -6.5225602697E-16
HessDelSqRho_EigVals = -1.7750323275E+01 -1.9091485309E+00 -5.1012232546E-01
HessDelSqRho_EigVec1 =  9.6167498883E-01  1.4854795176E-01 -2.3046631401E-01
HessDelSqRho_EigVec2 = -2.6434285461E-01  7.2554429677E-01 -6.3538045975E-01
HessDelSqRho_EigVec3 =  7.2829053842E-02  6.7195161987E-01  7.3700539311E-01
</CP of DelSqRho>
<CP of DelSqRho>
CP# = 24      
Type = (3,-3)
Coords = -4.45072001830940E-01 -2.57262724619888E+00  3.74881422909021E+00
DistFromNuc =  1.1567502210E+00
Rho =  2.5161890410E-01
DelSqRho =  8.7219347127E-01
GradDelSqRho =  4.1633363423E-16  2.6645352591E-15 -1.7763568394E-15
HessDelSqRho_EigVals = -1.7152772975E+01 -3.5334853476E+00 -1.9860430403E-01
HessDelSqRho_EigVec1 = -1.1847512405E-01 -5.3010387629E-01  8.3961510546E-01
HessDelSqRho_EigVec2 =  9.8556163451E-01 -1.6578625205E-01  3.4397430289E-02
HessDelSqRho_EigVec3 =  1.2096243037E-01  8.3156767552E-01  5.4209158956E-01
</CP of DelSqRho>
<CP of DelSqRho>
CP# = 25      
Type = (3,+1)
Coords = -1.59059028379633E-01 -1.43302466846870E+00  1.64510818850936E+00
DistFromNuc =  1.2579112008E+00
Rho =  2.3590645117E-01
DelSqRho =  4.5956654017E-01
GradDelSqRho =  2.9837243787E-15  3.6082248300E-15  2.0566881531E-14
HessDelSqRho_EigVals = -8.1639258917E+00  3.2008962175E-01  5.4861936204E-01
HessDelSqRho_EigVec1 = -1.3334035365E-01 -3.7864455711E-01  9.1588681040E-01
HessDelSqRho_EigVec2 =  2.5673439994E-01  8.7939639376E-01  4.0093569375E-01
HessDelSqRho_EigVec3 =  9.5723967635E-01 -2.8860055788E-01  2.0047942981E-02
</CP of DelSqRho>
<CP of DelSqRho>
CP# = 26      
Type = (3,+1)
Coords = -1.31443105311173E+00 -2.31603019453756E+00  3.19681160087139E+00
DistFromNuc =  1.1471217622E+00
Rho =  4.1846602364E-01
DelSqRho = -9.8558564751E-01
GradDelSqRho = -1.1127071486E-12 -4.4930725807E-13  2.7908925171E-13
HessDelSqRho_EigVals = -3.2353148808E+01  1.5139496779E+01  1.6139302185E+01
HessDelSqRho_EigVec1 =  8.7465800477E-01  3.1178669648E-01 -3.7116361701E-01
HessDelSqRho_EigVec2 =  6.1226720015E-02  6.8850418309E-01  7.2264325820E-01
HessDelSqRho_EigVec3 = -4.8085825713E-01  6.5479084124E-01 -5.8311601829E-01
</CP of DelSqRho>
<CP of DelSqRho>
CP# = 27      
Type = (3,-1)
Coords = -9.16190576147850E-01 -1.32009812369951E+00  3.57816214545544E+00
DistFromNuc =  1.1900594028E+00
Rho =  2.4527550526E-01
DelSqRho =  7.2933060677E-01
GradDelSqRho =  7.0776717820E-16  5.5511151231E-16  3.8857805862E-16
HessDelSqRho_EigVals = -1.7672597013E+01 -1.0868980333E+00  2.6738987805E-01
HessDelSqRho_EigVec1 = -5.0371699699E-01  5.5098339345E-01  6.6534689229E-01
HessDelSqRho_EigVec2 =  6.8976287859E-01  7.2022082162E-01 -7.4223577298E-02
HessDelSqRho_EigVec3 =  5.2009264392E-01 -4.2154391022E-01  7.4283536096E-01
</CP of DelSqRho>
<CP of DelSqRho>
CP# = 28      
Type = (3,-1)
Coords = -1.07210911113654E+00 -2.60502235222855E+00  2.13233387136562E+00
DistFromNuc =  1.1915570960E+00
Rho =  2.4556671557E-01
DelSqRho =  7.1213173922E-01
GradDelSqRho = -2.1094237468E-15 -2.0400348077E-15 -1.0269562978E-15
HessDelSqRho_EigVals = -1.7167119359E+01 -1.1846570843E+00  3.0474414316E-01
HessDelSqRho_EigVec1 =  6.3324392041E-01  5.3465602041E-01  5.5959367143E-01
HessDelSqRho_EigVec2 = -6.0497460461E-01 -1.0900794279E-01  7.8874773926E-01
HessDelSqRho_EigVec3 = -4.8270888230E-01  8.3800967074E-01 -2.5442469750E-01
</CP of DelSqRho>
<CP of DelSqRho>
CP# = 29      
Type = (3,-1)
Coords =  4.06757859113452E-01 -1.54476878441963E+00  3.63559346113513E+00
DistFromNuc =  1.1901527214E+00
Rho =  2.4505459474E-01
DelSqRho =  7.3060371253E-01
GradDelSqRho =  2.7755575616E-15 -1.3600232052E-15 -8.8817841970E-15
HessDelSqRho_EigVals = -1.7737871658E+01 -1.0502316531E+00  2.6348141218E-01
HessDelSqRho_EigVec1 =  5.9879002842E-01  3.6321675812E-01  7.1380956038E-01
HessDelSqRho_EigVec2 =  4.1972241792E-01 -9.0137477359E-01  1.0656739386E-01
HessDelSqRho_EigVec3 =  6.8211699419E-01  2.3579038182E-01 -6.9218444224E-01
</CP of DelSqRho>
<CP of DelSqRho>
CP# = 30      
Type = (3,-1)
Coords =  2.38042498189161E-01 -2.82959384068733E+00  2.17932801903012E+00
DistFromNuc =  1.1903223682E+00
Rho =  2.4550732035E-01
DelSqRho =  7.1904213740E-01
GradDelSqRho = -9.2807705965E-16  3.1780134080E-15  2.2898349883E-15
HessDelSqRho_EigVals = -1.7329059123E+01 -1.2166995028E+00  2.8380618391E-01
HessDelSqRho_EigVec1 = -4.5526504654E-01  7.2124081360E-01  5.2205883404E-01
HessDelSqRho_EigVec2 =  4.8806386562E-01 -2.8824416936E-01  8.2383794638E-01
HessDelSqRho_EigVec3 =  7.4466596570E-01  6.2986267362E-01 -2.2078408435E-01
</CP of DelSqRho>
<CP of DelSqRho>
CP# = 31      
Type = (3,+1)
Coords =  7.09844500771241E-01 -3.66814864346877E+00  3.00903130598376E+00
DistFromNuc =  2.0034684093E+00
Rho =  7.4554498796E-02
DelSqRho =  1.7988638111E-01
GradDelSqRho = -1.4398204851E-16 -2.7061686225E-16 -3.6602665343E-16
HessDelSqRho_EigVals = -1.6406139098E+00  3.1483752897E-02  5.9041924580E-01
HessDelSqRho_EigVec1 = -2.0903349791E-01  9.5541347705E-01  2.0854276450E-01
HessDelSqRho_EigVec2 = -6.4193361021E-01 -2.9493548798E-01  7.0776712131E-01
HessDelSqRho_EigVec3 =  7.3771690832E-01  1.4076427375E-02  6.7496341928E-01
</CP of DelSqRho>
<CP of DelSqRho>
CP# = 32      
Type = (3,+1)
Coords = -1.85465526908698E+00 -3.22873909652859E+00  2.91055645747973E+00
DistFromNuc =  2.0059921105E+00
Rho =  7.4326481907E-02
DelSqRho =  1.7821403889E-01
GradDelSqRho =  3.3295848717E-14  4.3550232864E-14 -1.0508954817E-14
HessDelSqRho_EigVals = -1.6116388455E+00  3.4657701403E-02  5.9058387621E-01
HessDelSqRho_EigVec1 =  5.1057317332E-01  8.2578317370E-01  2.3957709557E-01
HessDelSqRho_EigVec2 =  4.6475557008E-01 -4.9946664193E-01  7.3111923356E-01
HessDelSqRho_EigVec3 =  7.2340672845E-01 -2.6194507752E-01 -6.3880159799E-01
</CP of DelSqRho>
<CP of DelSqRho>
CP# = 33      
Type = (3,+1)
Coords = -1.72741459392501E+00 -2.06929179697156E+00  4.17281379898062E+00
DistFromNuc =  1.9927483516E+00
Rho =  7.5293519802E-02
DelSqRho =  1.8503674164E-01
GradDelSqRho =  4.7999798580E-14  6.6114648478E-15 -8.5077778156E-14
HessDelSqRho_EigVals = -1.7519561478E+00  2.9645113670E-02  5.8213913034E-01
HessDelSqRho_EigVec1 = -3.6952642644E-01  2.2874745482E-01  9.0062468436E-01
HessDelSqRho_EigVec2 = -4.2354180156E-01  8.2122637966E-01 -3.8236053102E-01
HessDelSqRho_EigVec3 = -8.2708074726E-01 -5.2274452199E-01 -2.0658074026E-01
</CP of DelSqRho>
<CP of DelSqRho>
CP# = 34      
Type = (3,+1)
Coords =  9.41057128612950E-01 -2.47940135289948E+00  4.24027513119131E+00
DistFromNuc =  1.9922601865E+00
Rho =  7.5288404879E-02
DelSqRho =  1.8480115004E-01
GradDelSqRho =  1.9428902931E-16  2.9663771439E-16  4.9960036108E-16
HessDelSqRho_EigVals = -1.7315770139E+00  2.9634286376E-02  5.8794462009E-01
HessDelSqRho_EigVec1 =  4.0496200443E-01  1.3053453748E-01  9.0496768423E-01
HessDelSqRho_EigVec2 =  7.0217987561E-01  5.8952660681E-01 -3.9925155246E-01
HessDelSqRho_EigVec3 = -5.8561864490E-01  7.9713180490E-01  1.4707715107E-01
</CP of DelSqRho>
<Path of -GradDelSqRho>
Starting CP# =      3
Ending CP# =      0
Number of Points =     29
  4.9559401746E-01 -2.6218912906E+00  3.2574272925E+00  4.1909194358E-01 -9.9210204302E-01
  5.1303431969E-01 -2.6363490535E+00  3.2680012675E+00  4.0866307628E-01 -1.0022200464E+00
  5.3047218678E-01 -2.6508070549E+00  3.2785789318E+00  3.9925809121E-01 -1.0324987586E+00
  5.4790785784E-01 -2.6652649236E+00  3.2891603970E+00  3.9084867571E-01 -1.0829384636E+00
  5.6534169064E-01 -2.6797222712E+00  3.2997456025E+00  3.8340172956E-01 -1.1536660654E+00
  5.8277410686E-01 -2.6941787335E+00  3.3103343494E+00  3.7687948267E-01 -1.2448483488E+00
  6.0020552934E-01 -2.7086340176E+00  3.3209263403E+00  3.7123952740E-01 -1.3565158549E+00
  6.1763631141E-01 -2.7230879538E+00  3.3315212241E+00  3.6643488661E-01 -1.4882662253E+00
  6.3506665673E-01 -2.7375405572E+00  3.3421186444E+00  3.6241432976E-01 -1.6388214488E+00
  6.5249652488E-01 -2.7519921030E+00  3.3527182915E+00  3.5912327009E-01 -1.8054501183E+00
  6.6992551199E-01 -2.7664432290E+00  3.3633199595E+00  3.5650571394E-01 -1.9833587615E+00
  6.8735268842E-01 -2.7808950812E+00  3.3739236141E+00  3.5450783831E-01 -2.1653259632E+00
  7.0477638903E-01 -2.7953495040E+00  3.3845294764E+00  3.5308374988E-01 -2.3420899091E+00
  7.2219411081E-01 -2.8098091099E+00  3.3951380935E+00  3.5220367820E-01 -2.5042297201E+00
  7.3960353590E-01 -2.8242761873E+00  3.4057501421E+00  3.5186411825E-01 -2.6463396650E+00
  7.5700814347E-01 -2.8387470209E+00  3.4163649718E+00  3.5209817607E-01 -2.7739548207E+00
  7.7442623640E-01 -2.8532031073E+00  3.4269777698E+00  3.5298272850E-01 -2.9127637288E+00
  7.9187660754E-01 -2.8676259951E+00  3.4375827049E+00  3.5463739436E-01 -3.1181720003E+00
  8.0935592409E-01 -2.8820195978E+00  3.4481797613E+00  3.5720937061E-01 -3.4816299330E+00
  8.2685250137E-01 -2.8963959209E+00  3.4587717908E+00  3.6083912378E-01 -4.1289538949E+00
  8.4435851938E-01 -2.9107628856E+00  3.4693609197E+00  3.6560534865E-01 -5.2058173457E+00
  8.6186994892E-01 -2.9251245388E+00  3.4799483060E+00  3.7145353397E-01 -6.8471556157E+00
  8.7938475570E-01 -2.9394829103E+00  3.4905345571E+00  3.7812056738E-01 -9.1309586247E+00
  8.9690187556E-01 -2.9538390568E+00  3.5011199984E+00  3.8507632272E-01 -1.2023510897E+01
  9.1442073409E-01 -2.9681935496E+00  3.5117048050E+00  3.9150887549E-01 -1.5332367669E+01
  9.3194102626E-01 -2.9825466992E+00  3.5222890604E+00  3.9637820691E-01 -1.8691707920E+01
  9.4946262431E-01 -2.9968986563E+00  3.5328727708E+00  3.9854950629E-01 -2.1604309269E+01
  9.6698559177E-01 -3.0112494293E+00  3.5434558198E+00  3.9699113048E-01 -2.3547471063E+01
  9.8188188248E-01 -3.0234462820E+00  3.5524502518E+00  3.9218967123E-01 -2.4129705229E+01
</Path of -GradDelSqRho>
<Path of -GradDelSqRho>
Starting CP# =      3
Ending CP# =     22
Number of Points =     17
  4.9559401746E-01 -2.6218912906E+00  3.2574272925E+00  4.1909194358E-01 -9.9210204302E-01
  4.7815129001E-01 -2.6074340606E+00  3.2468565895E+00  4.3056795621E-01 -1.0022927428E+00
  4.6070617723E-01 -2.5929776113E+00  3.2362887557E+00  4.4310890781E-01 -1.0330603523E+00
  4.4325904158E-01 -2.5785220671E+00  3.2257230234E+00  4.5672655741E-01 -1.0847240115E+00
  4.2581051726E-01 -2.5640674193E+00  3.2151583580E+00  4.7142596456E-01 -1.1575479546E+00
  4.0836154705E-01 -2.5496135069E+00  3.2045934228E+00  4.8720478793E-01 -1.2516024566E+00
  3.9091343106E-01 -2.5351599996E+00  3.1940265229E+00  5.0405263521E-01 -1.3665954139E+00
  3.7346789959E-01 -2.5207063790E+00  3.1834555115E+00  5.2195057219E-01 -1.5016800382E+00
  3.5602722839E-01 -2.5062519157E+00  3.1728776351E+00  5.4087091852E-01 -1.6552463010E+00
  3.3859442688E-01 -2.4917956361E+00  3.1622892741E+00  5.6077747334E-01 -1.8247058702E+00
  3.2117355648E-01 -2.4773362735E+00  3.1516854983E+00  5.8162632528E-01 -2.0062815863E+00
  3.0377029681E-01 -2.4628721916E+00  3.1410592672E+00  6.0336740613E-01 -2.1948118739E+00
  2.8639303255E-01 -2.4484012577E+00  3.1303998800E+00  6.2594694189E-01 -2.3835757896E+00
  2.6905518005E-01 -2.4339206153E+00  3.1196896362E+00  6.4931092634E-01 -2.5641317900E+00
  2.5178103664E-01 -2.4194262306E+00  3.1088954157E+00  6.7340962125E-01 -2.7261359763E+00
  2.3462475455E-01 -2.4049118946E+00  3.0979414500E+00  6.9820235223E-01 -2.8570534584E+00
  2.0862500321E-01 -2.3822613925E+00  3.0678293317E+00  7.4324163198E-01 -2.9641394982E+00
</Path of -GradDelSqRho>
<Path of -GradDelSqRho>
Starting CP# =      4
Ending CP# =      1
Number of Points =      7
 -3.2977877769E-01 -2.1035352166E+00  2.6960273156E+00  2.2510424021E+01  1.2247427303E+03
 -3.2657321385E-01 -2.0820017616E+00  2.7083169197E+00  3.2706297449E+01  9.7683270332E+02
 -3.2336247212E-01 -2.0604459138E+00  2.7205658575E+00  4.7896878443E+01 -7.8110880140E+02
 -3.2014944451E-01 -2.0388801881E+00  2.7327967986E+00  7.0461293806E+01 -6.3348849933E+03
 -3.1693478831E-01 -2.0173074223E+00  2.7450148882E+00  1.0394760927E+02 -2.0430668678E+04
 -3.1371741600E-01 -1.9957229010E+00  2.7572114832E+00  1.5419119717E+02 -7.4627191545E+04
 -3.0809674945E-01 -1.9580256724E+00  2.7784673436E+00  2.9724655123E+02 -3.3288410106E+06
</Path of -GradDelSqRho>
<Path of -GradDelSqRho>
Starting CP# =      4
Ending CP# =     13
Number of Points =     34
 -3.2977877769E-01 -2.1035352166E+00  2.6960273156E+00  2.2510424021E+01  1.2247427303E+03
 -3.3297829190E-01 -2.1250424831E+00  2.6836903620E+00  1.5619003880E+01  1.1436814980E+03
 -3.3617515463E-01 -2.1465382614E+00  2.6713327093E+00  1.0945497778E+01  9.7494724141E+02
 -3.3937136786E-01 -2.1680312181E+00  2.6589699820E+00  7.7856439815E+00  7.6782310803E+02
 -3.4256599221E-01 -2.1895172686E+00  2.6465948468E+00  5.6570849604E+00  5.6815802217E+02
 -3.4575744589E-01 -2.2109895266E+00  2.6341949818E+00  4.2239150429E+00  4.0474597900E+02
 -3.4894401062E-01 -2.2324404777E+00  2.6217570446E+00  3.2562063027E+00  2.8271229307E+02
 -3.5212396028E-01 -2.2538625175E+00  2.6092676988E+00  2.5995525475E+00  1.9493785785E+02
 -3.5529569127E-01 -2.2752485030E+00  2.5967146430E+00  2.1508951249E+00  1.3227519821E+02
 -3.5845763699E-01 -2.2965913642E+00  2.5840859605E+00  1.8411106639E+00  8.7570658673E+01
 -3.6160786922E-01 -2.3178823270E+00  2.5713670835E+00  1.6235255363E+00  5.5954747073E+01
 -3.6474351895E-01 -2.3391082843E+00  2.5585364700E+00  1.4666062221E+00  3.4056536321E+01
 -3.6786007416E-01 -2.3602485167E+00  2.5455605513E+00  1.3492231424E+00  1.9344750373E+01
 -3.7095036423E-01 -2.3812698165E+00  2.5323867583E+00  1.2574349534E+00  9.8129831679E+00
 -3.7400276009E-01 -2.4021176727E+00  2.5189317796E+00  1.1822196094E+00  3.8762126201E+00
 -3.7699754355E-01 -2.4226981477E+00  2.5050593668E+00  1.1178613972E+00  3.3206759284E-01
 -3.7989853748E-01 -2.4428351978E+00  2.4905335948E+00  1.0608388063E+00 -1.6835063737E+00
 -3.8262957346E-01 -2.4621475881E+00  2.4749040490E+00  1.0091473529E+00 -2.7583993104E+00
 -3.8498438039E-01 -2.4795601807E+00  2.4571632025E+00  9.6227932653E-01 -3.2745003391E+00
 -3.8613158588E-01 -2.4904121872E+00  2.4350209674E+00  9.2480369479E-01 -3.4810510276E+00
 -3.8442387729E-01 -2.4841108506E+00  2.4113980202E+00  9.1418584510E-01 -3.5761498846E+00
 -3.8148427910E-01 -2.4696065444E+00  2.3912741456E+00  9.1813297158E-01 -3.6580688653E+00
 -3.7834400482E-01 -2.4535827745E+00  2.3723458656E+00  9.2361807777E-01 -3.7349540712E+00
 -3.7512272539E-01 -2.4368823930E+00  2.3540247032E+00  9.2872918584E-01 -3.8065628547E+00
 -3.7183311950E-01 -2.4196059599E+00  2.3362581376E+00  9.3324056388E-01 -3.8725297181E+00
 -3.6847669866E-01 -2.4017772749E+00  2.3190587218E+00  9.3711716737E-01 -3.9325383991E+00
 -3.6505362478E-01 -2.3834136652E+00  2.3024452480E+00  9.4034654894E-01 -3.9863316490E+00
 -3.6156353367E-01 -2.3645323374E+00  2.2864370824E+00  9.4292331606E-01 -4.0337149424E+00
 -3.5800555085E-01 -2.3451509216E+00  2.2710537288E+00  9.4484795234E-01 -4.0745585806E+00
 -3.5437825640E-01 -2.3252875974E+00  2.2563147828E+00  9.4612661780E-01 -4.1087984383E+00
 -3.5067966927E-01 -2.3049611859E+00  2.2422399057E+00  9.4677093818E-01 -4.1364353967E+00
 -3.4690729147E-01 -2.2841912245E+00  2.2288487974E+00  9.4679773529E-01 -4.1575335304E+00
 -3.4305830412E-01 -2.2629980107E+00  2.2161611651E+00  9.4622870216E-01 -4.1722171530E+00
 -3.3544983343E-01 -2.2212164723E+00  2.1938539508E+00  9.4356688505E-01 -4.1831334650E+00
</Path of -GradDelSqRho>
<Path of -GradDelSqRho>
Starting CP# =      6
Ending CP# =     17
Number of Points =     31
 -2.9887702233E-01 -1.8754404912E+00  2.9245307525E+00  2.2638514159E+01  1.2384896530E+03
 -2.9748019024E-01 -1.8630206569E+00  2.9461824572E+00  1.5698830081E+01  1.1554462925E+03
 -2.9607849649E-01 -1.8505750793E+00  2.9678190660E+00  1.0996903708E+01  9.8446394151E+02
 -2.9467557899E-01 -1.8381230323E+00  2.9894518731E+00  7.8209346600E+00  7.7528390237E+02
 -2.9326992037E-01 -1.8256564863E+00  3.0110761488E+00  5.6841000339E+00  5.7350167938E+02
 -2.9185880733E-01 -1.8131610915E+00  3.0326834095E+00  4.2475251776E+00  4.0816577594E+02
 -2.9043927467E-01 -1.8006211844E+00  3.0542643117E+00  3.2792477799E+00  2.8461128772E+02
 -2.8900833708E-01 -1.7880210228E+00  3.0758093300E+00  2.6235156606E+00  1.9573438075E+02
 -2.8756321046E-01 -1.7753459624E+00  3.0973094154E+00  2.1764179664E+00  1.3230910882E+02
 -2.8610116101E-01 -1.7625816677E+00  3.1187554894E+00  1.8683116157E+00  8.7096640881E+01
 -2.8461881517E-01 -1.7497104886E+00  3.1401361761E+00  1.6522210030E+00  5.5162738191E+01
 -2.8311115642E-01 -1.7367062205E+00  3.1614343755E+00  1.4964545032E+00  3.3089113414E+01
 -2.8157030766E-01 -1.7235278020E+00  3.1826228209E+00  1.3798211959E+00  1.8306672080E+01
 -2.7998377499E-01 -1.7101103206E+00  3.2036571836E+00  1.2883837656E+00  8.7768543662E+00
 -2.7833135890E-01 -1.6963493602E+00  3.2244630516E+00  1.2131690391E+00  2.8877680729E+00
 -2.7657899731E-01 -1.6820702222E+00  3.2449076728E+00  1.1485467352E+00 -5.8398437045E-01
 -2.7466485142E-01 -1.6669598050E+00  3.2647282705E+00  1.0911347211E+00 -2.5177409688E+00
 -2.7246190024E-01 -1.6503903468E+00  3.2833022830E+00  1.0392375044E+00 -3.5122655927E+00
 -2.6965897252E-01 -1.6309185793E+00  3.2985985697E+00  9.9360241862E-01 -3.9599628558E+00
 -2.6575093910E-01 -1.6071353484E+00  3.3023650359E+00  9.6536635142E-01 -4.1357405907E+00
 -2.6173389701E-01 -1.5856086954E+00  3.2906390641E+00  9.6425866315E-01 -4.2456110458E+00
 -2.5804516017E-01 -1.5667178185E+00  3.2746965080E+00  9.7055209633E-01 -4.3453076206E+00
 -2.5449211401E-01 -1.5487026194E+00  3.2577331154E+00  9.7717646816E-01 -4.4367425433E+00
 -2.5103841959E-01 -1.5312607964E+00  3.2401603436E+00  9.8311921351E-01 -4.5193532481E+00
 -2.4768412834E-01 -1.5143726750E+00  3.2220360815E+00  9.8824224117E-01 -4.5926059009E+00
 -2.4443395575E-01 -1.4980533565E+00  3.2033795897E+00  9.9251556520E-01 -4.6560668656E+00
 -2.4129307060E-01 -1.4823211611E+00  3.1842071920E+00  9.9592578594E-01 -4.7094127956E+00
 -2.3826662488E-01 -1.4671946757E+00  3.1645354495E+00  9.9846786647E-01 -4.7524358100E+00
 -2.3535956724E-01 -1.4526925495E+00  3.1443814400E+00  1.0001445383E+00 -4.7850460685E+00
 -2.3257626566E-01 -1.4388335108E+00  3.1237628483E+00  1.0009661097E+00 -4.8072718769E+00
 -2.2812527633E-01 -1.4167679990E+00  3.0876359770E+00  1.0004508865E+00 -4.8216868084E+00
</Path of -GradDelSqRho>
<Path of -GradDelSqRho>
Starting CP# =      6
Ending CP# =      1
Number of Points =      7
 -2.9887702233E-01 -1.8754404912E+00  2.9245307525E+00  2.2638514159E+01  1.2384896530E+03
 -3.0026337398E-01 -1.8878047877E+00  2.9028466159E+00  3.2915648278E+01  9.8142270507E+02
 -3.0164096262E-01 -1.9001226166E+00  2.8811354846E+00  4.8238792664E+01 -8.2906139935E+02
 -3.0301470401E-01 -1.9124200372E+00  2.8594125413E+00  7.1007428898E+01 -6.4868478878E+03
 -3.0438557626E-01 -1.9247022267E+00  2.8376808027E+00  1.0482111755E+02 -2.0997512651E+04
 -3.0575176236E-01 -1.9369595101E+00  2.8159347110E+00  1.5555191120E+02 -7.6536951689E+04
 -3.0809674945E-01 -1.9580256724E+00  2.7784673436E+00  2.9724655123E+02 -3.3288410106E+06
</Path of -GradDelSqRho>
<Path of -GradDelSqRho>
Starting CP# =     14
Ending CP# =     17
Number of Points =     32
 -8.1522615202E-01 -1.8518046646E+00  3.2445622775E+00  7.7233757942E-01 -2.5296063210E+00
 -8.0143750442E-01 -1.8337202633E+00  3.2508220464E+00  7.7713777954E-01 -2.5333516343E+00
 -7.8626117849E-01 -1.8147706722E+00  3.2567819159E+00  7.8271754725E-01 -2.5458128198E+00
 -7.7052705161E-01 -1.7960694665E+00  3.2620383363E+00  7.8881310237E-01 -2.5674023315E+00
 -7.5425745073E-01 -1.7776417393E+00  3.2665821911E+00  7.9542806656E-01 -2.5983770603E+00
 -7.3747575391E-01 -1.7595119876E+00  3.2704050558E+00  8.0255971252E-01 -2.6388512013E+00
 -7.2020655126E-01 -1.7417039327E+00  3.2734994584E+00  8.1019845381E-01 -2.6887981323E+00
 -7.0247575549E-01 -1.7242403002E+00  3.2758591228E+00  8.1832738062E-01 -2.7480539240E+00
 -6.8431065779E-01 -1.7071425669E+00  3.2774791804E+00  8.2692185259E-01 -2.8163219939E+00
 -6.6573992729E-01 -1.6904306889E+00  3.2783563334E+00  8.3594916588E-01 -2.8931784751E+00
 -6.4679355628E-01 -1.6741228260E+00  3.2784889554E+00  8.4536831750E-01 -2.9780779685E+00
 -6.2750275736E-01 -1.6582350771E+00  3.2778771121E+00  8.5512989492E-01 -3.0703594788E+00
 -6.0789982406E-01 -1.6427812445E+00  3.2765224906E+00  8.6517612251E-01 -3.1692524844E+00
 -5.8801797142E-01 -1.6277726399E+00  3.2744282264E+00  8.7544109712E-01 -3.2738832487E+00
 -5.6789117807E-01 -1.6132179436E+00  3.2715986233E+00  8.8585124254E-01 -3.3832816154E+00
 -5.4755405594E-01 -1.5991231207E+00  3.2680387650E+00  8.9632600539E-01 -3.4963886390E+00
 -5.2704177769E-01 -1.5854913884E+00  3.2637540233E+00  9.0677880339E-01 -3.6120654608E+00
 -5.0639009534E-01 -1.5723232212E+00  3.2587494700E+00  9.1711822077E-01 -3.7291038426E+00
 -4.8563548757E-01 -1.5596163644E+00  3.2530291973E+00  9.2724942741E-01 -3.8462387182E+00
 -4.6481547921E-01 -1.5473658152E+00  3.2465955503E+00  9.3707577908E-01 -3.9621630176E+00
 -4.4396918770E-01 -1.5355637179E+00  3.2394482576E+00  9.4650054097E-01 -4.0755448798E+00
 -4.2313817442E-01 -1.5241990991E+00  3.2315834260E+00  9.5542866701E-01 -4.1850472240E+00
 -4.0236772168E-01 -1.5132573527E+00  3.2229923253E+00  9.6376856728E-01 -4.2893495069E+00
 -3.8170873976E-01 -1.5027193418E+00  3.2136598316E+00  9.7143380466E-01 -4.3871714096E+00
 -3.6122066707E-01 -1.4925599285E+00  3.2035623007E+00  9.7834467953E-01 -4.4772981721E+00
 -3.4097603999E-01 -1.4827456109E+00  3.1926644824E+00  9.8442968638E-01 -4.5586074037E+00
 -3.2106806037E-01 -1.4732307099E+00  3.1809147995E+00  9.8962685564E-01 -4.6300974905E+00
 -3.0162394145E-01 -1.4639510389E+00  3.1682377667E+00  9.9388503178E-01 -4.6909183688E+00
 -2.8283037698E-01 -1.4548128850E+00  3.1545212408E+00  9.9716519245E-01 -4.7404067634E+00
 -2.6498735077E-01 -1.4456725415E+00  3.1395940082E+00  9.9944201683E-01 -4.7781308173E+00
 -2.4863882034E-01 -1.4362950532E+00  3.1231854014E+00  1.0007061776E+00 -4.8039552364E+00
 -2.2812527633E-01 -1.4167679990E+00  3.0876359770E+00  1.0004508865E+00 -4.8216868084E+00
</Path of -GradDelSqRho>
<Path of -GradDelSqRho>
Starting CP# =     14
Ending CP# =     18
Number of Points =     18
 -8.1522615202E-01 -1.8518046646E+00  3.2445622775E+00  7.7233757942E-01 -2.5296063210E+00
 -8.2845965367E-01 -1.8700324203E+00  3.2377085387E+00  7.6797968562E-01 -2.5331709283E+00
 -8.4190968295E-01 -1.8895539963E+00  3.2297755467E+00  7.6381373618E-01 -2.5443222783E+00
 -8.5472081959E-01 -1.9092225212E+00  3.2211760720E+00  7.6010043279E-01 -2.5622901762E+00
 -8.6687226475E-01 -1.9290107510E+00  3.2119189358E+00  7.5681393456E-01 -2.5861762013E+00
 -8.7834263640E-01 -1.9488907200E+00  3.2020122496E+00  7.5392602071E-01 -2.6149827606E+00
 -8.8910963099E-01 -1.9688334736E+00  3.1914632315E+00  7.5140701415E-01 -2.6476312932E+00
 -8.9914968983E-01 -1.9888087064E+00  3.1802780407E+00  7.4922680608E-01 -2.6829833077E+00
 -9.0843769371E-01 -2.0087842881E+00  3.1684616315E+00  7.4735598181E-01 -2.7198639019E+00
 -9.1694672984E-01 -2.0287256547E+00  3.1560176331E+00  7.4576703156E-01 -2.7570873526E+00
 -9.2464801082E-01 -2.0485950397E+00  3.1429482645E+00  7.4443560185E-01 -2.7934843176E+00
 -9.3151108034E-01 -2.0683505159E+00  3.1292542933E+00  7.4334170012E-01 -2.8279301317E+00
 -9.3750452237E-01 -2.0879448182E+00  3.1149350294E+00  7.4247070430E-01 -2.8593735876E+00
 -9.4259750122E-01 -2.1073239049E+00  3.0999882884E+00  7.4181395360E-01 -2.8868654409E+00
 -9.4676259945E-01 -2.1264251466E+00  3.0844101116E+00  7.4136862834E-01 -2.9095856728E+00
 -9.4998060941E-01 -2.1451747609E+00  3.0681936471E+00  7.4113662408E-01 -2.9268683125E+00
 -9.5224839910E-01 -2.1634830437E+00  3.0513255371E+00  7.4112230416E-01 -2.9382224427E+00
 -9.5383683617E-01 -2.1865748255E+00  3.0281947903E+00  7.4143869809E-01 -2.9436510128E+00
</Path of -GradDelSqRho>
<Path of -GradDelSqRho>
