 AIMInt (Version 19.02.13, Professional)
 Portions Copyright (c) 1997-2019 by Todd A. Keith
 AIMInt is a component of the AIMAll package ( http://aim.tkgristmill.com )

 TP:  64-bit Linux

 Licensed To:  Research Group of Fernando Cortes Guzman, UNAM, fercor@unam.mx

 AIMInt is a heavily modified and extended version of the PROAIMV program
 developed by members of R.F.W. Bader's research group

 Much of the Quantum Theory of Atoms in Molecules (QTAIM) is described in the book:
   "Atoms in Molecules - A Quantum Theory"
   R.F.W. Bader, Oxford University Press, Oxford, 1990

 For additional references see:  http://aim.tkgristmill.com/references.html

 Current Directory:  /home/scratch/M_H2O_4_tetraedrico/Opt

 Inp File:  Ni2_tetraedrico_cc-pvtz-def2-tzv_2_atomicfiles/o6.inp
 Wfx File:  Ni2_tetraedrico_cc-pvtz-def2-tzv_2.wfx
 Out File:  Ni2_tetraedrico_cc-pvtz-def2-tzv_2_atomicfiles/o6.int

 Wfx Title:   Ni2_tetraedrico_cc-pvtz-def2-tzv_2                                            
 Job Title:   Ni2_tetraedrico_cc-pvtz-def2-tzv_2                                            
 
<Atom>
O6      
</Atom>
<Nuclei of Molecule>
    13
Ni1       28.0           1.1941314399E-05   1.2815213619E-02  -2.5890637525E-05
O2         8.0           2.7729347060E+00   1.9915757675E+00   3.0750197972E-01
H3         1.0           4.1879067741E+00   1.9505801482E+00   1.5081803908E+00
O4         8.0          -3.0809669503E-01  -1.9580253803E+00   2.7784671853E+00
H5         1.0          -1.9320098704E+00  -2.5341068963E+00   3.4594895992E+00
O6         8.0          -2.7779044882E+00   1.9835905925E+00  -3.1370102121E-01
H7         1.0          -4.1949446570E+00   1.9334129352E+00  -1.5116834923E+00
O8         8.0           3.1311545189E-01  -1.9658793504E+00  -2.7723717252E+00
H9         1.0           1.9379911926E+00  -2.5452853726E+00  -3.4482994942E+00
H10        1.0           9.8811579893E-01  -3.0285021050E+00   3.5561987529E+00
H11        1.0          -3.2710475816E+00   3.2455074489E+00   9.5624879728E-01
H12        1.0           3.2654775255E+00   3.2471774066E+00  -9.6882456843E-01
H13        1.0          -9.8221533637E-01  -3.0377025804E+00  -3.5497563959E+00
</Nuclei of Molecule>
<Total Number of CPs of DelSqRho>
    37
</Total Number of CPs of DelSqRho>
<Number of (3,+3) CPs of DelSqRho>
     5
</Number of (3,+3) CPs of DelSqRho>
<Number of (3,+1) CPs of DelSqRho>
    15
</Number of (3,+1) CPs of DelSqRho>
<Number of (3,-1) CPs of DelSqRho>
    11
</Number of (3,-1) CPs of DelSqRho>
<Number of (3,-3) CPs of DelSqRho>
     6
</Number of (3,-3) CPs of DelSqRho>
<Number of Degenerate CPs of DelSqRho>
     0
</Number of Degenerate CPs of DelSqRho>
<CP of DelSqRho>
CP# = 1       
Type = (3,+3)
Coords = -2.77790481953101E+00  1.98359074376032E+00 -3.13700974058359E-01
DistFromNuc =  3.6725977586E-07
Rho =  2.9731575956E+02
DelSqRho = -3.3296056409E+06
GradDelSqRho =  7.4431773101E-07  1.9720664568E-06  2.5586878110E-06
HessDelSqRho_EigVals =  1.3241105523E+11  1.3241107377E+11  1.3241108109E+11
HessDelSqRho_EigVec1 =  4.9610652004E-01  6.7604932984E-01 -5.4482623321E-01
HessDelSqRho_EigVec2 = -8.0803092540E-01  5.8912082230E-01 -4.7623869997E-03
HessDelSqRho_EigVec3 =  3.1774886998E-01  4.4259909664E-01  8.3853544664E-01
</CP of DelSqRho>
<CP of DelSqRho>
CP# = 2       
Type = (3,-1)
Coords = -1.53657834010041E+00  1.22820440880220E+00 -1.87570912197449E-01
DistFromNuc =  1.4585635731E+00
Rho =  1.5911234114E-01
DelSqRho =  5.0689066014E-01
GradDelSqRho = -4.7184478547E-16  5.5511151231E-16  9.8879238131E-17
HessDelSqRho_EigVals = -9.2265773809E-01 -7.0504748340E-01  4.3564905012E+00
HessDelSqRho_EigVec1 =  5.7665175286E-01  7.1410908068E-01 -3.9688912408E-01
HessDelSqRho_EigVec2 =  1.8146656749E-01  3.6170486831E-01  9.1446130215E-01
HessDelSqRho_EigVec3 =  7.9658184815E-01 -5.9934781983E-01  7.8990822645E-02
</CP of DelSqRho>
<CP of DelSqRho>
CP# = 3       
Type = (3,+1)
Coords = -3.65717246272476E+00  1.95123164629258E+00 -1.05424983611140E+00
DistFromNuc =  1.1500312255E+00
Rho =  4.1702579064E-01
DelSqRho = -9.7901024468E-01
GradDelSqRho = -2.6129653996E-12  1.0656475702E-12 -4.5631970425E-12
HessDelSqRho_EigVals = -3.2228525941E+01  1.5110250273E+01  1.5988240987E+01
HessDelSqRho_EigVec1 =  7.6376880250E-01  2.4497216329E-02  6.4502488535E-01
HessDelSqRho_EigVec2 = -4.6139451179E-01 -6.7810861441E-01  5.7208724121E-01
HessDelSqRho_EigVec3 = -4.5141147617E-01  7.3455332921E-01  5.0661532322E-01
</CP of DelSqRho>
<CP of DelSqRho>
CP# = 4       
Type = (3,+1)
Coords = -3.08305432191416E+00  2.76234147270819E+00  4.73953656590313E-01
DistFromNuc =  1.1488991452E+00
Rho =  4.1634249894E-01
DelSqRho = -9.7027939525E-01
GradDelSqRho = -8.4210416418E-14  4.3827719232E-12  2.3321483633E-12
HessDelSqRho_EigVals = -3.1906369301E+01  1.5009381966E+01  1.5810785397E+01
HessDelSqRho_EigVec1 = -2.6745160581E-01  6.8119109369E-01  6.8150446252E-01
HessDelSqRho_EigVec2 = -4.7785286652E-01 -7.0793580916E-01  5.2008030925E-01
HessDelSqRho_EigVec3 =  8.3673548778E-01 -1.8656254710E-01  5.1484768573E-01
</CP of DelSqRho>
<CP of DelSqRho>
CP# = 5       
Type = (3,+1)
Coords = -2.90110703008449E+00  1.90776028526665E+00 -2.27001644009157E-01
DistFromNuc =  1.6865907571E-01
Rho =  2.2491840743E+01
DelSqRho =  1.2282488992E+03
GradDelSqRho =  1.1993961380E-11 -8.8959950517E-12  6.6506800067E-12
HessDelSqRho_EigVals = -4.0554400022E+05  2.3902316690E+03  3.5700745868E+03
HessDelSqRho_EigVec1 =  7.2763473635E-01  4.5327086143E-01 -5.1487203908E-01
HessDelSqRho_EigVec2 =  6.1471523263E-01 -7.6396329599E-01  1.9617661726E-01
HessDelSqRho_EigVec3 =  3.0442219569E-01  4.5924460646E-01  8.3451873449E-01
</CP of DelSqRho>
<CP of DelSqRho>
CP# = 6       
Type = (3,+1)
Coords = -2.74956569180044E+00  2.12532975776173E+00 -3.99699999528793E-01
DistFromNuc =  1.6819305168E-01
Rho =  2.2589844573E+01
DelSqRho =  1.2395785265E+03
GradDelSqRho = -3.9577230382E-12 -1.3585577108E-11  6.0964566728E-12
HessDelSqRho_EigVals = -4.1641573234E+05  1.8601390660E+03  3.1514908842E+03
HessDelSqRho_EigVec1 =  1.7359566455E-01  8.4102470331E-01 -5.1238851828E-01
HessDelSqRho_EigVec2 =  9.3799570485E-01 -2.9971886847E-01 -1.7416273300E-01
HessDelSqRho_EigVec3 =  3.0004766777E-01  4.5038433398E-01  8.4090745553E-01
</CP of DelSqRho>
<CP of DelSqRho>
CP# = 7       
Type = (3,-1)
Coords = -2.90100614887707E+00  2.09803870540171E+00 -3.29910008192136E-01
DistFromNuc =  1.6886420778E-01
Rho =  2.2329142508E+01
DelSqRho =  1.2492606228E+03
GradDelSqRho = -1.0373923942E-11  1.3415046851E-11 -4.7606363296E-13
HessDelSqRho_EigVals = -4.0503528218E+05 -1.5309631416E+03  1.6778722115E+03
HessDelSqRho_EigVec1 =  7.2774070692E-01 -6.7892932554E-01  9.7203057616E-02
HessDelSqRho_EigVec2 =  6.1286876360E-01  5.8011612643E-01 -5.3652321334E-01
HessDelSqRho_EigVec3 =  3.0787228211E-01  4.5002250029E-01  8.3826869627E-01
</CP of DelSqRho>
<CP of DelSqRho>
CP# = 8       
Type = (3,-3)
Coords = -2.63325556839010E+00  1.95335281661684E+00 -2.35966554732452E-01
DistFromNuc =  1.6697389130E-01
Rho =  2.2722865184E+01
DelSqRho =  1.2965574026E+03
GradDelSqRho =  5.6843418861E-13  1.4495071810E-12  4.8032688937E-12
HessDelSqRho_EigVals = -4.5102667680E+05 -3.5356732325E+03 -3.7193476640E+02
HessDelSqRho_EigVec1 =  8.6744492481E-01 -1.8263686229E-01  4.6279917778E-01
HessDelSqRho_EigVec2 = -4.4867318368E-01 -6.8914771039E-01  5.6900598197E-01
HessDelSqRho_EigVec3 = -2.1501552656E-01  7.0122693174E-01  6.7974194628E-01
</CP of DelSqRho>
<CP of DelSqRho>
CP# = 9       
Type = (3,-3)
Coords = -2.70120386788808E+00  1.86657705226268E+00 -4.04859964481128E-01
DistFromNuc =  1.6698834297E-01
Rho =  2.2713385816E+01
DelSqRho =  1.2974431182E+03
GradDelSqRho =  2.5011104299E-12 -1.4722445485E-11 -1.0231815395E-11
HessDelSqRho_EigVals = -4.5084150068E+05 -3.6169506710E+03 -5.6556196981E+02
HessDelSqRho_EigVec1 = -4.6230920812E-01  7.0004906349E-01  5.4424397543E-01
HessDelSqRho_EigVec2 =  4.6915422429E-01  7.1393661071E-01 -5.1979691200E-01
HessDelSqRho_EigVec3 =  7.5243904067E-01 -1.5027461349E-02  6.5849044449E-01
</CP of DelSqRho>
<CP of DelSqRho>
CP# = 10      
Type = (3,+3)
Coords = -2.82519768551649E+00  1.42562749410784E+00  4.74884055276475E-03
DistFromNuc =  6.4418148071E-01
Rho =  9.3394098898E-01
DelSqRho = -4.1493928335E+00
GradDelSqRho = -1.1657341759E-14 -5.3290705182E-14  2.1316282073E-14
HessDelSqRho_EigVals =  8.1529868697E+00  2.1829326102E+01  3.0752883903E+02
HessDelSqRho_EigVec1 =  9.4711305756E-01 -2.3597329209E-01 -2.1747059945E-01
HessDelSqRho_EigVec2 =  3.0510104349E-01  4.5214738199E-01  8.3813847198E-01
HessDelSqRho_EigVec3 =  9.9449532255E-02  8.6016239768E-01 -5.0023038708E-01
</CP of DelSqRho>
<CP of DelSqRho>
CP# = 11      
Type = (3,-1)
Coords = -2.37674312816101E+00  2.14102614715131E+00  2.58078163771348E-01
DistFromNuc =  7.1599429262E-01
Rho =  6.7501351221E-01
DelSqRho = -1.0294471979E+00
GradDelSqRho = -1.0436096431E-14 -8.8817841970E-16 -1.1102230246E-14
HessDelSqRho_EigVals = -1.5426816103E+01 -1.1651047668E+01  1.4388923480E+02
HessDelSqRho_EigVec1 = -6.7468070291E-01  6.6047007383E-01  3.2952273168E-01
HessDelSqRho_EigVec2 =  4.5359810016E-01  7.2319704554E-01 -5.2080207072E-01
HessDelSqRho_EigVec3 =  5.8228404809E-01  2.0190422210E-01  7.8751506173E-01
</CP of DelSqRho>
<CP of DelSqRho>
CP# = 12      
Type = (3,-1)
Coords = -3.35709938857545E+00  2.41989352527101E+00 -3.23510661617441E-01
DistFromNuc =  7.2520563347E-01
Rho =  6.6954481433E-01
DelSqRho = -1.0326925872E+00
GradDelSqRho = -1.7763568394E-14  9.7699626167E-15 -2.7478019859E-15
HessDelSqRho_EigVals = -1.8985178790E+01 -5.8963672743E+00  1.3353307079E+02
HessDelSqRho_EigVec1 =  3.1645946107E-01  4.4200206489E-01  8.3933758651E-01
HessDelSqRho_EigVec2 =  5.1728809352E-01  6.6126855982E-01 -5.4326505510E-01
HessDelSqRho_EigVec3 =  7.9515183317E-01 -6.0610070650E-01  1.9377713413E-02
</CP of DelSqRho>
<CP of DelSqRho>
CP# = 13      
Type = (3,-1)
Coords = -2.79436041756625E+00  1.53428756094405E+00 -8.70629750793336E-01
DistFromNuc =  7.1576086899E-01
Rho =  6.7171775352E-01
DelSqRho = -9.8945123830E-01
GradDelSqRho = -9.9398267395E-13 -1.2421175200E-12 -3.6024516703E-12
HessDelSqRho_EigVals = -1.5633386720E+01 -1.1886066157E+01  1.4381532879E+02
HessDelSqRho_EigVec1 =  8.9650854416E-01 -3.4000137998E-01  2.8402727311E-01
HessDelSqRho_EigVec2 =  4.4301174942E-01  6.9322580765E-01 -5.6848796776E-01
HessDelSqRho_EigVec3 = -3.6083422524E-03  6.3548173949E-01  7.7210746573E-01
</CP of DelSqRho>
<CP of DelSqRho>
CP# = 14      
Type = (3,+1)
Coords = -3.08987298268397E+00  2.05779533115304E+00  3.00462528968293E-01
DistFromNuc =  6.9284020607E-01
Rho =  7.7746712139E-01
DelSqRho = -2.4961237901E+00
GradDelSqRho = -3.1086244690E-15  7.9936057773E-15 -1.3322676296E-14
HessDelSqRho_EigVals = -1.1900633123E+01  1.2712644090E+01  1.8228429824E+02
HessDelSqRho_EigVec1 =  9.5864422465E-02  9.9437051897E-01  4.5136277041E-02
HessDelSqRho_EigVec2 =  8.7837283997E-01 -1.0583902886E-01  4.6611077436E-01
HessDelSqRho_EigVec3 = -4.6826399233E-01  5.0369603388E-03  8.8357425411E-01
</CP of DelSqRho>
<CP of DelSqRho>
CP# = 15      
Type = (3,+1)
Coords = -3.00493867266821E+00  2.21479440748619E+00 -9.26992254715839E-01
DistFromNuc =  6.9363236811E-01
Rho =  7.7626693985E-01
DelSqRho = -2.5138797654E+00
GradDelSqRho = -1.1102230246E-13  1.6821544158E-12 -2.9611868513E-12
HessDelSqRho_EigVals = -1.3347407781E+01  1.3722132458E+01  1.8368976181E+02
HessDelSqRho_EigVec1 =  8.8433349190E-01  4.6572347361E-01 -3.2494941615E-02
HessDelSqRho_EigVec2 = -4.0256027684E-01  7.9594314915E-01  4.5212799828E-01
HessDelSqRho_EigVec3 =  2.3643074804E-01 -3.8675075881E-01  8.9136095491E-01
</CP of DelSqRho>
<CP of DelSqRho>
CP# = 16      
Type = (3,+1)
Coords = -2.24023812030976E+00  1.58872697157565E+00 -2.98097363733849E-01
DistFromNuc =  6.6726746992E-01
Rho =  8.5935791005E-01
DelSqRho = -3.4597493916E+00
GradDelSqRho =  5.3290705182E-15 -2.6645352591E-15  7.7715611724E-16
HessDelSqRho_EigVals = -6.7986107792E+00  1.9055865017E+01  2.4497047644E+02
HessDelSqRho_EigVec1 = -5.0103134021E-01 -6.7139700759E-01  5.4607110739E-01
HessDelSqRho_EigVec2 =  3.0778505205E-01  4.5149178015E-01  8.3751031886E-01
HessDelSqRho_EigVec3 =  8.0884853827E-01 -5.8769144170E-01  1.9565568771E-02
</CP of DelSqRho>
<CP of DelSqRho>
CP# = 17      
Type = (3,+1)
Coords = -3.37190893459461E+00  1.65568477654713E+00 -4.44371087525796E-01
DistFromNuc =  6.9096900991E-01
Rho =  7.8213986460E-01
DelSqRho = -2.5333878308E+00
GradDelSqRho =  2.6645352591E-15 -6.6613381478E-15  2.6645352591E-15
HessDelSqRho_EigVals = -1.1973435790E+01  1.3077876928E+01  1.8518075994E+02
HessDelSqRho_EigVec1 =  2.3205853158E-01 -5.3193878608E-01  8.1436476212E-01
HessDelSqRho_EigVec2 = -4.8480804638E-01  6.6256697025E-01  5.7093446919E-01
HessDelSqRho_EigVec3 =  8.4327338159E-01  5.2730080391E-01  1.0413388548E-01
</CP of DelSqRho>
<CP of DelSqRho>
CP# = 18      
Type = (3,+3)
Coords = -2.30786919769932E+00  2.25978573097289E+00 -6.35085310603408E-01
DistFromNuc =  6.3285447801E-01
Rho =  9.8314164303E-01
DelSqRho = -4.6739277607E+00
GradDelSqRho = -3.5527136788E-15  1.4210854715E-14 -3.5527136788E-15
HessDelSqRho_EigVals =  1.2906925297E+01  2.5187551087E+01  3.6315153286E+02
HessDelSqRho_EigVec1 =  6.1029417486E-01 -7.6744444252E-01  1.9639258588E-01
HessDelSqRho_EigVec2 =  3.0421512031E-01  4.5595791599E-01  8.3639436836E-01
HessDelSqRho_EigVec3 =  7.3143296392E-01  4.5070101675E-01 -5.1173666352E-01
</CP of DelSqRho>
<CP of DelSqRho>
CP# = 19      
Type = (3,+3)
Coords = -3.33311551068051E+00  1.95014625010847E+00 -7.81286914269620E-01
DistFromNuc =  7.2664597356E-01
Rho =  7.4679134306E-01
DelSqRho = -3.0066365719E+00
GradDelSqRho =  2.7142732506E-12  3.9879211045E-13  1.9735324486E-12
HessDelSqRho_EigVals =  1.1105931309E+01  2.2855413801E+01  1.3618812473E+02
HessDelSqRho_EigVec1 =  4.4492959212E-01  6.7561528083E-01 -5.8786193138E-01
HessDelSqRho_EigVec2 = -4.6994571627E-01  7.3491200942E-01  4.8893288104E-01
HessDelSqRho_EigVec3 =  7.6235731899E-01  5.8722489078E-02  6.4448660767E-01
</CP of DelSqRho>
<CP of DelSqRho>
CP# = 20      
Type = (3,+1)
Coords = -2.70254914611328E+00  2.64491612605787E+00 -1.11799198838410E-01
DistFromNuc =  6.9555318621E-01
Rho =  7.7078227576E-01
DelSqRho = -2.4617467573E+00
GradDelSqRho =  5.5511151231E-15  2.0428103653E-14  1.2434497876E-14
HessDelSqRho_EigVals = -1.3335933157E+01  1.3226058202E+01  1.8058614722E+02
HessDelSqRho_EigVec1 = -5.9848155971E-01 -6.2976088005E-02  7.9865752049E-01
HessDelSqRho_EigVec2 = -7.8272087189E-01  2.5848422292E-01 -5.6615717182E-01
HessDelSqRho_EigVec3 =  1.7078600469E-01  9.6396053801E-01  2.0399073941E-01
</CP of DelSqRho>
<CP of DelSqRho>
CP# = 21      
Type = (3,+3)
Coords = -2.96753497474792E+00  2.46810685973690E+00  1.96279276467780E-01
DistFromNuc =  7.2855723090E-01
Rho =  7.4127900435E-01
DelSqRho = -2.9430253336E+00
GradDelSqRho =  6.0090821208E-15 -1.2434497876E-14 -1.1990408666E-14
HessDelSqRho_EigVals =  1.0899848380E+01  2.2201657472E+01  1.3392598210E+02
HessDelSqRho_EigVec1 =  4.7422411799E-01  7.2469856406E-01 -4.9992347131E-01
HessDelSqRho_EigVec2 = -8.4252698951E-01  2.0879636830E-01 -4.9654037956E-01
HessDelSqRho_EigVec3 = -2.5545989482E-01  6.5667044082E-01  7.0959437307E-01
</CP of DelSqRho>
<CP of DelSqRho>
CP# = 22      
Type = (3,-3)
Coords = -2.09917919209718E+00  2.24787283134414E+00  5.67093787203645E-01
DistFromNuc =  1.1429403414E+00
Rho =  2.4726849151E-01
DelSqRho =  8.3723821599E-01
GradDelSqRho = -1.4432899320E-15 -2.4980018054E-16 -1.2212453271E-15
HessDelSqRho_EigVals = -1.7496280839E+01 -1.7971179908E+00 -4.7710463686E-01
HessDelSqRho_EigVec1 =  6.1709320433E-01  2.0381853321E-01  7.6003551409E-01
HessDelSqRho_EigVec2 =  6.4874664714E-01 -6.7840714463E-01 -3.4480651666E-01
HessDelSqRho_EigVec3 =  4.4533556447E-01  7.0584824972E-01 -5.5086702877E-01
</CP of DelSqRho>
<CP of DelSqRho>
CP# = 23      
Type = (3,+1)
Coords = -1.62007876513165E+00  1.67157866171627E+00 -6.11839914435984E-01
DistFromNuc =  1.2356369409E+00
Rho =  2.4049734679E-01
DelSqRho =  5.3620864892E-01
GradDelSqRho =  4.6629367034E-15 -6.6613381478E-16 -9.5756735874E-16
HessDelSqRho_EigVals = -1.1643689033E+01  1.3974661473E-01  4.2343580882E-01
HessDelSqRho_EigVec1 =  9.3524732529E-01 -2.2331168467E-01 -2.7467131636E-01
HessDelSqRho_EigVec2 =  1.4849031547E-01  9.5183604691E-01 -2.6825131130E-01
HessDelSqRho_EigVec3 =  3.2134571221E-01  2.1009529098E-01  9.2336173949E-01
</CP of DelSqRho>
<CP of DelSqRho>
CP# = 24      
Type = (3,+1)
Coords = -2.17810387610849E+00  9.41220670666202E-01 -4.27172426798215E-03
DistFromNuc =  1.2417899653E+00
Rho =  2.4025431746E-01
DelSqRho =  4.8061151298E-01
GradDelSqRho =  2.3592239273E-16  4.1633363423E-16  1.8431436932E-16
HessDelSqRho_EigVals = -1.0981226639E+01  4.3237517781E-01  5.7840636739E-01
HessDelSqRho_EigVec1 = -4.4656872380E-01  8.5761403301E-01 -2.5509712916E-01
HessDelSqRho_EigVec2 = -6.1594599709E-01 -8.7864136093E-02  7.8287318402E-01
HessDelSqRho_EigVec3 =  6.4898913981E-01  5.0673273426E-01  5.6748130580E-01
</CP of DelSqRho>
<CP of DelSqRho>
CP# = 25      
Type = (3,-3)
Coords = -3.47141389479779E+00  2.88999851538332E+00 -5.31799570807754E-01
DistFromNuc =  1.1619370022E+00
Rho =  2.4972805860E-01
DelSqRho =  8.5777481863E-01
GradDelSqRho = -1.5820678101E-15  1.8596235662E-15 -7.9797279895E-16
HessDelSqRho_EigVals = -1.7378354286E+01 -2.8886299383E+00 -2.4616343610E-01
HessDelSqRho_EigVec1 = -5.9487108981E-01  7.8141089659E-01 -1.8848182194E-01
HessDelSqRho_EigVec2 =  3.1212962947E-01  4.4063526988E-01  8.4167431548E-01
HessDelSqRho_EigVec3 =  7.4074521998E-01  4.4185695607E-01 -5.0602267681E-01
</CP of DelSqRho>
<CP of DelSqRho>
CP# = 26      
Type = (3,-3)
Coords = -2.77420110637440E+00  1.29457648344532E+00 -1.22067317274923E+00
DistFromNuc =  1.1390138898E+00
Rho =  2.4644858287E-01
DelSqRho =  8.5222445633E-01
GradDelSqRho =  2.2204460493E-16  1.1102230246E-16 -2.7755575616E-17
HessDelSqRho_EigVals = -1.7866888944E+01 -1.8344395285E+00 -5.1496924833E-01
HessDelSqRho_EigVec1 = -3.9435067803E-02  6.2196783813E-01  7.8204915687E-01
HessDelSqRho_EigVec2 = -8.9131456355E-01  3.3188045903E-01 -3.0889109687E-01
HessDelSqRho_EigVec3 =  4.5166716090E-01  7.0923294427E-01 -5.4128126378E-01
</CP of DelSqRho>
<CP of DelSqRho>
CP# = 27      
Type = (3,-1)
Coords = -1.68758786661294E+00  1.41903007002959E+00 -5.32723753449303E-01
DistFromNuc =  1.2471927983E+00
Rho =  2.3668652225E-01
DelSqRho =  5.3811223360E-01
GradDelSqRho =  3.5388358910E-16  3.9551695252E-16  1.4155343564E-15
HessDelSqRho_EigVals = -9.4853022660E+00 -1.5712961497E-01  3.7970573582E-01
HessDelSqRho_EigVec1 =  8.6826026454E-01 -4.2844315852E-01 -2.5012111656E-01
HessDelSqRho_EigVec2 =  3.3498593804E-01  8.7818674779E-01 -3.4142708933E-01
HessDelSqRho_EigVec3 =  3.6593515046E-01  2.1266051805E-01  9.0601709130E-01
</CP of DelSqRho>
<CP of DelSqRho>
CP# = 28      
Type = (3,-1)
Coords = -3.54886784239890E+00  1.08099327056283E+00 -3.57295289301682E-01
DistFromNuc =  1.1878412685E+00
Rho =  2.4467089670E-01
DelSqRho =  7.2397697381E-01
GradDelSqRho = -1.1241008124E-15  1.6098233857E-15  5.1000870194E-16
HessDelSqRho_EigVals = -1.7338154118E+01 -1.3051387384E+00  2.8907155759E-01
HessDelSqRho_EigVec1 =  6.3127315158E-01  7.7510099798E-01  2.6695524476E-02
HessDelSqRho_EigVec2 =  5.5525169526E-01 -4.7571485490E-01  6.8219566969E-01
HessDelSqRho_EigVec3 = -5.4147000194E-01  4.1582907518E-01  7.3068215883E-01
</CP of DelSqRho>
<CP of DelSqRho>
CP# = 29      
Type = (3,-1)
Coords = -3.08359557265582E+00  1.69465800146351E+00  7.97375859518560E-01
DistFromNuc =  1.1880323717E+00
Rho =  2.4501446546E-01
DelSqRho =  7.2164746990E-01
GradDelSqRho =  5.2155328667E-13  6.0743424179E-13 -1.8253176748E-12
HessDelSqRho_EigVals = -1.7209709591E+01 -1.3316379633E+00  2.8493071938E-01
HessDelSqRho_EigVec1 = -2.4361141615E-01 -2.6293890807E-01  9.3355053883E-01
HessDelSqRho_EigVec2 = -2.2608727691E-01  9.5142710080E-01  2.0897611128E-01
HessDelSqRho_EigVec3 =  9.4315323312E-01  1.6015493277E-01  2.9122564511E-01
</CP of DelSqRho>
<CP of DelSqRho>
CP# = 30      
Type = (3,-3)
Coords = -3.86645557569968E+00  2.34551474503395E+00 -9.49464945386773E-02
DistFromNuc =  1.1678125300E+00
Rho =  2.5172655666E-01
DelSqRho =  8.4199558004E-01
GradDelSqRho = -1.1102230246E-15  5.8980598183E-16 -8.5348395018E-16
HessDelSqRho_EigVals = -1.6904374091E+01 -3.5540257139E+00 -2.9619644699E-02
HessDelSqRho_EigVec1 =  9.3123878555E-01 -3.1334584866E-01 -1.8603414583E-01
HessDelSqRho_EigVec2 =  3.1749042978E-01  4.4706645635E-01  8.3626037249E-01
HessDelSqRho_EigVec3 =  1.7886908978E-01  8.3782215460E-01 -5.1580993204E-01
</CP of DelSqRho>
<CP of DelSqRho>
CP# = 31      
Type = (3,-1)
Coords = -2.23994838657992E+00  3.03779050269863E+00 -2.17006808476194E-01
DistFromNuc =  1.1874695738E+00
Rho =  2.4513170522E-01
DelSqRho =  7.3108740156E-01
GradDelSqRho = -2.5827118222E-12 -6.8917926921E-12  8.5511285552E-13
HessDelSqRho_EigVals = -1.7501180249E+01 -1.2282937718E+00  2.7371902942E-01
HessDelSqRho_EigVec1 =  4.6994260871E-01  8.7955983964E-01  7.4353433016E-02
HessDelSqRho_EigVec2 =  6.3435449852E-01 -2.7795246332E-01 -7.2134374492E-01
HessDelSqRho_EigVec3 =  6.1379826875E-01 -3.8615659598E-01  6.8857444671E-01
</CP of DelSqRho>
<CP of DelSqRho>
CP# = 32      
Type = (3,-1)
Coords = -2.69990945350658E+00  2.43662602306144E+00 -1.40902015625417E+00
DistFromNuc =  1.1878755551E+00
Rho =  2.4468029508E-01
DelSqRho =  7.3297715702E-01
GradDelSqRho = -3.6724095986E-15 -2.2124663213E-14  3.7067571235E-14
HessDelSqRho_EigVals = -1.7600635963E+01 -1.1918183640E+00  2.7608887820E-01
HessDelSqRho_EigVec1 = -8.6226250961E-02 -3.7887575713E-01  9.2142183299E-01
HessDelSqRho_EigVec2 =  9.6422025635E-01  2.0098329229E-01  1.7287282452E-01
HessDelSqRho_EigVec3 =  2.5068771586E-01 -9.0335977156E-01 -3.4798964387E-01
</CP of DelSqRho>
<CP of DelSqRho>
CP# = 33      
Type = (3,-1)
Coords = -3.85057805436916E+00  2.40819002364451E+00 -1.34436697573103E-01
DistFromNuc =  1.1674968755E+00
Rho =  2.5250321031E-01
DelSqRho =  8.4196769487E-01
GradDelSqRho =  2.3800406090E-13  2.4662216713E-13 -2.1992824228E-13
HessDelSqRho_EigVals = -1.6717958290E+01 -3.8572034609E+00  2.8526965767E-02
HessDelSqRho_EigVec1 =  9.1739119195E-01 -3.6789736021E-01 -1.5180557724E-01
HessDelSqRho_EigVec2 =  3.1741045325E-01  4.4623459586E-01  8.3673489806E-01
HessDelSqRho_EigVec3 =  2.4009165978E-01  8.1579790255E-01 -5.2614615564E-01
</CP of DelSqRho>
<CP of DelSqRho>
CP# = 34      
Type = (3,+1)
Coords = -3.05639616359706E+00  3.84509157213773E+00  3.55093502170238E-01
DistFromNuc =  1.9975058511E+00
Rho =  7.4814068114E-02
DelSqRho =  1.8454761752E-01
GradDelSqRho = -6.4184768611E-17  1.1275702594E-16  3.2005648132E-16
HessDelSqRho_EigVals = -1.7547310399E+00  2.0173730529E-02  5.7730670758E-01
HessDelSqRho_EigVec1 =  2.5426161349E-02  9.9223852115E-01 -1.2172192680E-01
HessDelSqRho_EigVec2 =  9.4944873715E-01  1.4141335975E-02  3.1360344089E-01
HessDelSqRho_EigVec3 = -3.1289072508E-01  1.2354246138E-01  9.4172005097E-01
</CP of DelSqRho>
<CP of DelSqRho>
CP# = 35      
Type = (3,+1)
Coords = -4.65552379797435E+00  1.53958110414967E+00 -8.72013300867865E-01
DistFromNuc =  2.0085595086E+00
Rho =  7.4480278652E-02
DelSqRho =  1.7859997078E-01
GradDelSqRho = -7.8149292593E-16 -4.1459891076E-16 -7.0256300777E-17
HessDelSqRho_EigVals = -1.6735792562E+00  2.8378187089E-02  5.8112982508E-01
HessDelSqRho_EigVec1 =  9.1558823833E-01  3.6986192828E-01 -1.5779838985E-01
HessDelSqRho_EigVec2 = -3.1379252407E-01  9.0256529375E-01  2.9480526176E-01
HessDelSqRho_EigVec3 =  2.5146059267E-01 -2.2040427522E-01  9.4243807531E-01
</CP of DelSqRho>
<CP of DelSqRho>
CP# = 36      
Type = (3,+1)
Coords = -3.83434317161762E+00  2.63725695419897E+00  1.26294240253829E+00
DistFromNuc =  2.0072734965E+00
Rho =  7.4214861923E-02
DelSqRho =  1.7969194573E-01
GradDelSqRho = -4.5796699766E-16 -1.3964523982E-16  2.6888213878E-16
HessDelSqRho_EigVals = -1.6618134142E+00  2.4469717781E-02  5.8235043331E-01
HessDelSqRho_EigVec1 = -6.8482037119E-01 -1.0154457265E-01  7.2160221658E-01
HessDelSqRho_EigVec2 =  6.9825202038E-01 -3.7474619100E-01  6.0992574004E-01
HessDelSqRho_EigVec3 =  2.0848303346E-01  9.2154977733E-01  3.2753752864E-01
</CP of DelSqRho>
<CP of DelSqRho>
CP# = 37      
Type = (3,+1)
Coords = -3.91322708699870E+00  2.71040977616780E+00 -1.78966352413668E+00
DistFromNuc =  1.9989219192E+00
Rho =  7.5158372614E-02
DelSqRho =  1.8378298773E-01
GradDelSqRho = -4.1633363423E-17 -4.5102810375E-16  3.8944542036E-16
HessDelSqRho_EigVals = -1.7816721017E+00  2.2188525869E-02  5.7310572951E-01
HessDelSqRho_EigVec1 = -2.2516278288E-01  7.0929134440E-01 -6.6798765705E-01
HessDelSqRho_EigVec2 = -6.1508890860E-01  4.2822421798E-01  6.6203448071E-01
HessDelSqRho_EigVec3 =  7.5562381892E-01  5.5993732497E-01  3.3985708229E-01
</CP of DelSqRho>
<Path of -GradDelSqRho>
Starting CP# =      3
Ending CP# =     19
Number of Points =     18
 -3.6571724627E+00  1.9512316463E+00 -1.0542498361E+00  4.1702579064E-01 -9.7901024468E-01
 -3.6380773736E+00  1.9518445697E+00 -1.0381252618E+00  4.2849682691E-01 -9.8912897645E-01
 -3.6189806251E+00  1.9524582783E+00 -1.0220026827E+00  4.4103422044E-01 -1.0197074344E+00
 -3.5998823657E+00  1.9530722307E+00 -1.0058819026E+00  4.5465058051E-01 -1.0711142470E+00
 -3.5807826310E+00  1.9536856107E+00 -9.8976284874E-01  4.6935193703E-01 -1.1436771070E+00
 -3.5616813130E+00  1.9542972793E+00 -9.7364560612E-01  4.8513701845E-01 -1.2375455999E+00
 -3.5425781292E+00  1.9549057095E+00 -9.5753045230E-01  5.0199657237E-01 -1.3525244908E+00
 -3.5234725883E+00  1.9555088895E+00 -9.4141789587E-01  5.1991283589E-01 -1.4878827396E+00
 -3.5043639456E+00  1.9561041716E+00 -9.2530872442E-01  5.3885928168E-01 -1.6421457160E+00
 -3.4852511427E+00  1.9566880306E+00 -9.0920407126E-01  5.5880078227E-01 -1.8128802776E+00
 -3.4661327139E+00  1.9572556585E+00 -8.9310551732E-01  5.7969434710E-01 -1.9964838409E+00
 -3.4470066331E+00  1.9578002529E+00 -8.7701526018E-01  6.0149059284E-01 -2.1879882190E+00
 -3.4278700400E+00  1.9583116685E+00 -8.6093642013E-01  6.2413610507E-01 -2.3808848776E+00
 -3.4087186941E+00  1.9587735870E+00 -8.4487366138E-01  6.4757683289E-01 -2.5669667118E+00
 -3.3895457190E+00  1.9591566318E+00 -8.2883466759E-01  6.7176258931E-01 -2.7361559710E+00
 -3.3703380098E+00  1.9593973051E+00 -8.1283459410E-01  6.9665235238E-01 -2.8762381681E+00
 -3.3510614107E+00  1.9592996463E+00 -7.9691684852E-01  7.2221627311E-01 -2.9723381581E+00
 -3.3331155107E+00  1.9501462501E+00 -7.8128691427E-01  7.4679134306E-01 -3.0066365719E+00
</Path of -GradDelSqRho>
<Path of -GradDelSqRho>
Starting CP# =      3
Ending CP# =      0
Number of Points =     29
 -3.6571724627E+00  1.9512316463E+00 -1.0542498361E+00  4.1702579064E-01 -9.7901024468E-01
 -3.6762657323E+00  1.9506197726E+00 -1.0703766047E+00  4.0660260217E-01 -9.8904569039E-01
 -3.6953568471E+00  1.9500090966E+00 -1.0865059695E+00  3.9720342392E-01 -1.0190606169E+00
 -3.7144455173E+00  1.9493995718E+00 -1.1026382710E+00  3.8879951494E-01 -1.0690383650E+00
 -3.7335314752E+00  1.9487910331E+00 -1.1187738184E+00  3.8135749197E-01 -1.1390987946E+00
 -3.7526145129E+00  1.9481832440E+00 -1.1349128475E+00  3.7483944244E-01 -1.2294132018E+00
 -3.7716945212E+00  1.9475759480E+00 -1.1510554766E+00  3.6920294640E-01 -1.3400318950E+00
 -3.7907715314E+00  1.9469689252E+00 -1.1672016589E+00  3.6440112579E-01 -1.4705935339E+00
 -3.8098457648E+00  1.9463620549E+00 -1.1833511272E+00  3.6038292821E-01 -1.6198899635E+00
 -3.8289176950E+00  1.9457553866E+00 -1.1995033231E+00  3.5709397139E-01 -1.7852948367E+00
 -3.8479881358E+00  1.9451492280E+00 -1.2156572966E+00  3.5447841169E-01 -1.9621537773E+00
 -3.8670583713E+00  1.9445442631E+00 -1.2318115572E+00  3.5248240791E-01 -2.1433991628E+00
 -3.8861303290E+00  1.9439417026E+00 -1.2479638742E+00  3.5105973693E-01 -2.3198865045E+00
 -3.9052066401E+00  1.9433433623E+00 -1.2641112063E+00  3.5017983536E-01 -2.4821814558E+00
 -3.9242896210E+00  1.9427509672E+00 -1.2802508747E+00  3.4983782855E-01 -2.6245975395E+00
 -3.9433759365E+00  1.9421622284E+00 -1.2963867337E+00  3.5006487524E-01 -2.7519687411E+00
 -3.9624478864E+00  1.9415640907E+00 -1.3125392192E+00  3.5093553538E-01 -2.8887502273E+00
 -3.9814869380E+00  1.9409423023E+00 -1.3287295745E+00  3.5256725228E-01 -3.0885951166E+00
 -4.0004965579E+00  1.9402988058E+00 -1.3449536350E+00  3.5510602160E-01 -3.4409058446E+00
 -4.0194888285E+00  1.9396423025E+00 -1.3611974838E+00  3.5869315603E-01 -4.0696421976E+00
 -4.0384718098E+00  1.9389787328E+00 -1.3774519012E+00  3.6341136420E-01 -5.1195508036E+00
 -4.0574496074E+00  1.9383111629E+00 -1.3937122069E+00  3.6921413672E-01 -6.7264556431E+00
 -4.0764242687E+00  1.9376411370E+00 -1.4099760716E+00  3.7585042161E-01 -8.9718482375E+00
 -4.0953968552E+00  1.9369694608E+00 -1.4262422884E+00  3.8280509221E-01 -1.1828437325E+01
 -4.1143679421E+00  1.9362965689E+00 -1.4425102041E+00  3.8928161993E-01 -1.5112440878E+01
 -4.1333378488E+00  1.9356226925E+00 -1.4587794552E+00  3.9425204213E-01 -1.8466917423E+01
 -4.1523067488E+00  1.9349479299E+00 -1.4750498432E+00  3.9658621942E-01 -2.1400643076E+01
 -4.1712747123E+00  1.9342722390E+00 -1.4913212845E+00  3.9524687807E-01 -2.3391000681E+01
 -4.1883449591E+00  1.9336627795E+00 -1.5059665988E+00  3.9028976172E-01 -2.4032365099E+01
</Path of -GradDelSqRho>
<Path of -GradDelSqRho>
Starting CP# =      4
Ending CP# =      0
Number of Points =     30
 -3.0830543219E+00  2.7623414727E+00  4.7395365659E-01  4.1634249894E-01 -9.7027939525E-01
 -3.0897415931E+00  2.7793725047E+00  4.9098962889E-01  4.0595800098E-01 -9.8021535680E-01
 -3.0964306301E+00  2.7964062909E+00  5.0802215394E-01  3.9659250599E-01 -1.0099361984E+00
 -3.1031209270E+00  2.8134429867E+00  5.2505127374E-01  3.8821770950E-01 -1.0594321274E+00
 -3.1098118904E+00  2.8304826400E+00  5.4207717233E-01  3.8080069618E-01 -1.1288330956E+00
 -3.1165029097E+00  2.8475252002E+00  5.5910013917E-01  3.7430405466E-01 -1.2183286957E+00
 -3.1231934369E+00  2.8645705303E+00  5.7612052604E-01  3.6868589568E-01 -1.3280030860E+00
 -3.1298830746E+00  2.8816184203E+00  5.9313869842E-01  3.6389988674E-01 -1.4575543632E+00
 -3.1365716763E+00  2.8986686020E+00  6.1015498216E-01  3.5989550227E-01 -1.6058710118E+00
 -3.1432594658E+00  2.9157207602E+00  6.2716960438E-01  3.5661880557E-01 -1.7704695274E+00
 -3.1499471914E+00  2.9327745416E+00  6.4418262489E-01  3.5401421496E-01 -1.9468816485E+00
 -3.1566363418E+00  2.9498295554E+00  6.6119384975E-01  3.5202781929E-01 -2.1282387786E+00
 -3.1633294350E+00  2.9668853705E+00  6.7820272009E-01  3.5061280699E-01 -2.3055310899E+00
 -3.1700301954E+00  2.9839415340E+00  6.9520822182E-01  3.4973731662E-01 -2.4692550683E+00
 -3.1767423530E+00  3.0009977374E+00  7.1220918799E-01  3.4939434277E-01 -2.6132536792E+00
 -3.1834623849E+00  3.0180545084E+00  7.2920647408E-01  3.4961213918E-01 -2.7412746701E+00
 -3.1901654381E+00  3.0351141608E+00  7.4620756864E-01  3.5046195602E-01 -2.8759285644E+00
 -3.1968211430E+00  3.0521787399E+00  7.6322231161E-01  3.5205830108E-01 -3.0683177017E+00
 -3.2034313028E+00  3.0692472398E+00  7.8025087515E-01  3.5454584497E-01 -3.4049563686E+00
 -3.2100137287E+00  3.0863178084E+00  7.9728810849E-01  3.5806777053E-01 -4.0073302428E+00
 -3.2165810981E+00  3.1033893597E+00  8.1433016773E-01  3.6271343434E-01 -5.0192254707E+00
 -3.2231399953E+00  3.1204613931E+00  8.3137500683E-01  3.6844880157E-01 -6.5782982940E+00
 -3.2296937261E+00  3.1375336798E+00  8.4842157947E-01  3.7504098566E-01 -8.7717713974E+00
 -3.2362440091E+00  3.1546061090E+00  8.6546933452E-01  3.8199677604E-01 -1.1582328222E+01
 -3.2427917721E+00  3.1716786214E+00  8.8251797439E-01  3.8854126827E-01 -1.4839239803E+01
 -3.2493375184E+00  3.1887511771E+00  8.9956734527E-01  3.9366209814E-01 -1.8198512870E+01
 -3.2558814892E+00  3.2058237347E+00  9.1661739579E-01  3.9623267687E-01 -2.1176983416E+01
 -3.2624236885E+00  3.2228962175E+00  9.3366820102E-01  3.9520315427E-01 -2.3250606977E+01
 -3.2689632938E+00  3.2399682565E+00  9.5072044549E-01  3.8981727991E-01 -2.3996805160E+01
 -3.2686354977E+00  3.2391143144E+00  9.4986848748E-01  3.9019662274E-01 -2.3995092623E+01
</Path of -GradDelSqRho>
<Path of -GradDelSqRho>
Starting CP# =      4
Ending CP# =     21
Number of Points =     17
 -3.0830543219E+00  2.7623414727E+00  4.7395365659E-01  4.1634249894E-01 -9.7027939525E-01
 -3.0763690964E+00  2.7453128484E+00  4.5691447490E-01  4.2776942816E-01 -9.8029606169E-01
 -3.0696861409E+00  2.7282863428E+00  4.3987228574E-01  4.4025691326E-01 -1.0105616183E+00
 -3.0630053666E+00  2.7112614574E+00  4.2282762294E-01  4.5381719979E-01 -1.0614314522E+00
 -3.0563263956E+00  2.6942375699E+00  4.0578125678E-01  4.6845597550E-01 -1.1332148551E+00
 -3.0496485202E+00  2.6772139223E+00  3.8873422166E-01  4.8417165155E-01 -1.2260369530E+00
 -3.0429706577E+00  2.6601895970E+00  3.7168785851E-01  5.0095469029E-01 -1.3396713570E+00
 -3.0362912870E+00  2.6431634709E+00  3.5464388485E-01  5.1878708670E-01 -1.4733487678E+00
 -3.0296083554E+00  2.6261341387E+00  3.3760451101E-01  5.3764213007E-01 -1.6255489484E+00
 -3.0229191284E+00  2.6090997788E+00  3.2057263466E-01  5.5748458858E-01 -1.7937856118E+00
 -3.0162199426E+00  2.5920579245E+00  3.0355217422E-01  5.7827147128E-01 -1.9743951484E+00
 -3.0095057725E+00  2.5750050484E+00  2.8654866684E-01  5.9995352797E-01 -2.1623396372E+00
 -3.0027694184E+00  2.5579357614E+00  2.6957042186E-01  6.2247764463E-01 -2.3510302348E+00
 -2.9959998066E+00  2.5408410925E+00  2.5263099351E-01  6.4579027143E-01 -2.5321651135E+00
 -2.9891778458E+00  2.5237041989E+00  2.3575537397E-01  6.6984193418E-01 -2.6955499961E+00
 -2.9822635608E+00  2.5064867812E+00  2.1899982719E-01  6.9459236421E-01 -2.8288187906E+00
 -2.9675349747E+00  2.4681068597E+00  1.9627927647E-01  7.4127900435E-01 -2.9430253336E+00
</Path of -GradDelSqRho>
<Path of -GradDelSqRho>
Starting CP# =      5
Ending CP# =      1
Number of Points =      7
 -2.9011070301E+00  1.9077602853E+00 -2.2700164401E-01  2.2491840743E+01  1.2282488992E+03
 -2.8828965478E+00  1.9190668887E+00 -2.3986782809E-01  3.2691128676E+01  9.8032217354E+02
 -2.8646553473E+00  1.9303339805E+00 -2.5272516627E-01  4.7885434033E+01 -7.7727411896E+02
 -2.8464005773E+00  1.9415835711E+00 -2.6557857323E-01  7.0453456098E+01 -6.3307465617E+03
 -2.8281361434E+00  1.9528206793E+00 -2.7842916837E-01  1.0394180646E+02 -2.0419401600E+04
 -2.8098555470E+00  1.9640368902E+00 -2.9127503858E-01  1.5418503375E+02 -7.4589048484E+04
 -2.7779048195E+00  1.9835907438E+00 -3.1370097406E-01  2.9731575956E+02 -3.3296056409E+06
</Path of -GradDelSqRho>
<Path of -GradDelSqRho>
Starting CP# =      5
Ending CP# =     10
Number of Points =     39
 -2.9011070301E+00  1.9077602853E+00 -2.2700164401E-01  2.2491840743E+01  1.2282488992E+03
 -2.9192816861E+00  1.8964077686E+00 -2.1412522989E-01  1.5597572157E+01  1.1470668155E+03
 -2.9374406772E+00  1.8850352356E+00 -2.0124437093E-01  1.0921853084E+01  9.7800947844E+02
 -2.9555958347E+00  1.8736578123E+00 -1.8836242654E-01  7.7603513802E+00  7.7051131721E+02
 -2.9737415861E+00  1.8622683977E+00 -1.7547782724E-01  5.6306041076E+00  5.7052274334E+02
 -2.9918685601E+00  1.8508550832E+00 -1.6258794994E-01  4.1966216258E+00  4.0686131487E+02
 -3.0099665714E+00  1.8394050081E+00 -1.4968998474E-01  3.2284253103E+00  2.8463647173E+02
 -3.0280253841E+00  1.8279053811E+00 -1.3678117257E-01  2.5715810669E+00  1.9670327864E+02
 -3.0460354980E+00  1.8163445131E+00 -1.2385904017E-01  2.1230105071E+00  1.3389274601E+02
 -3.0639876665E+00  1.8047112363E+00 -1.1092127942E-01  1.8135680008E+00  8.9039006613E+01
 -3.0818705672E+00  1.7929920520E+00 -9.7965148640E-02  1.5965503789E+00  5.7269398116E+01
 -3.0996674254E+00  1.7811671243E+00 -8.4986669676E-02  1.4403874404E+00  3.5215998661E+01
 -3.1173519828E+00  1.7692057588E+00 -7.1979800638E-02  1.3239087930E+00  2.0353263728E+01
 -3.1348827916E+00  1.7570604102E+00 -5.8935471885E-02  1.2331320633E+00  1.0680505755E+01
 -3.1521933425E+00  1.7446569482E+00 -4.5840245088E-02  1.1589972936E+00  4.6168628123E+00
 -3.1691727444E+00  1.7318769518E+00 -3.2674387920E-02  1.0957555866E+00  9.6209754275E-01
 -3.1856230694E+00  1.7185222403E+00 -1.9409507923E-02  1.0398546719E+00 -1.1475048968E+00
 -3.2011470496E+00  1.7042334685E+00 -6.0085651483E-03  9.8924365356E-01 -2.3006960939E+00
 -3.2147624586E+00  1.6882691356E+00  7.5435488681E-03  9.4321474430E-01 -2.8804183114E+00
 -3.2230589014E+00  1.6689944848E+00  2.0809044815E-02  9.0438853371E-01 -3.1328348266E+00
 -3.2168590901E+00  1.6472101092E+00  2.9895651452E-02  8.8722185510E-01 -3.2438710209E+00
 -3.2005284658E+00  1.6286955633E+00  3.3457464064E-02  8.8945195750E-01 -3.3325165840E+00
 -3.1821166165E+00  1.6118989939E+00  3.5374388065E-02  8.9546465784E-01 -3.4177994689E+00
 -3.1630169738E+00  1.5958249192E+00  3.6700300972E-02  9.0167252798E-01 -3.4999743569E+00
 -3.1434322354E+00  1.5803143496E+00  3.7596811764E-02  9.0751349139E-01 -3.5786286113E+00
 -3.1234066542E+00  1.5653583492E+00  3.8085887832E-02  9.1288660401E-01 -3.6533470461E+00
 -3.1029639862E+00  1.5509696225E+00  3.8169689936E-02  9.1775876384E-01 -3.7237422404E+00
 -3.0821258282E+00  1.5371633777E+00  3.7847538531E-02  9.2210918161E-01 -3.7894618587E+00
 -3.0609138803E+00  1.5239548273E+00  3.7118005838E-02  9.2592256747E-01 -3.8501937392E+00
 -3.0393502760E+00  1.5113588641E+00  3.5979107656E-02  9.2918847554E-01 -3.9056700937E+00
 -3.0174577117E+00  1.4993899654E+00  3.4428274347E-02  9.3190126249E-01 -3.9556708835E+00
 -2.9952595598E+00  1.4880621050E+00  3.2462283886E-02  9.3406004659E-01 -4.0000263270E+00
 -2.9727799788E+00  1.4773886522E+00  3.0077171773E-02  9.3566861515E-01 -4.0386185129E+00
 -2.9500440252E+00  1.4673822587E+00  2.7268119080E-02  9.3673528068E-01 -4.0713821168E+00
 -2.9270777652E+00  1.4580547369E+00  2.4029323531E-02  9.3727269005E-01 -4.0983042449E+00
 -2.9039083847E+00  1.4494169360E+00  2.0353869011E-02  9.3729759122E-01 -4.1194234526E+00
 -2.8805642843E+00  1.4414786405E+00  1.6233634846E-02  9.3683056227E-01 -4.1348280021E+00
 -2.8570751228E+00  1.4342485486E+00  1.1659360640E-02  9.3589570751E-01 -4.1446534410E+00
 -2.8251976855E+00  1.4256274941E+00  4.7488405528E-03  9.3394098898E-01 -4.1493928335E+00
</Path of -GradDelSqRho>
<Path of -GradDelSqRho>
Starting CP# =      6
Ending CP# =     18
Number of Points =     36
 -2.7495656918E+00  2.1253297578E+00 -3.9969999953E-01  2.2589844573E+01  1.2395785265E+03
 -2.7451959854E+00  2.1463453879E+00 -4.1251595274E-01  1.5657198002E+01  1.1568315371E+03
 -2.7407965321E+00  2.1673510262E+00 -4.2533811957E-01  1.0958748498E+01  9.8597743191E+02
 -2.7363896474E+00  2.1883541593E+00 -4.3816183816E-01  7.7842462764E+00  7.7682231151E+02
 -2.7319657551E+00  2.2093515507E+00 -4.5098910086E-01  5.6477186259E+00  5.7513182215E+02
 -2.7275079923E+00  2.2303374726E+00 -4.6382340082E-01  4.2108404455E+00  4.0992872167E+02
 -2.7229979720E+00  2.2513056043E+00 -4.7666850900E-01  3.2420339678E+00  2.8648589060E+02
 -2.7184172299E+00  2.2722494783E+00 -4.8952814877E-01  2.5858083901E+00  1.9766661860E+02
 -2.7137486486E+00  2.2931629330E+00 -5.0240568229E-01  2.1384162663E+00  1.3423677411E+02
 -2.7089755934E+00  2.3140397885E+00 -5.1530427136E-01  1.8303023638E+00  8.8961547027E+01
 -2.7040777402E+00  2.3348723247E+00 -5.2822768564E-01  1.6145227796E+00  5.6916992762E+01
 -2.6990250715E+00  2.3556489668E+00 -5.4118140027E-01  1.4593778508E+00  3.4698735721E+01
 -2.6937708051E+00  2.3763512940E+00 -5.5417374622E-01  1.3436429041E+00  1.9752818945E+01
 -2.6882415757E+00  2.3969494446E+00 -5.6721727087E-01  1.2533329368E+00  1.0054606759E+01
 -2.6823207983E+00  2.4173935671E+00 -5.8033063698E-01  1.1794220784E+00  4.0031346152E+00
 -2.6758169395E+00  2.4375957234E+00 -5.9354128617E-01  1.1162267558E+00  3.8223536619E-01
 -2.6683960145E+00  2.4573859134E+00 -6.0688818623E-01  1.0603042245E+00 -1.6836053129E+00
