 AIMInt (Version 19.02.13, Professional)
 Portions Copyright (c) 1997-2019 by Todd A. Keith
 AIMInt is a component of the AIMAll package ( http://aim.tkgristmill.com )

 TP:  64-bit Linux

 Licensed To:  Research Group of Fernando Cortes Guzman, UNAM, fercor@unam.mx

 AIMInt is a heavily modified and extended version of the PROAIMV program
 developed by members of R.F.W. Bader's research group

 Much of the Quantum Theory of Atoms in Molecules (QTAIM) is described in the book:
   "Atoms in Molecules - A Quantum Theory"
   R.F.W. Bader, Oxford University Press, Oxford, 1990

 For additional references see:  http://aim.tkgristmill.com/references.html

 Current Directory:  /home/scratch/M_H2O_4_tetraedrico/Opt

 Inp File:  Ni2_tetraedrico_cc-pvtz-def2-tzv_2_atomicfiles/o8.inp
 Wfx File:  Ni2_tetraedrico_cc-pvtz-def2-tzv_2.wfx
 Out File:  Ni2_tetraedrico_cc-pvtz-def2-tzv_2_atomicfiles/o8.int

 Wfx Title:   Ni2_tetraedrico_cc-pvtz-def2-tzv_2                                            
 Job Title:   Ni2_tetraedrico_cc-pvtz-def2-tzv_2                                            
 
<Atom>
O8      
</Atom>
<Nuclei of Molecule>
    13
Ni1       28.0           1.1941314399E-05   1.2815213619E-02  -2.5890637525E-05
O2         8.0           2.7729347060E+00   1.9915757675E+00   3.0750197972E-01
H3         1.0           4.1879067741E+00   1.9505801482E+00   1.5081803908E+00
O4         8.0          -3.0809669503E-01  -1.9580253803E+00   2.7784671853E+00
H5         1.0          -1.9320098704E+00  -2.5341068963E+00   3.4594895992E+00
O6         8.0          -2.7779044882E+00   1.9835905925E+00  -3.1370102121E-01
H7         1.0          -4.1949446570E+00   1.9334129352E+00  -1.5116834923E+00
O8         8.0           3.1311545189E-01  -1.9658793504E+00  -2.7723717252E+00
H9         1.0           1.9379911926E+00  -2.5452853726E+00  -3.4482994942E+00
H10        1.0           9.8811579893E-01  -3.0285021050E+00   3.5561987529E+00
H11        1.0          -3.2710475816E+00   3.2455074489E+00   9.5624879728E-01
H12        1.0           3.2654775255E+00   3.2471774066E+00  -9.6882456843E-01
H13        1.0          -9.8221533637E-01  -3.0377025804E+00  -3.5497563959E+00
</Nuclei of Molecule>
<Total Number of CPs of DelSqRho>
    34
</Total Number of CPs of DelSqRho>
<Number of (3,+3) CPs of DelSqRho>
     5
</Number of (3,+3) CPs of DelSqRho>
<Number of (3,+1) CPs of DelSqRho>
    14
</Number of (3,+1) CPs of DelSqRho>
<Number of (3,-1) CPs of DelSqRho>
    10
</Number of (3,-1) CPs of DelSqRho>
<Number of (3,-3) CPs of DelSqRho>
     5
</Number of (3,-3) CPs of DelSqRho>
<Number of Degenerate CPs of DelSqRho>
     0
</Number of Degenerate CPs of DelSqRho>
<CP of DelSqRho>
CP# = 1       
Type = (3,+3)
Coords =  3.13115506414259E-01 -1.96587964321572E+00 -2.77237188255371E+00
DistFromNuc =  3.3681395555E-07
Rho =  2.9724670073E+02
DelSqRho = -3.3288426558E+06
GradDelSqRho = -2.1847608878E-07 -5.1642200560E-06 -2.7265059771E-05
HessDelSqRho_EigVals =  1.3238094084E+11  1.3238096120E+11  1.3238096814E+11
HessDelSqRho_EigVec1 = -9.6171184566E-02  7.2014854671E-01 -6.8712238643E-01
HessDelSqRho_EigVec2 = -1.3981686715E-01  6.7370400333E-01  7.2565429755E-01
HessDelSqRho_EigVec3 =  9.8549599031E-01  1.6585833280E-01  3.5898001636E-02
</CP of DelSqRho>
<CP of DelSqRho>
CP# = 2       
Type = (3,-1)
Coords =  2.27517249585248E-01 -1.02806741050157E+00 -1.64569520746057E+00
DistFromNuc =  1.4684067089E+00
Rho =  1.5666909491E-01
DelSqRho =  4.3425099370E-01
GradDelSqRho = -2.1260770922E-14  5.1911253074E-13  7.5606187977E-13
HessDelSqRho_EigVals = -5.2750397247E-01 -4.2131398573E-01  4.6173653016E+00
HessDelSqRho_EigVec1 =  1.7159582298E-01  8.2460473290E-01 -5.3905649799E-01
HessDelSqRho_EigVec2 =  9.7884702591E-01 -8.0826400533E-02  1.8795103841E-01
HessDelSqRho_EigVec3 = -1.1141531941E-01  5.5990546297E-01  8.2103136307E-01
</CP of DelSqRho>
<CP of DelSqRho>
CP# = 3       
Type = (3,+1)
Coords = -4.90031620542194E-01 -2.63057610680549E+00 -3.25110763957212E+00
DistFromNuc =  1.1471944358E+00
Rho =  4.1908428766E-01
DelSqRho = -9.9203960179E-01
GradDelSqRho = -4.5757841960E-13 -6.1180227551E-14 -4.7062354014E-13
HessDelSqRho_EigVals = -3.2475534130E+01  1.5214618442E+01  1.6210049570E+01
HessDelSqRho_EigVec1 =  6.9717273584E-01  5.7902975753E-01  4.2269932138E-01
HessDelSqRho_EigVec2 =  1.2998634055E-01 -6.8194355103E-01  7.1976144970E-01
HessDelSqRho_EigVec3 = -7.0502037394E-01  4.4685292110E-01  5.5069841041E-01
</CP of DelSqRho>
<CP of DelSqRho>
CP# = 4       
Type = (3,+1)
Coords =  3.34509986959784E-01 -2.11117874084405E+00 -2.68948550593108E+00
DistFromNuc =  1.6864093316E-01
Rho =  2.2510274403E+01
DelSqRho =  1.2247338361E+03
GradDelSqRho =  2.1955770535E-12 -2.0861534722E-11  1.8552270831E-11
HessDelSqRho_EigVals = -4.0521860978E+05  2.8611227204E+03  3.8617385534E+03
HessDelSqRho_EigVec1 = -1.2637863720E-01  8.5950358851E-01 -4.9525954953E-01
HessDelSqRho_EigVec2 = -1.0008192439E-01  4.8566747513E-01  8.6839548134E-01
HessDelSqRho_EigVec3 =  9.8692048741E-01  1.5931316627E-01  2.4642779517E-02
</CP of DelSqRho>
<CP of DelSqRho>
CP# = 5       
Type = (3,+1)
Coords =  3.04268793848666E-01 -1.88371266654037E+00 -2.91869349515145E+00
DistFromNuc =  1.6804668295E-01
Rho =  2.2638586803E+01
DelSqRho =  1.2385055379E+03
GradDelSqRho =  1.0054179711E-12 -8.5833562480E-12  7.9580786405E-12
HessDelSqRho_EigVals = -4.1907767959E+05  2.3064205884E+03  3.3835494531E+03
HessDelSqRho_EigVec1 =  5.3462646458E-02 -4.9329316838E-01  8.6821863345E-01
HessDelSqRho_EigVec2 = -1.4997138385E-01  8.5563392732E-01  4.9537780172E-01
HessDelSqRho_EigVec3 =  9.8724380447E-01  1.5669215822E-01  2.8235404950E-02
</CP of DelSqRho>
<CP of DelSqRho>
CP# = 6       
Type = (3,-3)
Coords =  3.91253901479442E-01 -1.85070754370290E+00 -2.68000685270849E+00
DistFromNuc =  1.6703721755E-01
Rho =  2.2699574705E+01
DelSqRho =  1.2960877033E+03
GradDelSqRho = -1.7053025658E-11 -1.8076207198E-11 -2.8279600883E-11
HessDelSqRho_EigVals = -4.4947399370E+05 -3.8069493100E+03 -3.9246658322E+02
HessDelSqRho_EigVec1 =  4.6506159622E-01  6.9115375840E-01  5.5319453537E-01
HessDelSqRho_EigVec2 =  1.2063237932E-01 -6.6852883081E-01  7.3383719682E-01
HessDelSqRho_EigVec3 =  8.7702083258E-01 -2.7454632509E-01 -3.9428260753E-01
</CP of DelSqRho>
<CP of DelSqRho>
CP# = 7       
Type = (3,-1)
Coords =  2.96662113829596E-01 -1.84345550965301E+00 -2.66017029913158E+00
DistFromNuc =  1.6687560980E-01
Rho =  2.2756524477E+01
DelSqRho =  1.2955566406E+03
GradDelSqRho = -2.1316282073E-13  1.4210854715E-12  1.5347723092E-12
HessDelSqRho_EigVals = -4.5310387887E+05 -3.6114245909E+03  2.4278560737E+02
HessDelSqRho_EigVec1 = -9.8948009400E-02  7.3437986155E-01  6.7148753554E-01
HessDelSqRho_EigVec2 =  8.8625377528E-02 -6.6561374365E-01  7.4101544297E-01
HessDelSqRho_EigVec3 =  9.9113815076E-01  1.3283283936E-01  7.7646248361E-04
</CP of DelSqRho>
<CP of DelSqRho>
CP# = 8       
Type = (3,-1)
Coords =  3.33036406778878E-01 -2.06385167747422E+00 -2.90829991668367E+00
DistFromNuc =  1.6873616844E-01
Rho =  2.2347049502E+01
DelSqRho =  1.2533695836E+03
GradDelSqRho =  4.6398440645E-12 -3.1263880373E-13 -8.9528384706E-12
HessDelSqRho_EigVals = -4.0799341119E+05 -1.9886283120E+03  1.4750631102E+03
HessDelSqRho_EigVec1 = -1.1776543133E-01  5.7884866471E-01  8.0688631575E-01
HessDelSqRho_EigVec2 = -1.1239440626E-01  7.9954976851E-01 -5.8998954662E-01
HessDelSqRho_EigVec3 =  9.8666042822E-01  1.6016988182E-01  2.9099971370E-02
</CP of DelSqRho>
<CP of DelSqRho>
CP# = 9       
Type = (3,-3)
Coords =  1.93835146764963E-01 -1.88497667502128E+00 -2.68793197335306E+00
DistFromNuc =  1.6704222753E-01
Rho =  2.2696305655E+01
DelSqRho =  1.2963974998E+03
GradDelSqRho = -1.7621459847E-12 -2.3021584639E-12 -2.7853275242E-12
HessDelSqRho_EigVals = -4.4941363588E+05 -3.8358503488E+03 -4.6138003536E+02
HessDelSqRho_EigVec1 =  7.1205311345E-01 -4.8682779731E-01 -5.0594373145E-01
HessDelSqRho_EigVec2 =  5.4283452539E-02 -6.8026151783E-01  7.3095661577E-01
HessDelSqRho_EigVec3 = -7.0002404988E-01 -5.4794430659E-01 -4.5795563810E-01
</CP of DelSqRho>
<CP of DelSqRho>
CP# = 10      
Type = (3,-1)
Coords =  9.40115300580288E-01 -1.68573608486047E+00 -2.56143949576537E+00
DistFromNuc =  7.1840202181E-01
Rho =  6.6656914605E-01
DelSqRho = -9.3305915331E-01
GradDelSqRho =  4.7961634664E-14  6.2172489379E-15  1.4210854715E-14
HessDelSqRho_EigVals = -1.5591623650E+01 -1.2439591974E+01  1.4006906821E+02
HessDelSqRho_EigVec1 = -5.0751787710E-01  6.0925847406E-01  6.0928623504E-01
HessDelSqRho_EigVec2 = -6.2869723580E-02  6.7905371734E-01 -7.3139144569E-01
HessDelSqRho_EigVec3 =  8.5934451897E-01  4.0949989102E-01  3.0632798921E-01
</CP of DelSqRho>
<CP of DelSqRho>
CP# = 11      
Type = (3,-1)
Coords = -3.83111044402022E-01 -1.90585711398641E+00 -2.60480452146429E+00
DistFromNuc =  7.1861865463E-01
Rho =  6.6458542226E-01
DelSqRho = -9.1963616718E-01
GradDelSqRho = -3.3750779949E-14  4.6629367034E-15  1.1102230246E-14
HessDelSqRho_EigVals = -1.5549016270E+01 -1.2364363057E+01  1.3969220127E+02
HessDelSqRho_EigVec1 =  2.4426203775E-01  7.2304176574E-01  6.4617850623E-01
HessDelSqRho_EigVec2 =  1.0957098968E-01 -6.8267491280E-01  7.2246049142E-01
HessDelSqRho_EigVec3 =  9.6349896478E-01 -1.0566725339E-01 -2.4597596717E-01
</CP of DelSqRho>
<CP of DelSqRho>
CP# = 12      
Type = (3,-1)
Coords =  4.15614161157540E-01 -2.45719000541395E+00 -3.30021704692236E+00
DistFromNuc =  7.2836311598E-01
Rho =  6.5881709144E-01
DelSqRho = -9.0225980010E-01
GradDelSqRho =  1.1657341759E-15 -1.0658141036E-14 -1.4654943925E-14
HessDelSqRho_EigVals = -1.9074284405E+01 -7.2411242804E+00  1.2959804686E+02
HessDelSqRho_EigVec1 =  9.8540820378E-01  1.6647048146E-01  3.5471829894E-02
HessDelSqRho_EigVec2 = -9.7817062423E-02  7.2442287760E-01 -6.8238062451E-01
HessDelSqRho_EigVec3 = -1.3929283619E-01  6.6895371530E-01  7.3013590007E-01
</CP of DelSqRho>
<CP of DelSqRho>
CP# = 13      
Type = (3,+3)
Coords =  3.38996039386524E-01 -2.22730347099090E+00 -2.18687972627034E+00
DistFromNuc =  6.4172677712E-01
Rho =  9.4349173036E-01
DelSqRho = -4.1824839348E+00
GradDelSqRho = -7.9936057773E-15  2.8421709430E-14 -3.5527136788E-14
HessDelSqRho_EigVals =  9.1948051643E+00  2.2090001501E+01  3.1338407716E+02
HessDelSqRho_EigVec1 = -1.6175594814E-01  8.8666626052E-01  4.3319505503E-01
HessDelSqRho_EigVec2 =  9.8583897380E-01  1.6486766040E-01  3.0662229027E-02
HessDelSqRho_EigVec3 =  4.4232691268E-02 -4.3202036643E-01  9.0077848110E-01
</CP of DelSqRho>
<CP of DelSqRho>
CP# = 14      
Type = (3,+1)
Coords = -5.31015503155890E-02 -2.54987694081390E+00 -2.70107487262027E+00
DistFromNuc =  6.9300167350E-01
Rho =  7.8210210291E-01
DelSqRho = -2.5756662173E+00
GradDelSqRho = -7.1054273576E-15 -1.0658141036E-14 -2.4424906542E-15
HessDelSqRho_EigVals = -1.1635969974E+01  1.4392905752E+01  1.8201058191E+02
HessDelSqRho_EigVec1 =  5.1518810551E-01 -8.9286979859E-02  8.5241366200E-01
HessDelSqRho_EigVec2 =  7.1561935120E-01 -5.0251429322E-01 -4.8514773967E-01
HessDelSqRho_EigVec3 =  4.7166742535E-01  8.5994605664E-01 -1.9499389612E-01
</CP of DelSqRho>
<CP of DelSqRho>
CP# = 15      
Type = (3,+1)
Coords =  8.21329469120794E-01 -1.86139904841285E+00 -3.23767507941071E+00
DistFromNuc =  6.9692527019E-01
Rho =  7.7233677555E-01
DelSqRho = -2.5296026813E+00
GradDelSqRho =  3.3750779949E-14 -1.2545520178E-14 -1.2434497876E-14
HessDelSqRho_EigVals = -1.3177200907E+01  1.4961603256E+01  1.7920663040E+02
HessDelSqRho_EigVec1 = -5.7215449660E-01  7.7024850455E-01 -2.8170281018E-01
HessDelSqRho_EigVec2 =  4.7552377909E-01  5.9140616476E-01  6.5124180133E-01
HessDelSqRho_EigVec3 =  6.6821880214E-01  2.3865454013E-01 -7.0464717621E-01
</CP of DelSqRho>
<CP of DelSqRho>
CP# = 16      
Type = (3,+1)
Coords = -1.66992526166205E-01 -2.02675145545101E+00 -3.27304238047424E+00
DistFromNuc =  6.9633338910E-01
Rho =  7.7415118529E-01
DelSqRho = -2.5474796783E+00
GradDelSqRho = -4.4408920985E-15 -2.6645352591E-15 -3.5527136788E-15
HessDelSqRho_EigVals = -1.3171797448E+01  1.5135141261E+01  1.8005814570E+02
HessDelSqRho_EigVec1 =  3.0927613448E-01  9.1735470329E-01 -2.5061648190E-01
HessDelSqRho_EigVec2 =  6.8627247516E-01 -3.9773500077E-01 -6.0896384047E-01
HessDelSqRho_EigVec3 =  6.5831478981E-01 -1.6346789265E-02  7.5256522641E-01
</CP of DelSqRho>
<CP of DelSqRho>
CP# = 17      
Type = (3,+3)
Coords =  2.34209592238476E-01 -1.42542400693044E+00 -3.08320022443665E+00
DistFromNuc =  6.2843652736E-01
Rho =  1.0004831571E+00
DelSqRho = -4.8221879856E+00
GradDelSqRho = -1.2700951402E-13  8.6330942395E-13 -7.6916251146E-13
HessDelSqRho_EigVals =  1.5603678694E+01  2.6244860305E+01  3.8460049276E+02
HessDelSqRho_EigVec1 = -1.0234577611E-01  4.9740942658E-01  8.6145760456E-01
HessDelSqRho_EigVec2 =  9.8696094793E-01  1.5892873392E-01  2.5490092231E-02
HessDelSqRho_EigVec3 = -1.2423135426E-01  8.5283381727E-01 -5.0718936379E-01
</CP of DelSqRho>
<CP of DelSqRho>
CP# = 18      
Type = (3,+3)
Coords =  9.59193833658119E-01 -2.19567908289584E+00 -3.02005907380872E+00
DistFromNuc =  7.2909136264E-01
Rho =  7.4144301361E-01
DelSqRho = -2.9436947526E+00
GradDelSqRho =  1.8651746814E-14 -3.9968028887E-15 -3.5527136788E-15
HessDelSqRho_EigVals =  1.0138503678E+01  2.2939568334E+01  1.3352976618E+02
HessDelSqRho_EigVec1 =  2.4492972521E-02 -6.8431941322E-01  7.2877090707E-01
HessDelSqRho_EigVec2 =  4.5107571898E-01  6.5812792704E-01  6.0282528762E-01
HessDelSqRho_EigVec3 =  8.9214953345E-01 -3.1396587767E-01 -3.2479938056E-01
</CP of DelSqRho>
<CP of DelSqRho>
CP# = 19      
Type = (3,+1)
Coords =  8.48097320936019E-01 -2.39633783288798E+00 -2.67192153467683E+00
DistFromNuc =  6.9396710737E-01
Rho =  7.8038456261E-01
DelSqRho = -2.5692182278E+00
GradDelSqRho =  0.0000000000E+00 -4.4408920985E-15 -2.6645352591E-15
HessDelSqRho_EigVals = -1.1536491548E+01  1.4347898560E+01  1.8060004563E+02
HessDelSqRho_EigVec1 = -5.0885028568E-01 -2.6400051283E-01  8.1937483241E-01
HessDelSqRho_EigVec2 =  4.7646989596E-01  7.0635680434E-01  5.2348495987E-01
HessDelSqRho_EigVec3 =  7.1697128604E-01 -6.5678291253E-01  2.3364156480E-01
</CP of DelSqRho>
<CP of DelSqRho>
CP# = 20      
Type = (3,+1)
Coords =  2.21381789996559E-01 -1.49965781788647E+00 -2.29644369805235E+00
DistFromNuc =  6.7252142657E-01
Rho =  8.3928172982E-01
DelSqRho = -3.2965106402E+00
GradDelSqRho =  3.9968028887E-15 -1.6875389974E-14 -2.3092638912E-14
HessDelSqRho_EigVals = -6.8942632517E+00  1.8694749269E+01  2.3129499674E+02
HessDelSqRho_EigVec1 =  9.1141483545E-02 -6.9477622837E-01  7.1342779766E-01
HessDelSqRho_EigVec2 =  9.8630578138E-01  1.6186524438E-01  3.1631444587E-02
HessDelSqRho_EigVec3 = -1.3745594058E-01  7.0077502464E-01  7.0001444931E-01
</CP of DelSqRho>
<CP of DelSqRho>
CP# = 21      
Type = (3,-3)
Coords =  1.29865109193496E+00 -1.48008559293648E+00 -2.47220970621353E+00
DistFromNuc =  1.1390229630E+00
Rho =  2.4719476476E-01
DelSqRho =  8.5187534129E-01
GradDelSqRho = -2.6922908347E-15  4.4408920985E-16 -9.7144514655E-16
HessDelSqRho_EigVals = -1.7679371592E+01 -1.9278458710E+00 -5.3044941333E-01
HessDelSqRho_EigVec1 =  8.4436145837E-01  4.4940461857E-01  2.9170055952E-01
HessDelSqRho_EigVec2 = -5.2720445326E-01  5.9993110291E-01  6.0177914240E-01
HessDelSqRho_EigVec3 =  9.5442087565E-02 -6.6190494829E-01  7.4348681720E-01
</CP of DelSqRho>
<CP of DelSqRho>
CP# = 22      
Type = (3,+3)
Coords = -2.03289060896555E-01 -2.39060963639407E+00 -3.06157273736372E+00
DistFromNuc =  7.2849616475E-01
Rho =  7.4323773911E-01
DelSqRho = -2.9641108843E+00
GradDelSqRho =  6.2172489379E-15  3.5527136788E-15 -7.1054273576E-15
HessDelSqRho_EigVals =  1.0247402464E+01  2.3133923151E+01  1.3409201185E+02
HessDelSqRho_EigVec1 =  1.5211442234E-01 -6.6567471185E-01  7.3057400755E-01
HessDelSqRho_EigVec2 = -6.8161651676E-01  4.6462011661E-01  5.6526725654E-01
HessDelSqRho_EigVec3 =  7.1572349870E-01  5.8395661246E-01  3.8305945774E-01
</CP of DelSqRho>
<CP of DelSqRho>
CP# = 23      
Type = (3,-3)
Coords = -7.93890953637560E-01 -1.82741130211447E+00 -2.54779720588121E+00
DistFromNuc =  1.1380115540E+00
Rho =  2.4665141343E-01
DelSqRho =  8.5282990569E-01
GradDelSqRho =  4.3298697960E-15 -9.9226182826E-16 -1.4918621893E-15
HessDelSqRho_EigVals = -1.7750349874E+01 -1.9091002961E+00 -5.1025737224E-01
HessDelSqRho_EigVec1 =  9.6206208902E-01 -1.4992187698E-01 -2.2794729145E-01
HessDelSqRho_EigVec2 =  2.6349677629E-01  7.2723946635E-01  6.3379192758E-01
HessDelSqRho_EigVec3 =  7.0752991197E-02 -6.6981056231E-01  7.3915345150E-01
</CP of DelSqRho>
<CP of DelSqRho>
CP# = 24      
Type = (3,+1)
Coords =  1.62222059697832E-01 -1.43823224101361E+00 -1.64050870482855E+00
DistFromNuc =  1.2578927557E+00
Rho =  2.3591506251E-01
DelSqRho =  4.5954000455E-01
GradDelSqRho = -3.2057689836E-15 -4.3715031595E-15 -5.0168202925E-14
HessDelSqRho_EigVals = -8.1681784841E+00  3.2074572603E-01  5.4872249403E-01
HessDelSqRho_EigVec1 = -1.3476147064E-01  3.8074465075E-01  9.1480755187E-01
HessDelSqRho_EigVec2 = -2.5539685163E-01  8.7868855385E-01 -4.0333469167E-01
HessDelSqRho_EigVec3 =  9.5739845112E-01  2.8799294480E-01  2.1172376677E-02
</CP of DelSqRho>
<CP of DelSqRho>
CP# = 25      
Type = (3,-3)
Coords =  4.51614459122163E-01 -2.58301812468177E+00 -3.74089895140536E+00
DistFromNuc =  1.1567572042E+00
Rho =  2.5161499573E-01
DelSqRho =  8.7217149218E-01
GradDelSqRho =  1.2490009027E-16 -2.5257573810E-15 -4.0523140399E-15
HessDelSqRho_EigVals = -1.7153101875E+01 -3.5319331022E+00 -1.9893916004E-01
HessDelSqRho_EigVec1 = -1.1979482742E-01  5.3229214254E-01  8.3804192873E-01
HessDelSqRho_EigVec2 =  9.8561238786E-01  1.6514381106E-01  3.5996424348E-02
HessDelSqRho_EigVec3 = -1.1923682410E-01  8.3029669195E-01 -5.4441710399E-01
</CP of DelSqRho>
<CP of DelSqRho>
CP# = 26      
Type = (3,+1)
Coords =  1.32003772996404E+00 -2.32592995285975E+00 -3.18754974434043E+00
DistFromNuc =  1.1471275857E+00
Rho =  4.1846112903E-01
DelSqRho = -9.8556593799E-01
GradDelSqRho =  1.6557033522E-12 -6.5553118489E-13 -4.2665870836E-13
HessDelSqRho_EigVals = -3.2351396387E+01  1.5139023395E+01  1.6138527227E+01
HessDelSqRho_EigVec1 =  8.7517540884E-01 -3.1358983519E-01 -3.6841473781E-01
HessDelSqRho_EigVec2 =  5.9119231099E-02 -6.8646879024E-01  7.2475203797E-01
HessDelSqRho_EigVec3 =  4.8018009151E-01  6.5606555716E-01  5.8224141422E-01
</CP of DelSqRho>
<CP of DelSqRho>
CP# = 27      
Type = (3,-1)
Coords =  1.07531596616223E+00 -2.61145004853157E+00 -2.12270356126322E+00
DistFromNuc =  1.1915451622E+00
Rho =  2.4556399130E-01
DelSqRho =  7.1216627599E-01
GradDelSqRho = -1.5126788711E-15  1.0928757899E-15 -1.5334955528E-15
HessDelSqRho_EigVals = -1.7167492297E+01 -1.1850553506E+00  3.0464120578E-01
HessDelSqRho_EigVec1 =  6.3170343109E-01 -5.3339502475E-01  5.6253046382E-01
HessDelSqRho_EigVec2 = -6.0650873763E-01  1.1187162599E-01  7.8716700292E-01
HessDelSqRho_EigVec3 =  4.8280216066E-01  8.3843573807E-01  2.5283905314E-01
</CP of DelSqRho>
<CP of DelSqRho>
CP# = 28      
Type = (3,-1)
Coords =  9.23366759860585E-01 -1.33079707703929E+00 -3.57268141053626E+00
DistFromNuc =  1.1900553539E+00
Rho =  2.4527326976E-01
DelSqRho =  7.2936525922E-01
GradDelSqRho = -2.5535129566E-15 -4.2604808570E-15  3.0947466811E-15
HessDelSqRho_EigVals = -1.7673395249E+01 -1.0867986645E+00  2.6733419267E-01
HessDelSqRho_EigVec1 = -5.0552834271E-01 -5.4861550148E-01  6.6592952049E-01
HessDelSqRho_EigVec2 =  6.8937019684E-01 -7.2095808333E-01 -7.0627004611E-02
HessDelSqRho_EigVec3 =  5.1885434028E-01  4.2336801203E-01  7.4266392128E-01
</CP of DelSqRho>
<CP of DelSqRho>
CP# = 29      
Type = (3,-1)
Coords = -3.99703622142272E-01 -1.55463778057888E+00 -3.63215033456653E+00
DistFromNuc =  1.1901470153E+00
Rho =  2.4505429101E-01
DelSqRho =  7.3061763299E-01
GradDelSqRho =  3.4416913763E-15 -3.7608804959E-15  1.3065937221E-14
HessDelSqRho_EigVals = -1.7737735983E+01 -1.0504889488E+00  2.6348124722E-01
HessDelSqRho_EigVec1 =  5.9708524632E-01 -3.6154285576E-01  7.1608377448E-01
HessDelSqRho_EigVec2 =  4.2007870914E-01  9.0141108817E-01  1.0484239719E-01
HessDelSqRho_EigVec3 =  6.8339087406E-01 -2.3821169907E-01 -6.9009571777E-01
</CP of DelSqRho>
<CP of DelSqRho>
CP# = 30      
Type = (3,-1)
Coords = -2.35052193693485E-01 -2.83520650961686E+00 -2.17183005415079E+00
DistFromNuc =  1.1903225513E+00
Rho =  2.4550573331E-01
DelSqRho =  7.1900793388E-01
GradDelSqRho =  2.0122792321E-16  1.4779844015E-15 -1.9151347175E-15
HessDelSqRho_EigVals = -1.7327873944E+01 -1.2168467983E+00  2.8391595737E-01
HessDelSqRho_EigVec1 =  4.5700274993E-01  7.1930209680E-01 -5.2321408629E-01
HessDelSqRho_EigVec2 =  4.8639242624E-01  2.9039631747E-01  8.2407061984E-01
HessDelSqRho_EigVec3 =  7.4469516868E-01 -6.3108990828E-01 -2.1715117641E-01
</CP of DelSqRho>
<CP of DelSqRho>
CP# = 31      
Type = (3,+1)
Coords = -7.05603165073583E-01 -3.67596119223980E+00 -3.00011197955398E+00
DistFromNuc =  2.0035052158E+00
Rho =  7.4552910610E-02
DelSqRho =  1.7987290722E-01
GradDelSqRho =  3.6429192996E-17 -6.8695049649E-16  3.7643499429E-16
HessDelSqRho_EigVals = -1.6404490772E+00  3.1481690006E-02  5.9037188802E-01
HessDelSqRho_EigVec1 =  2.1022552842E-01  9.5464216305E-01 -2.1086386066E-01
HessDelSqRho_EigVec2 = -6.4324139370E-01  2.9748540690E-01  7.0550899506E-01
HessDelSqRho_EigVec3 =  7.3623755448E-01 -1.2679637679E-02  6.7660438231E-01
</CP of DelSqRho>
<CP of DelSqRho>
CP# = 32      
Type = (3,+1)
Coords =  1.85901994192080E+00 -3.23813331830641E+00 -2.89732713389341E+00
DistFromNuc =  2.0060071548E+00
Rho =  7.4324250643E-02
DelSqRho =  1.7821190750E-01
GradDelSqRho = -4.8357953926E-12  6.0962190157E-12  4.0941208757E-13
HessDelSqRho_EigVals = -1.6116153880E+00  3.4636118723E-02  5.9056952185E-01
HessDelSqRho_EigVec1 = -5.0949976332E-01  8.2538476987E-01 -2.4320767432E-01
HessDelSqRho_EigVec2 =  4.6365013213E-01  5.0144464913E-01  7.3046684992E-01
HessDelSqRho_EigVec3 =  7.2487139973E-01  2.5940941681E-01 -6.3817568766E-01
</CP of DelSqRho>
<CP of DelSqRho>
CP# = 33      
Type = (3,+1)
Coords =  1.73529455613975E+00 -2.08235769165826E+00 -4.16338516729143E+00
DistFromNuc =  1.9927566345E+00
Rho =  7.5291802351E-02
DelSqRho =  1.8504051472E-01
GradDelSqRho = -4.8069187519E-15  4.7314582807E-16  8.1983031475E-15
HessDelSqRho_EigVals = -1.7520765950E+00  2.9627531610E-02  5.8212081029E-01
HessDelSqRho_EigVec1 = -3.7160671578E-01 -2.2584759798E-01  9.0050058927E-01
HessDelSqRho_EigVec2 = -4.2342552204E-01 -8.2197125189E-01 -3.8088592563E-01
HessDelSqRho_EigVec3 =  8.2620776810E-01 -5.2283470002E-01  2.0982040031E-01
</CP of DelSqRho>
<CP of DelSqRho>
CP# = 34      
Type = (3,+1)
Coords = -9.33143049412219E-01 -2.49078001735041E+00 -4.23539709360813E+00
DistFromNuc =  1.9922660943E+00
Rho =  7.5289507253E-02
DelSqRho =  1.8480617593E-01
GradDelSqRho =  1.1796119637E-16 -5.2041704279E-17  2.4286128664E-16
HessDelSqRho_EigVals = -1.7318366155E+00  2.9606625539E-02  5.8787460093E-01
HessDelSqRho_EigVec1 =  4.0275111277E-01 -1.2812114177E-01  9.0629824792E-01
HessDelSqRho_EigVec2 =  7.0256935542E-01 -5.9137564373E-01 -3.9581706486E-01
HessDelSqRho_EigVec3 =  5.8667524406E-01  7.9615313919E-01 -1.4816321059E-01
</CP of DelSqRho>
<Path of -GradDelSqRho>
Starting CP# =      3
Ending CP# =     22
Number of Points =     17
 -4.9003162054E-01 -2.6305761068E+00 -3.2511076396E+00  4.1908428766E-01 -9.9203960179E-01
 -4.7260109151E-01 -2.6161006713E+00 -3.2405417310E+00  4.3056001285E-01 -1.0022297983E+00
 -4.5516817598E-01 -2.6016260113E+00 -3.2299786978E+00  4.4310066785E-01 -1.0329959472E+00
 -4.3773323787E-01 -2.5871522501E+00 -3.2194177712E+00  4.5671801295E-01 -1.0846572890E+00
 -4.2029691326E-01 -2.5726793773E+00 -3.2088579163E+00  4.7141710941E-01 -1.1574781958E+00
 -4.0286014735E-01 -2.5582072291E+00 -3.1982977969E+00  4.8719561815E-01 -1.2515291222E+00
 -3.8542424327E-01 -2.5437354715E+00 -3.1877357195E+00  5.0404314946E-01 -1.3665181895E+00
 -3.6799093522E-01 -2.5292635810E+00 -3.1771695398E+00  5.2194077202E-01 -1.5015988832E+00
 -3.5056250399E-01 -2.5147908212E+00 -3.1665965080E+00  5.4086080859E-01 -1.6551615000E+00
 -3.3314196575E-01 -2.5003162091E+00 -3.1560130101E+00  5.6076706139E-01 -1.8246180848E+00
 -3.1573339122E-01 -2.4858384647E+00 -3.1454141231E+00  5.8161562197E-01 -2.0061919050E+00
 -2.9834247357E-01 -2.4713559329E+00 -3.1347928165E+00  6.0335642465E-01 -2.1947218594E+00
 -2.8097761827E-01 -2.4568664521E+00 -3.1241384031E+00  6.2593569722E-01 -2.3834875219E+00
 -2.6365227639E-01 -2.4423671190E+00 -3.1134332024E+00  6.4929943422E-01 -2.5640479127E+00
 -2.4639081034E-01 -2.4278538133E+00 -3.1026441264E+00  6.7339789646E-01 -2.7260597617E+00
 -2.2924751954E-01 -2.4133201325E+00 -3.0916954724E+00  6.9819040530E-01 -2.8569889333E+00
 -2.0328906090E-01 -2.3906096364E+00 -3.0615727374E+00  7.4323773911E-01 -2.9641108843E+00
</Path of -GradDelSqRho>
<Path of -GradDelSqRho>
Starting CP# =      3
Ending CP# =      0
Number of Points =     29
 -4.9003162054E-01 -2.6305761068E+00 -3.2511076396E+00  4.1908428766E-01 -9.9203960179E-01
 -5.0745972220E-01 -2.6450520709E+00 -3.2616768275E+00  4.0865569797E-01 -1.0021570859E+00
 -5.2488538578E-01 -2.6595282692E+00 -3.2722497141E+00  3.9925098059E-01 -1.0324342258E+00
 -5.4230884993E-01 -2.6740043303E+00 -3.2828264126E+00  3.9084182333E-01 -1.0828713139E+00
 -5.5973047222E-01 -2.6884798655E+00 -3.2934068642E+00  3.8339512701E-01 -1.1535953117E+00
 -5.7715067435E-01 -2.7029545104E+00 -3.3039908715E+00  3.7687312314E-01 -1.2447731302E+00
 -5.9456987937E-01 -2.7174279719E+00 -3.3145781378E+00  3.7123340611E-01 -1.3564355382E+00
 -6.1198844089E-01 -2.7319000802E+00 -3.3251683123E+00  3.6642900117E-01 -1.4881805536E+00
 -6.2940656293E-01 -2.7463708506E+00 -3.3357610375E+00  3.6240868025E-01 -1.6387307423E+00
 -6.4682420544E-01 -2.7608405594E+00 -3.3463560013E+00  3.5911785874E-01 -1.8053555103E+00
 -6.6424096488E-01 -2.7753098457E+00 -3.3569529935E+00  3.5650054425E-01 -1.9832624006E+00
 -6.8165591187E-01 -2.7897798579E+00 -3.3675519729E+00  3.5450291337E-01 -2.1652310324E+00
 -6.9906738131E-01 -2.8042524446E+00 -3.3781531504E+00  3.5307906965E-01 -2.3420002148E+00
 -7.1647286989E-01 -2.8187302236E+00 -3.3887570589E+00  3.5219923591E-01 -2.5041485374E+00
 -7.3387005831E-01 -2.8332154887E+00 -3.3993643637E+00  3.5185989620E-01 -2.6462675705E+00
 -7.5126242208E-01 -2.8477045206E+00 -3.4099744361E+00  3.5209414198E-01 -2.7738864871E+00
 -7.6866826355E-01 -2.8621787808E+00 -3.4205825627E+00  3.5297883396E-01 -2.9126841384E+00
 -7.8610638791E-01 -2.8766197728E+00 -3.4311830043E+00  3.5463357762E-01 -3.1180531767E+00
 -8.0357347008E-01 -2.8910314120E+00 -3.4417757191E+00  3.5720556595E-01 -3.4814298771E+00
 -8.2105782213E-01 -2.9054257309E+00 -3.4523634946E+00  3.6083527888E-01 -4.1286196621E+00
 -8.3855161994E-01 -2.9198106696E+00 -3.4629484163E+00  3.6560144935E-01 -5.2052938941E+00
 -8.5605083200E-01 -2.9341902850E+00 -3.4735316216E+00  3.7144963321E-01 -6.8464010162E+00
 -8.7355342280E-01 -2.9485666117E+00 -3.4841137076E+00  3.7811681171E-01 -9.1299642234E+00
 -8.9105832755E-01 -2.9629407092E+00 -3.4946949945E+00  3.8507296683E-01 -1.2022321893E+01
 -9.0856497151E-01 -2.9773131498E+00 -3.5052756546E+00  3.9150627426E-01 -1.5331095912E+01
 -9.2607304946E-01 -2.9916842449E+00 -3.5158557695E+00  3.9637677767E-01 -1.8690526801E+01
 -9.4358243355E-01 -3.0060541458E+00 -3.5264353450E+00  3.9854966170E-01 -2.1603423802E+01
 -9.6109318732E-01 -3.0204228608E+00 -3.5370142642E+00  3.9699319440E-01 -2.3547066292E+01
 -9.7597909806E-01 -3.0326349617E+00 -3.5460051902E+00  3.9219348881E-01 -2.4129798387E+01
</Path of -GradDelSqRho>
<Path of -GradDelSqRho>
Starting CP# =      4
Ending CP# =      1
Number of Points =      7
  3.3450998696E-01 -2.1111787408E+00 -2.6894855059E+00  2.2510274403E+01  1.2247338361E+03
  3.3134717046E-01 -2.0896767560E+00 -2.7018411093E+00  3.2706073583E+01  9.7683266811E+02
  3.2817911153E-01 -2.0681522627E+00 -2.7141561207E+00  4.7896531213E+01 -7.8105706754E+02
  3.2500873810E-01 -2.0466178403E+00 -2.7264531679E+00  7.0460754022E+01 -6.3347311818E+03
  3.2183671573E-01 -2.0250763414E+00 -2.7387373875E+00  1.0394675610E+02 -2.0430106201E+04
  3.1866194317E-01 -2.0035230260E+00 -2.7510001519E+00  1.5418987249E+02 -7.4625275067E+04
  3.1311550641E-01 -1.9658796432E+00 -2.7723718826E+00  2.9724670073E+02 -3.3288426558E+06
</Path of -GradDelSqRho>
<Path of -GradDelSqRho>
Starting CP# =      4
Ending CP# =     13
Number of Points =     34
  3.3450998696E-01 -2.1111787408E+00 -2.6894855059E+00  2.2510274403E+01  1.2247338361E+03
  3.3766667888E-01 -2.1326544031E+00 -2.6770826412E+00  1.5618897442E+01  1.1436743393E+03
  3.4082068666E-01 -2.1541185193E+00 -2.6646591173E+00  1.0945416241E+01  9.7494178652E+02
  3.4397403685E-01 -2.1755797998E+00 -2.6522305287E+00  7.7855762139E+00  7.6781912031E+02
  3.4712577834E-01 -2.1970341390E+00 -2.6397895552E+00  5.6570239742E+00  5.6815564916E+02
  3.5027430982E-01 -2.2184746156E+00 -2.6273238982E+00  4.2238565892E+00  4.0474514325E+02
  3.5341789179E-01 -2.2398936775E+00 -2.6148202406E+00  3.2561480213E+00  2.8271268584E+02
  3.5655477698E-01 -2.2612836830E+00 -2.6022652716E+00  2.5994933366E+00  1.9493911939E+02
  3.5968334228E-01 -2.2826374544E+00 -2.5896467143E+00  2.1508346771E+00  1.3227701691E+02
  3.6280200224E-01 -2.3039478886E+00 -2.5769526764E+00  1.8410491443E+00  8.7572789991E+01
  3.6590880566E-01 -2.3252061714E+00 -2.5641686206E+00  1.6234633656E+00  5.5957004813E+01
  3.6900084963E-01 -2.3463991361E+00 -2.5512730509E+00  1.4665439307E+00  3.4058783054E+01
  3.7207356957E-01 -2.3675059712E+00 -2.5382324714E+00  1.3491612736E+00  1.9346891374E+01
  3.7511971311E-01 -2.3884933256E+00 -2.5249944304E+00  1.2573740021E+00  9.8149609581E+00
  3.7812752313E-01 -2.4093064635E+00 -2.5114758118E+00  1.1821599839E+00  3.8780001277E+00
  3.8107707626E-01 -2.4298510864E+00 -2.4975407071E+00  1.1178033944E+00  3.3366021637E-01
  3.8393185268E-01 -2.4499505443E+00 -2.4829538397E+00  1.0607825748E+00 -1.6820984057E+00
  3.8661507565E-01 -2.4692225149E+00 -2.4672662206E+00  1.0090927629E+00 -2.7571568232E+00
  3.8891935117E-01 -2.4865898041E+00 -2.4494743487E+00  9.6222520039E-01 -3.2733970419E+00
  3.9001294525E-01 -2.4973897584E+00 -2.4273033974E+00  9.2474097959E-01 -3.4800378097E+00
  3.8826209390E-01 -2.4910329833E+00 -2.4036991379E+00  9.1410456543E-01 -3.5751434757E+00
  3.8529165866E-01 -2.4764730769E+00 -2.3836200524E+00  9.1804782198E-01 -3.6570550276E+00
  3.8212402211E-01 -2.4603952838E+00 -2.3647422123E+00  9.2353268078E-01 -3.7339378794E+00
  3.7887715214E-01 -2.4436422782E+00 -2.3464736875E+00  9.2864434938E-01 -3.8055499782E+00
  3.7556355626E-01 -2.4263146543E+00 -2.3287615155E+00  9.3315671033E-01 -3.8715258703E+00
  3.7218475093E-01 -2.4084362707E+00 -2.3116181629E+00  9.3703466300E-01 -3.9315492455E+00
  3.6874091907E-01 -2.3900245116E+00 -2.2950623706E+00  9.4026574078E-01 -3.9853627284E+00
  3.6523171921E-01 -2.3710966406E+00 -2.2791134567E+00  9.4284453269E-01 -4.0327715914E+00
  3.6165630065E-01 -2.3516703437E+00 -2.2637908768E+00  9.4477150133E-01 -4.0736458610E+00
  3.5801326882E-01 -2.3317638557E+00 -2.2491141777E+00  9.4605278323E-01 -4.1079210708E+00
  3.5430067042E-01 -2.3113960520E+00 -2.2351029714E+00  9.4669997845E-01 -4.1355977003E+00
  3.5051603887E-01 -2.2905865231E+00 -2.2217769074E+00  9.4672988130E-01 -4.1567393703E+00
  3.4665659167E-01 -2.2693556181E+00 -2.2091556409E+00  9.4616415579E-01 -4.1714698968E+00
  3.3899603939E-01 -2.2273034710E+00 -2.1868797263E+00  9.4349173036E-01 -4.1824839348E+00
</Path of -GradDelSqRho>
<Path of -GradDelSqRho>
Starting CP# =      5
Ending CP# =      1
Number of Points =      7
  3.0426879385E-01 -1.8837126665E+00 -2.9186934952E+00  2.2638586803E+01  1.2385055379E+03
  3.0559968932E-01 -1.8960149434E+00 -2.8969706436E+00  3.2915790020E+01  9.8143137699E+02
  3.0692180209E-01 -1.9082706549E+00 -2.8752209439E+00  4.8239044579E+01 -8.2909324469E+02
  3.0824005907E-01 -1.9205059156E+00 -2.8534594968E+00  7.1007847689E+01 -6.4869604924E+03
  3.0955544049E-01 -1.9327259128E+00 -2.8316893023E+00  1.0482179859E+02 -2.0997943322E+04
  3.1086612543E-01 -1.9449209517E+00 -2.8099048331E+00  1.5555297732E+02 -7.6538389016E+04
  3.1311550641E-01 -1.9658796432E+00 -2.7723718826E+00  2.9724670073E+02 -3.3288426558E+06
</Path of -GradDelSqRho>
<Path of -GradDelSqRho>
Starting CP# =      5
Ending CP# =     17
Number of Points =     31
  3.0426879385E-01 -1.8837126665E+00 -2.9186934952E+00  2.2638586803E+01  1.2385055379E+03
  3.0292739384E-01 -1.8713547340E+00 -2.9403840896E+00  1.5698860611E+01  1.1554604259E+03
  3.0158112062E-01 -1.8589710022E+00 -2.9620596686E+00  1.0996908798E+01  9.8447580197E+02
  3.0023362068E-01 -1.8465807869E+00 -2.9837314660E+00  7.8209248905E+00  7.7529357748E+02
  2.9888337312E-01 -1.8341760417E+00 -3.0053947777E+00  5.6840822777E+00  5.7350921126E+02
  2.9752765824E-01 -1.8217423859E+00 -3.0270411651E+00  4.2475038262E+00  4.0817143466E+02
  2.9616350360E-01 -1.8092641223E+00 -3.0486613340E+00  3.2792255374E+00  2.8461547871E+02
  2.9478791636E-01 -1.7967254743E+00 -3.0702458083E+00  2.6234941243E+00  1.9573748069E+02
  2.9339810506E-01 -1.7841117649E+00 -3.0917855850E+00  2.1763980293E+00  1.3231140079E+02
  2.9199132826E-01 -1.7714086261E+00 -3.1132716303E+00  1.8682937266E+00  8.7098323471E+01
  2.9056420271E-01 -1.7585983674E+00 -3.1346926234E+00  1.6522053289E+00  5.5163954661E+01
  2.8911169697E-01 -1.7456547236E+00 -3.1560315464E+00  1.4964410346E+00  3.3089973985E+01
  2.8762590972E-01 -1.7325365370E+00 -3.1772612605E+00  1.3798098192E+00  1.8307265144E+01
  2.8609430625E-01 -1.7191787399E+00 -3.1983376395E+00  1.2883743171E+00  8.7772508638E+00
  2.8449661509E-01 -1.7054766582E+00 -3.2191865958E+00  1.2131613493E+00  2.8880234549E+00
  2.8279863687E-01 -1.6912551397E+00 -3.2396759185E+00  1.1485406723E+00 -5.8382840412E-01
  2.8093823596E-01 -1.6762002042E+00 -3.2595437947E+00  1.0911302555E+00 -2.5176545490E+00
  2.7878760076E-01 -1.6596820785E+00 -3.2781695806E+00  1.0392348666E+00 -3.5122291534E+00
  2.7603252652E-01 -1.6402513284E+00 -3.2935265649E+00  9.9360262216E-01 -3.9599675234E+00
  2.7215208179E-01 -1.6164754927E+00 -3.2973687687E+00  9.6536988166E-01 -4.1357883861E+00
  2.6812846834E-01 -1.5949112081E+00 -3.2857144265E+00  9.6426213421E-01 -4.2456979672E+00
  2.6442205012E-01 -1.5759712024E+00 -3.2698343938E+00  9.7055736922E-01 -4.3454331384E+00
  2.6084829519E-01 -1.5579044070E+00 -3.2529303301E+00  9.7718461375E-01 -4.4369079054E+00
  2.5737190418E-01 -1.5404094372E+00 -3.2354149587E+00  9.8313051603E-01 -4.5195594063E+00
  2.5399301638E-01 -1.5234667285E+00 -3.2173462971E+00  9.8825677844E-01 -4.5928533587E+00
  2.5071632804E-01 -1.5070914381E+00 -3.1987435649E+00  9.9253336122E-01 -4.6563556478E+00
  2.4754697512E-01 -1.4913019433E+00 -3.1796230257E+00  9.9594683371E-01 -4.7097424352E+00
  2.4449006987E-01 -1.4761168901E+00 -3.1600011787E+00  9.9849213018E-01 -4.7528053462E+00
  2.4155051307E-01 -1.4615549898E+00 -3.1398950400E+00  1.0001719538E+00 -4.7854540554E+00
  2.3873261415E-01 -1.4476350355E+00 -3.1193222335E+00  1.0009965856E+00 -4.8077164029E+00
  2.3420959224E-01 -1.4254240069E+00 -3.0832002244E+00  1.0004831571E+00 -4.8221879856E+00
</Path of -GradDelSqRho>
<Path of -GradDelSqRho>
Starting CP# =     14
Ending CP# =     13
Number of Points =     32
 -5.3101550316E-02 -2.5498769408E+00 -2.7010748726E+00  7.8210210291E-01 -2.5756662173E+00
 -4.1475867077E-02 -2.5515435601E+00 -2.6821388992E+00  7.8652848904E-01 -2.5786003522E+00
 -2.8098069179E-02 -2.5526390911E+00 -2.6610494243E+00  7.9186137405E-01 -2.5890669984E+00
 -1.4386057941E-02 -2.5529128700E+00 -2.6401487691E+00  7.9758043949E-01 -2.6073315776E+00
 -3.6127432868E-04 -2.5523624390E+00 -2.6194622026E+00  8.0367820452E-01 -2.6334795464E+00
  1.3953740228E-02 -2.5509862062E+00 -2.5990142708E+00  8.1014099464E-01 -2.6674618392E+00
  2.8535234797E-02 -2.5487836579E+00 -2.5788286211E+00  8.1694861954E-01 -2.7090994487E+00
  4.3358160467E-02 -2.5457555179E+00 -2.5589277899E+00  8.2407413211E-01 -2.7580895640E+00
  5.8396102380E-02 -2.5419038445E+00 -2.5393329676E+00  8.3148368495E-01 -2.8140128753E+00
  7.3621225224E-02 -2.5372320532E+00 -2.5200637544E+00  8.3913650407E-01 -2.8763417260E+00
  8.9004220737E-02 -2.5317448544E+00 -2.5011379196E+00  8.4698500122E-01 -2.9444488900E+00
  1.0451424108E-01 -2.5254480972E+00 -2.4825711779E+00  8.5497504649E-01 -3.0176168603E+00
  1.2011879686E-01 -2.5183485183E+00 -2.4643769947E+00  8.6304642004E-01 -3.0950476428E+00
  1.3578359266E-01 -2.5104533931E+00 -2.4465664259E+00  8.7113345665E-01 -3.1758731407E+00
  1.5147226660E-01 -2.5017700952E+00 -2.4291479968E+00  8.7916588830E-01 -3.2591662803E+00
  1.6714599182E-01 -2.4923055702E+00 -2.4121276158E+00  8.8706987948E-01 -3.3439530637E+00
  1.8276288692E-01 -2.4820657312E+00 -2.3955085099E+00  8.9476923757E-01 -3.4292257323E+00
  1.9827716574E-01 -2.4710547834E+00 -2.3792911669E+00  9.0218676869E-01 -3.5139571917E+00
  2.1363793184E-01 -2.4592744814E+00 -2.3634732566E+00  9.0924573947E-01 -3.5971167969E+00
  2.2878748336E-01 -2.4467233159E+00 -2.3480495054E+00  9.1587139934E-01 -3.6776875341E+00
  2.4365893082E-01 -2.4333956260E+00 -2.3330114953E+00  9.2199251806E-01 -3.7546845871E+00
  2.5817283052E-01 -2.4192806343E+00 -2.3183473688E+00  9.2754290037E-01 -3.8271752548E+00
  2.7223237906E-01 -2.4043614295E+00 -2.3040414438E+00  9.3246285500E-01 -3.8943002152E+00
  2.8571647463E-01 -2.3886140016E+00 -2.2900738000E+00  9.3670061908E-01 -3.9552962184E+00
  2.9846960586E-01 -2.3720066463E+00 -2.2764200284E+00  9.4021377442E-01 -4.0095204338E+00
  3.1028712252E-01 -2.3545005662E+00 -2.2630516349E+00  9.4297074495E-01 -4.0564767951E+00
  3.2089429504E-01 -2.3360536704E+00 -2.2499382512E+00  9.4495254651E-01 -4.0958445140E+00
  3.2991902539E-01 -2.3166320611E+00 -2.2370541783E+00  9.4615508126E-01 -4.1275076175E+00
  3.3686561734E-01 -2.2962379282E+00 -2.2243940727E+00  9.4659237547E-01 -4.1515796968E+00
  3.4112229292E-01 -2.2749648333E+00 -2.2120037434E+00  9.4630083559E-01 -4.1684058098E+00
  3.4209449436E-01 -2.2530694874E+00 -2.2000207961E+00  9.4534228010E-01 -4.1785030815E+00
  3.3899603939E-01 -2.2273034710E+00 -2.1868797263E+00  9.4349173036E-01 -4.1824839348E+00
</Path of -GradDelSqRho>
<Path of -GradDelSqRho>
Starting CP# =     14
Ending CP# =     22
Number of Points =     18
 -5.3101550316E-02 -2.5498769408E+00 -2.7010748726E+00  7.8210210291E-01 -2.5756662173E+00
 -6.4414669014E-02 -2.5475691077E+00 -2.7200930398E+00  7.7798432954E-01 -2.5784942700E+00
 -7.6757711851E-02 -2.5442082540E+00 -2.7415705913E+00  7.7371460565E-01 -2.5881185001E+00
 -8.8692702759E-02 -2.5400381834E+00 -2.7631367067E+00  7.6981120089E-01 -2.6039869678E+00
 -1.0020105637E-01 -2.5350618437E+00 -2.7847636343E+00  7.6625849235E-01 -2.6253814164E+00
 -1.1126418599E-01 -2.5292814734E+00 -2.8064228968E+00  7.6303778365E-01 -2.6514729658E+00
 -1.2186326175E-01 -2.5226983289E+00 -2.8280850667E+00  7.6012809144E-01 -2.6813369773E+00
 -1.3197897470E-01 -2.5153124154E+00 -2.8497194519E+00  7.5750702893E-01 -2.7139710106E+00
 -1.4159131742E-01 -2.5071222267E+00 -2.8712936798E+00  7.5515179472E-01 -2.7483155829E+00
 -1.5067940779E-01 -2.4981244993E+00 -2.8927731620E+00  7.5304026707E-01 -2.7832773622E+00
 -1.5922140528E-01 -2.4883139990E+00 -2.9141204162E+00  7.5115218754E-01 -2.8177543765E+00
 -1.6719460863E-01 -2.4776833613E+00 -2.9352942180E+00  7.4947038895E-01 -2.8506627744E+00
 -1.7457589112E-01 -2.4662230233E+00 -2.9562485518E+00  7.4798197794E-01 -2.8809646353E+00
 -1.8134274015E-01 -2.4539212750E+00 -2.9769313229E+00  7.4667931617E-01 -2.9076962433E+00
 -1.8747535719E-01 -2.4407644007E+00 -2.9972827472E+00  7.4556056174E-01 -2.9299961125E+00
 -1.9296063353E-01 -2.4267366663E+00 -3.0172331576E+00  7.4462945799E-01 -2.9471318550E+00
 -1.9779975965E-01 -2.4118191717E+00 -3.0366991879E+00  7.4389406467E-01 -2.9585247576E+00
 -2.0328906090E-01 -2.3906096364E+00 -3.0615727374E+00  7.4323773911E-01 -2.9641108843E+00
</Path of -GradDelSqRho>
<Path of -GradDelSqRho>
