 AIMInt (Version 19.02.13, Professional)
 Portions Copyright (c) 1997-2019 by Todd A. Keith
 AIMInt is a component of the AIMAll package ( http://aim.tkgristmill.com )

 TP:  64-bit Linux

 Licensed To:  Research Group of Fernando Cortes Guzman, UNAM, fercor@unam.mx

 AIMInt is a heavily modified and extended version of the PROAIMV program
 developed by members of R.F.W. Bader's research group

 Much of the Quantum Theory of Atoms in Molecules (QTAIM) is described in the book:
   "Atoms in Molecules - A Quantum Theory"
   R.F.W. Bader, Oxford University Press, Oxford, 1990

 For additional references see:  http://aim.tkgristmill.com/references.html

 Current Directory:  /home/scratch/M_H2O_4_cuadrado_plano/Opt

 Inp File:  Sc2_cuadrado_plano_cc-pvtz-def2-tzv_5_atomicfiles/o2.inp
 Wfx File:  Sc2_cuadrado_plano_cc-pvtz-def2-tzv_5.wfx
 Out File:  Sc2_cuadrado_plano_cc-pvtz-def2-tzv_5_atomicfiles/o2.int

 Wfx Title:   Sc2_cuadrado_plano_cc-pvtz-def2-tzv_5                                         
 Job Title:   Sc2_cuadrado_plano_cc-pvtz-def2-tzv_5                                         
 
<Atom>
O2      
</Atom>
<Nuclei of Molecule>
    13
Sc1       21.0          -4.6571547084E-05  -2.2718081830E-04   9.4288833671E-05
O2         8.0           2.9070643783E+00   2.9360901520E+00  -5.4980633565E-05
H3         1.0           3.6958121925E+00   3.7181229307E+00  -1.5013680968E+00
O4         8.0           2.9348802329E+00  -2.9074042723E+00  -2.6383316577E-04
H5         1.0           3.7310378654E+00  -3.6820783277E+00  -1.5014822825E+00
O6         8.0          -2.9063852862E+00  -2.9358092222E+00  -4.3604482245E-05
H7         1.0          -3.6947377275E+00  -3.7178449213E+00  -1.5015659296E+00
O8         8.0          -2.9354789880E+00   2.9076953753E+00  -1.8299068181E-04
H9         1.0          -3.7311841912E+00   3.6812168402E+00   1.5018855295E+00
H10        1.0          -3.6942627830E+00  -3.7170445589E+00   1.5021574707E+00
H11        1.0           3.6950596039E+00   3.7167764662E+00   1.5023733262E+00
H12        1.0           3.7301865540E+00  -3.6805366455E+00   1.5022235240E+00
H13        1.0          -3.7315762073E+00   3.6815827502E+00  -1.5018403353E+00
</Nuclei of Molecule>
<Total Number of CPs of DelSqRho>
    28
</Total Number of CPs of DelSqRho>
<Number of (3,+3) CPs of DelSqRho>
     4
</Number of (3,+3) CPs of DelSqRho>
<Number of (3,+1) CPs of DelSqRho>
     8
</Number of (3,+1) CPs of DelSqRho>
<Number of (3,-1) CPs of DelSqRho>
    10
</Number of (3,-1) CPs of DelSqRho>
<Number of (3,-3) CPs of DelSqRho>
     6
</Number of (3,-3) CPs of DelSqRho>
<Number of Degenerate CPs of DelSqRho>
     0
</Number of Degenerate CPs of DelSqRho>
<CP of DelSqRho>
CP# = 1       
Type = (3,+3)
Coords =  2.90706468615397E+00  2.93609047277422E+00 -5.49803965751553E-05
DistFromNuc =  4.4458471888E-07
Rho =  2.9765505369E+02
DelSqRho = -3.3332819717E+06
GradDelSqRho =  1.7590048628E-05 -1.9223161189E-05  2.2663204646E-11
HessDelSqRho_EigVals =  1.3255574835E+11  1.3255575899E+11  1.3255577034E+11
HessDelSqRho_EigVec1 = -6.8248740285E-01  7.3089734030E-01  1.5133927095E-04
HessDelSqRho_EigVec2 =  7.3089727052E-01  6.8248720832E-01  6.2483459545E-04
HessDelSqRho_EigVec3 = -3.5340282739E-04 -5.3705520032E-04  9.9999979334E-01
</CP of DelSqRho>
<CP of DelSqRho>
CP# = 2       
Type = (3,-1)
Coords =  1.66652045748783E+00  1.59825098458672E+00  6.50795652061635E-05
DistFromNuc =  1.8244897566E+00
Rho =  6.3346083433E-02
DelSqRho =  2.3907693169E-01
GradDelSqRho =  8.4134088585E-17  7.8929918157E-17  1.1604351377E-18
HessDelSqRho_EigVals = -2.3138660218E-01 -2.0826183376E-01  1.7492480165E+00
HessDelSqRho_EigVec1 =  7.1311315556E-01 -7.0104889360E-01  2.7595751025E-04
HessDelSqRho_EigVec2 = -1.9410854471E-04  1.9618623488E-04  9.9999996192E-01
HessDelSqRho_EigVec3 =  7.0104892104E-01  7.1311318197E-01 -3.8234045240E-06
</CP of DelSqRho>
<CP of DelSqRho>
CP# = 3       
Type = (3,+1)
Coords =  3.01702293620045E+00  3.06481134965118E+00  3.47220672470942E-05
DistFromNuc =  1.6929276187E-01
Rho =  2.2274721371E+01
DelSqRho =  1.2349981798E+03
GradDelSqRho =  1.3411494137E-11  6.1319838096E-12 -1.7347234760E-16
HessDelSqRho_EigVals = -3.9539627723E+05  3.8366493879E+02  2.3460301515E+03
HessDelSqRho_EigVec1 =  6.4923448462E-01  7.6058812981E-01  5.2987592036E-04
HessDelSqRho_EigVec2 =  7.6058826568E-01 -6.4923453481E-01 -9.4431394441E-05
HessDelSqRho_EigVec3 = -2.7219034897E-04 -4.6432552500E-04  9.9999985516E-01
</CP of DelSqRho>
<CP of DelSqRho>
CP# = 4       
Type = (3,-1)
Coords =  2.79062150829704E+00  2.81685844869410E+00 -1.39984066227937E-04
DistFromNuc =  1.6665877798E-01
Rho =  2.2855669207E+01
DelSqRho =  1.2941317924E+03
GradDelSqRho =  1.0111023130E-11  2.5792701308E-12  4.5897313727E-14
HessDelSqRho_EigVals = -4.5831119408E+05 -1.7851106501E+03  5.4080277048E+02
HessDelSqRho_EigVec1 =  6.9864179045E-01  7.1547144485E-01  5.1014516058E-04
HessDelSqRho_EigVec2 =  7.1547157842E-01 -6.9864182769E-01 -1.3068972360E-04
HessDelSqRho_EigVec3 = -2.6290398200E-04 -4.5629966575E-04  9.9999986134E-01
</CP of DelSqRho>
<CP of DelSqRho>
CP# = 5       
Type = (3,-3)
Coords =  2.82602282678152E+00  2.85270246726537E+00  1.19785923125531E-01
DistFromNuc =  1.6698227827E-01
Rho =  2.2736886674E+01
DelSqRho =  1.2963956108E+03
GradDelSqRho = -2.8766322657E-11 -1.9173995724E-11  1.3589129821E-11
HessDelSqRho_EigVals = -4.5130970299E+05 -2.2765255165E+03 -8.9009352698E+02
HessDelSqRho_EigVec1 = -4.8762956971E-01 -5.0182603117E-01  7.1441447157E-01
HessDelSqRho_EigVec2 = -7.1350702814E-01  7.0062927151E-01  5.1327089059E-03
HessDelSqRho_EigVec3 = -5.0311541771E-01 -5.0723688584E-01 -6.9970395033E-01
</CP of DelSqRho>
<CP of DelSqRho>
CP# = 6       
Type = (3,-3)
Coords =  2.82608649934651E+00  2.85281249379499E+00 -1.20015344644813E-01
DistFromNuc =  1.6698225706E-01
Rho =  2.2736892383E+01
DelSqRho =  1.2963956476E+03
GradDelSqRho =  2.8315128020E-12  2.5526247782E-11  1.1187495375E-11
HessDelSqRho_EigVals = -4.5131014801E+05 -2.2765198719E+03 -8.9008787395E+02
HessDelSqRho_EigVec1 =  4.8724995922E-01  5.0117009295E-01  7.1513356457E-01
HessDelSqRho_EigVec2 = -7.1350411538E-01  7.0063411975E-01 -4.8690426061E-03
HessDelSqRho_EigVec3 = -5.0348719405E-01 -5.0787830056E-01  6.9897087010E-01
</CP of DelSqRho>
<CP of DelSqRho>
CP# = 7       
Type = (3,+3)
Coords =  2.38411413585154E+00  2.55670771063841E+00 -3.32748531652492E-04
DistFromNuc =  6.4607125772E-01
Rho =  9.3107438393E-01
DelSqRho = -4.3113106954E+00
GradDelSqRho = -2.1671553441E-13 -1.5631940187E-13 -1.3070057189E-16
HessDelSqRho_EigVals =  9.0206459311E-01  2.2403523649E+01  3.1957098493E+02
HessDelSqRho_EigVec1 = -5.8741912756E-01  8.0928284494E-01  2.1321773561E-04
HessDelSqRho_EigVec2 = -2.2970147131E-04 -4.3019415314E-04  9.9999988109E-01
HessDelSqRho_EigVec3 =  8.0928284043E-01  5.8741900873E-01  4.3859773431E-04
</CP of DelSqRho>
<CP of DelSqRho>
CP# = 8       
Type = (3,-1)
Coords =  2.75694167712381E+00  2.79162001201718E+00  6.71528640902565E-01
DistFromNuc =  7.0315930448E-01
Rho =  7.0826862337E-01
DelSqRho = -1.4270241779E+00
GradDelSqRho = -1.6375789613E-15  1.9428902931E-16 -3.2640556924E-14
HessDelSqRho_EigVals = -1.7321672019E+01 -7.6928037581E+00  1.6522517762E+02
HessDelSqRho_EigVec1 =  6.7638910529E-01  6.5542305806E-01  3.3603332157E-01
HessDelSqRho_EigVec2 = -6.9591693923E-01  7.1812227492E-01  1.0932960593E-04
HessDelSqRho_EigVec3 = -2.4124135619E-01 -2.3392522998E-01  9.4185009149E-01
</CP of DelSqRho>
<CP of DelSqRho>
CP# = 9       
Type = (3,-1)
Coords =  2.75725070081101E+00  2.79220136256823E+00 -6.71827313032802E-01
DistFromNuc =  7.0315445549E-01
Rho =  7.0826907049E-01
DelSqRho = -1.4269991400E+00
GradDelSqRho =  1.1601830607E-14 -5.2180482157E-15  3.9079850467E-14
HessDelSqRho_EigVals = -1.7321144846E+01 -7.6931548088E+00  1.6522988257E+02
HessDelSqRho_EigVec1 =  6.7654237544E-01  6.5571239853E-01 -3.3515916316E-01
HessDelSqRho_EigVec2 = -6.9591656642E-01  7.1812261846E-01  1.9351293652E-04
HessDelSqRho_EigVec3 =  2.4081226468E-01  2.3311189433E-01  9.4216150309E-01
</CP of DelSqRho>
<CP of DelSqRho>
CP# = 10      
Type = (3,+1)
Coords =  2.70207356450221E+00  3.43415046155907E+00  4.28057505362634E-01
DistFromNuc =  6.8801570208E-01
Rho =  7.6373081432E-01
DelSqRho = -2.2779392684E+00
GradDelSqRho = -1.6597834218E-14  4.1411318819E-14  2.2648549702E-14
HessDelSqRho_EigVals = -1.2780157747E+01  7.5630003982E+00  1.9135672837E+02
HessDelSqRho_EigVec1 =  8.6943947320E-01  1.6880951364E-02  4.9375098574E-01
HessDelSqRho_EigVec2 = -3.5122902592E-01 -6.8172850192E-01  6.4178222243E-01
HessDelSqRho_EigVec3 = -3.4743801432E-01  7.3141047515E-01  5.8679258947E-01
</CP of DelSqRho>
<CP of DelSqRho>
CP# = 11      
Type = (3,+1)
Coords =  2.70226972820921E+00  3.43452757272005E+00 -4.27817886682101E-01
DistFromNuc =  6.8801294669E-01
Rho =  7.6373454220E-01
DelSqRho = -2.2779730426E+00
GradDelSqRho =  3.3306690739E-15 -1.4099832413E-14  1.8651746814E-14
HessDelSqRho_EigVals = -1.2780143896E+01  7.5632924778E+00  1.9136201022E+02
HessDelSqRho_EigVec1 =  8.6966957480E-01  1.7329290062E-02 -4.9333003798E-01
HessDelSqRho_EigVec2 =  3.5092034487E-01  6.8116471384E-01  6.4254925428E-01
HessDelSqRho_EigVec3 = -3.4717393656E-01  7.3192508382E-01 -5.8630702661E-01
</CP of DelSqRho>
<CP of DelSqRho>
CP# = 12      
Type = (3,+1)
Coords =  3.40813338172262E+00  2.73482616740491E+00  4.24671942552951E-01
DistFromNuc =  6.8700094396E-01
Rho =  7.6818797650E-01
DelSqRho = -2.3259682906E+00
GradDelSqRho =  8.2156503822E-15 -2.2204460493E-15  1.2434497876E-14
HessDelSqRho_EigVals = -1.2630009909E+01  7.7409368523E+00  1.9366433917E+02
HessDelSqRho_EigVec1 =  1.0663019181E-02  8.6696598130E-01  4.9825323610E-01
HessDelSqRho_EigVec2 = -6.7612108284E-01 -3.6086046337E-01  6.4237061523E-01
HessDelSqRho_EigVec3 =  7.3671336445E-01 -3.4372912771E-01  5.8232611602E-01
</CP of DelSqRho>
<CP of DelSqRho>
CP# = 13      
Type = (3,+1)
Coords =  3.40833615165352E+00  2.73518912457724E+00 -4.24711134571902E-01
DistFromNuc =  6.8699888115E-01
Rho =  7.6819098155E-01
DelSqRho = -2.3260030957E+00
GradDelSqRho =  3.0864200085E-14 -1.5099033135E-14 -3.2418512319E-14
HessDelSqRho_EigVals = -1.2630148186E+01  7.7411679914E+00  1.9366899223E+02
HessDelSqRho_EigVec1 =  1.0919414889E-02  8.6739896945E-01 -4.9749351170E-01
HessDelSqRho_EigVec2 =  6.7581648132E-01  3.6028923731E-01  6.4301146883E-01
HessDelSqRho_EigVec3 =  7.3698904330E-01 -3.4323562356E-01 -5.8226837177E-01
</CP of DelSqRho>
<CP of DelSqRho>
CP# = 14      
Type = (3,-1)
Coords =  3.32073469865877E+00  3.50995729163130E+00  3.04415200997356E-04
DistFromNuc =  7.0742261558E-01
Rho =  7.1441487417E-01
DelSqRho = -1.5457164923E+00
GradDelSqRho = -5.0848214528E-14 -9.1038288019E-14 -6.0932162094E-17
HessDelSqRho_EigVals = -1.7574752812E+01 -7.3997664686E-01  1.5507212963E+02
HessDelSqRho_EigVec1 = -2.4786263636E-04 -4.4973107733E-04  9.9999986815E-01
HessDelSqRho_EigVec2 =  8.1779841996E-01 -5.7550477076E-01 -5.6120715578E-05
HessDelSqRho_EigVec3 =  5.7550472012E-01  8.1779829822E-01  5.1043549417E-04
</CP of DelSqRho>
<CP of DelSqRho>
CP# = 15      
Type = (3,+3)
Coords =  3.21736979571834E+00  3.23981908304372E+00  5.70279071023208E-01
DistFromNuc =  7.1681353649E-01
Rho =  7.6814365819E-01
DelSqRho = -3.2826689735E+00
GradDelSqRho = -7.8825834748E-15 -5.8841820305E-15 -1.2212453271E-14
HessDelSqRho_EigVals =  1.5387401352E+01  2.2031007526E+01  1.4841118194E+02
HessDelSqRho_EigVec1 = -7.0316896539E-01  7.1098831286E-01  7.0017912802E-03
HessDelSqRho_EigVec2 =  5.5987244273E-01  5.5973153043E-01 -6.1093654475E-01
HessDelSqRho_EigVec3 =  4.3828786657E-01  4.2567150810E-01  7.9164860463E-01
</CP of DelSqRho>
<CP of DelSqRho>
CP# = 16      
Type = (3,+3)
Coords =  3.21764765308615E+00  3.24032364914424E+00 -5.69968081013317E-01
DistFromNuc =  7.1681303932E-01
Rho =  7.6814874255E-01
DelSqRho = -3.2827735720E+00
GradDelSqRho = -5.5511151231E-15 -4.5519144010E-15  1.5099033135E-14
HessDelSqRho_EigVals =  1.5387991358E+01  2.2031811323E+01  1.4841271087E+02
HessDelSqRho_EigVec1 = -7.0316366815E-01  7.1099634810E-01 -6.7118396728E-03
HessDelSqRho_EigVec2 =  5.5958264001E-01  5.5919243935E-01  6.1169525483E-01
HessDelSqRho_EigVec3 = -4.3866630233E-01 -4.2636605021E-01  7.9106502036E-01
</CP of DelSqRho>
<CP of DelSqRho>
CP# = 17      
Type = (3,-3)
Coords =  4.04038390518890E+00  3.21819439269897E+00  3.54773764825891E-04
DistFromNuc =  1.1679024448E+00
Rho =  2.4489502534E-01
DelSqRho =  8.3063657958E-01
GradDelSqRho =  5.1902926401E-15  2.7755575616E-15  1.3269956965E-16
HessDelSqRho_EigVals = -1.7853814073E+01 -1.8926152180E+00 -2.7166633993E-01
HessDelSqRho_EigVec1 =  9.7544865264E-01  2.2022671953E-01  3.4362191778E-04
HessDelSqRho_EigVec2 = -2.4645688438E-04 -4.6867988599E-04  9.9999985980E-01
HessDelSqRho_EigVec3 = -2.2022684970E-01  9.7544860057E-01  4.0289677216E-04
</CP of DelSqRho>
<CP of DelSqRho>
CP# = 18      
Type = (3,-3)
Coords =  3.17811853362128E+00  4.07029689074825E+00  5.22369839364433E-04
DistFromNuc =  1.1661456232E+00
Rho =  2.4441827961E-01
DelSqRho =  8.3236396932E-01
GradDelSqRho = -1.1657341759E-15 -4.9127368840E-15  6.2409387554E-18
HessDelSqRho_EigVals = -1.7966609735E+01 -1.8134959070E+00 -2.7359807507E-01
HessDelSqRho_EigVec1 =  2.0995620560E-01  9.7771066731E-01  4.9270267926E-04
HessDelSqRho_EigVec2 = -2.6666529487E-04 -4.4667056801E-04  9.9999986469E-01
HessDelSqRho_EigVec3 =  9.7771075509E-01 -2.0995630858E-01  1.6694024578E-04
</CP of DelSqRho>
<CP of DelSqRho>
CP# = 19      
Type = (3,-3)
Coords =  2.62589168329805E+00  2.63397249801323E+00  1.07496785541304E+00
DistFromNuc =  1.1515238857E+00
Rho =  2.4409259659E-01
DelSqRho =  8.2295390000E-01
GradDelSqRho = -1.3183898417E-15 -2.3592239273E-16 -7.4940054162E-16
HessDelSqRho_EigVals = -1.7684482188E+01 -1.7097055372E+00 -3.3882408743E-01
HessDelSqRho_EigVec1 = -2.6873624649E-01 -2.8540996863E-01  9.1995759665E-01
HessDelSqRho_EigVec2 =  6.5219473337E-01  6.4892384348E-01  3.9184164547E-01
HessDelSqRho_EigVec3 =  7.0881793120E-01 -7.0529355248E-01 -1.1753520442E-02
</CP of DelSqRho>
<CP of DelSqRho>
CP# = 20      
Type = (3,-3)
Coords =  2.62636309547587E+00  2.63492433368977E+00 -1.07545438141629E+00
DistFromNuc =  1.1515111513E+00
Rho =  2.4408762099E-01
DelSqRho =  8.2299181942E-01
GradDelSqRho = -5.8980598183E-16 -8.5348395018E-16 -2.7755575616E-16
HessDelSqRho_EigVals = -1.7685925411E+01 -1.7092697340E+00 -3.3882450333E-01
HessDelSqRho_EigVec1 =  2.6833407744E-01  2.8459673736E-01  9.2032685496E-01
HessDelSqRho_EigVec2 =  6.5238204150E-01  6.4925362521E-01 -3.9098261097E-01
HessDelSqRho_EigVec3 =  7.0879792241E-01 -7.0531867070E-01  1.1448927981E-02
</CP of DelSqRho>
<CP of DelSqRho>
CP# = 21      
Type = (3,+1)
Coords =  1.88532600343120E+00  2.25703359941616E+00 -3.86506789937089E-04
DistFromNuc =  1.2268118104E+00
Rho =  2.3966556662E-01
DelSqRho =  5.2720301340E-01
GradDelSqRho =  8.4848794657E-14  4.5657921888E-14  4.5014718949E-17
HessDelSqRho_EigVals = -1.3461224862E+01  1.3208337101E-01  4.9904645407E-01
HessDelSqRho_EigVec1 =  8.3387691621E-01  5.5195038145E-01  2.5502987008E-04
HessDelSqRho_EigVec2 = -5.5195043336E-01  8.3387689023E-01  2.2596899663E-04
HessDelSqRho_EigVec3 = -8.7939841091E-05 -3.2919417738E-04  9.9999994195E-01
</CP of DelSqRho>
<CP of DelSqRho>
CP# = 22      
Type = (3,-1)
Coords =  2.32997803473464E+00  3.68394764774847E+00  7.07001575817432E-01
DistFromNuc =  1.1799357846E+00
Rho =  2.3824045708E-01
DelSqRho =  7.3132092003E-01
GradDelSqRho =  2.6367796835E-15 -3.4555691641E-15 -1.3322676296E-15
HessDelSqRho_EigVals = -1.7087153478E+01 -1.2685508195E+00  2.6189336983E-01
HessDelSqRho_EigVec1 = -5.1549285981E-01  6.2857878941E-01  5.8237085863E-01
HessDelSqRho_EigVec2 =  8.2002078623E-01  1.6464828642E-01  5.4813944570E-01
HessDelSqRho_EigVec3 =  2.4866246527E-01  7.6011817981E-01 -6.0032268913E-01
</CP of DelSqRho>
<CP of DelSqRho>
CP# = 23      
Type = (3,-1)
Coords =  3.68015853542735E+00  2.35975066842464E+00  6.80699098961223E-01
DistFromNuc =  1.1803676940E+00
Rho =  2.3799449468E-01
DelSqRho =  7.3331511049E-01
GradDelSqRho =  2.0580759319E-14 -8.5556561835E-15  1.0852430066E-14
HessDelSqRho_EigVals = -1.7183923483E+01 -1.1923360921E+00  2.5068681017E-01
HessDelSqRho_EigVec1 =  6.5023048835E-01 -5.1443012942E-01  5.5907240494E-01
HessDelSqRho_EigVec2 = -1.5426757254E-01 -8.0994702116E-01 -5.6585098655E-01
HessDelSqRho_EigVec3 =  7.4390982524E-01  2.8168682054E-01 -6.0601213441E-01
</CP of DelSqRho>
<CP of DelSqRho>
CP# = 24      
Type = (3,-1)
Coords =  2.33033124390841E+00  3.68465927747056E+00 -7.06637153242216E-01
DistFromNuc =  1.1799301719E+00
Rho =  2.3823731594E-01
DelSqRho =  7.3135178573E-01
GradDelSqRho = -3.6082248300E-16  1.7763568394E-15 -1.7208456882E-15
HessDelSqRho_EigVals = -1.7088117969E+01 -1.2683935922E+00  2.6184801243E-01
HessDelSqRho_EigVec1 = -5.1520268263E-01  6.2917065046E-01 -5.8198839200E-01
HessDelSqRho_EigVec2 = -8.2025873079E-01 -1.6509786595E-01  5.4764797929E-01
HessDelSqRho_EigVec3 =  2.4847899382E-01  7.5953076782E-01  6.0114158263E-01
</CP of DelSqRho>
<CP of DelSqRho>
CP# = 25      
Type = (3,-1)
Coords =  3.68054443799247E+00  2.36035971633821E+00 -6.80879830855844E-01
DistFromNuc =  1.1803641023E+00
Rho =  2.3799177155E-01
DelSqRho =  7.3333747218E-01
GradDelSqRho =  2.8671509611E-14 -1.4550860516E-14 -1.9900747716E-14
HessDelSqRho_EigVals = -1.7184567310E+01 -1.1922789686E+00  2.5065925812E-01
HessDelSqRho_EigVec1 =  6.5055048593E-01 -5.1393116502E-01 -5.5915903183E-01
HessDelSqRho_EigVec2 = -1.5452313131E-01 -8.1042589657E-01  5.6509509647E-01
HessDelSqRho_EigVec3 = -7.4357694097E-01 -2.8121988511E-01 -6.0663721372E-01
</CP of DelSqRho>
<CP of DelSqRho>
CP# = 26      
Type = (3,+1)
Coords =  3.39950058516584E+00  3.42359282207991E+00  9.30014121766891E-01
DistFromNuc =  1.1598192990E+00
Rho =  4.1326689011E-01
DelSqRho = -9.7656087574E-01
GradDelSqRho =  1.9076198954E-12  1.5944329190E-12  2.9085345243E-12
HessDelSqRho_EigVals = -3.1698444764E+01  1.5080425605E+01  1.5530749871E+01
HessDelSqRho_EigVec1 =  4.2091373362E-01  4.1742189336E-01  8.0535122263E-01
HessDelSqRho_EigVec2 = -7.2178703190E-01  6.9186420227E-01  1.8638835816E-02
HessDelSqRho_EigVec3 =  5.4941342306E-01  5.8913741059E-01 -5.9250485399E-01
</CP of DelSqRho>
<CP of DelSqRho>
CP# = 27      
Type = (3,+1)
Coords =  3.39996700505185E+00  3.42442644392829E+00 -9.29434401543237E-01
DistFromNuc =  1.1598152618E+00
Rho =  4.1327336237E-01
DelSqRho = -9.7664023528E-01
GradDelSqRho =  2.0806828482E-12  1.7461171398E-12 -3.1703251135E-12
HessDelSqRho_EigVals = -3.1700292529E+01  1.5081416196E+01  1.5531891261E+01
HessDelSqRho_EigVec1 = -4.2132285481E-01 -4.1814914836E-01  8.0475980376E-01
HessDelSqRho_EigVec2 = -7.2176070033E-01  6.9189906481E-01 -1.8362341141E-02
HessDelSqRho_EigVec3 =  5.4913435831E-01  5.8858047355E-01  5.9331651139E-01
</CP of DelSqRho>
<CP of DelSqRho>
CP# = 28      
Type = (3,-1)
Coords =  3.74535764388835E+00  3.76433039862227E+00  5.29039160002861E-04
DistFromNuc =  1.1784387325E+00
Rho =  2.5066956891E-01
DelSqRho =  8.1233125651E-01
GradDelSqRho = -4.4506065500E-14  4.3437475838E-14  5.7191664599E-17
HessDelSqRho_EigVals = -1.6504049906E+01 -3.7647216632E+00  2.1674616228E-01
HessDelSqRho_EigVec1 =  7.1074599368E-01  7.0344856724E-01  4.9569435900E-04
HessDelSqRho_EigVec2 = -2.5157880445E-04 -4.5047453420E-04  9.9999986689E-01
HessDelSqRho_EigVec3 = -7.0344869690E-01  7.1074602378E-01  1.4320022090E-04
</CP of DelSqRho>
<Path of -GradDelSqRho>
Starting CP# =      3
Ending CP# =      0
Number of Points =     23
  3.0170229362E+00  3.0648113497E+00  3.4722067247E-05  2.2274721371E+01  1.2349981798E+03
  3.0332523003E+00  3.0838273314E+00  4.7969150345E-05  1.5409518799E+01  1.1548469711E+03
  3.0494803243E+00  3.1028444570E+00  6.1216597115E-05  1.0748660025E+01  9.8596540325E+02
  3.0657080903E+00  3.1218618026E+00  7.4464375957E-05  7.5941715383E+00  7.7825498786E+02
  3.0819350757E+00  3.1408798143E+00  8.7712601691E-05  5.4669993088E+00  5.7840720024E+02
  3.0981604741E+00  3.1598991799E+00  1.0096152100E-04  4.0333545231E+00  4.1511232867E+02
  3.1143834818E+00  3.1789205849E+00  1.1421150324E-04  3.0648003290E+00  2.9319600580E+02
  3.1306033923E+00  3.1979446309E+00  1.2746303993E-04  2.4079433619E+00  2.0535891532E+02
  3.1468196903E+00  3.2169717563E+00  1.4071674739E-04  1.9603417978E+00  1.4238952551E+02
  3.1630320365E+00  3.2360022490E+00  1.5397341959E-04  1.6531710006E+00  9.7137780864E+01
  3.1792401297E+00  3.2550363641E+00  1.6723417566E-04  1.4398109275E+00  6.4777517640E+01
  3.1954435624E+00  3.2740744466E+00  1.8050071303E-04  1.2886044161E+00  4.2003839068E+01
  3.2116417552E+00  3.2931169877E+00  1.9377568698E-04  1.1781838864E+00  2.6358528822E+01
  3.2278339725E+00  3.3121646100E+00  2.0706329069E-04  1.0943098674E+00  1.5901306585E+01
  3.2440194139E+00  3.3312179903E+00  2.2037017670E-04  1.0276422031E+00  9.0972951274E+00
  3.2601973996E+00  3.3502777016E+00  2.3370695772E-04  9.7214699329E-01  4.7753539479E+00
  3.2763677013E+00  3.3693439323E+00  2.4709073980E-04  9.2397187150E-01  2.0856746100E+00
  3.2925310878E+00  3.3884160259E+00  2.6054976566E-04  8.8067335386E-01  4.4232628763E-01
  3.3086902081E+00  3.4074917342E+00  2.7413337939E-04  8.4070306465E-01 -5.4037955501E-01
  3.3248513151E+00  3.4265657590E+00  2.8793896933E-04  8.0307675444E-01 -1.1066111668E+00
  3.3410296719E+00  3.4456251510E+00  3.0221231190E-04  7.6716674775E-01 -1.4065704042E+00
  3.3572855693E+00  3.4646183518E+00  3.1806019078E-04  7.3257470286E-01 -1.5314506192E+00
  3.3677377273E+00  3.4729040047E+00  3.8890989308E-04  7.1491614748E-01 -1.5467967646E+00
</Path of -GradDelSqRho>
<Path of -GradDelSqRho>
Starting CP# =      3
Ending CP# =      1
Number of Points =      7
  3.0170229362E+00  3.0648113497E+00  3.4722067247E-05  2.2274721371E+01  1.2349981798E+03
  3.0007901687E+00  3.0457982731E+00  2.1475303850E-05  3.2418537795E+01  9.9491387785E+02
  2.9845543489E+00  3.0267878028E+00  8.2286844543E-06  4.7513070089E+01 -7.1440861137E+02
  2.9683171603E+00  3.0077785017E+00 -5.0178988950E-06  6.9916480419E+01 -6.1728638523E+03
  2.9520790333E+00  2.9887700021E+00 -1.8264489435E-05  1.0312223301E+02 -1.9868473946E+04
  2.9358392742E+00  2.9697628968E+00 -3.1511161067E-05  1.5292476116E+02 -7.2687164104E+04
  2.9070646862E+00  2.9360904728E+00 -5.4980396575E-05  2.9765505369E+02 -3.3332819717E+06
</Path of -GradDelSqRho>
<Path of -GradDelSqRho>
Starting CP# =     10
Ending CP# =     15
Number of Points =     24
  2.7020735645E+00  3.4341504616E+00  4.2805750536E-01  7.6373081432E-01 -2.2779392684E+00
  2.7219493642E+00  3.4342075426E+00  4.3910723973E-01  7.6195127265E-01 -2.2812503089E+00
  2.7440173752E+00  3.4335155230E+00  4.5083122566E-01  7.6035191691E-01 -2.2925308002E+00
  2.7662854946E+00  3.4320420157E+00  4.6209570362E-01  7.5911454987E-01 -2.3117364591E+00
  2.7887240152E+00  3.4297970144E+00  4.7288470413E-01  7.5822276133E-01 -2.3386754481E+00
  2.8113034016E+00  3.4267908516E+00  4.8318348632E-01  7.5765600305E-01 -2.3730336986E+00
  2.8339943300E+00  3.4230339809E+00  4.9297833431E-01  7.5738989652E-01 -2.4143698497E+00
  2.8567676768E+00  3.4185367519E+00  5.0225634805E-01  7.5739660099E-01 -2.4621129242E+00
  2.8795944594E+00  3.4133091873E+00  5.1100522685E-01  7.5764524625E-01 -2.5155632161E+00
  2.9024457267E+00  3.4073607671E+00  5.1921304935E-01  7.5810243568E-01 -2.5738967597E+00
  2.9252923973E+00  3.4007002200E+00  5.2686805425E-01  7.5873282620E-01 -2.6361736056E+00
  2.9481050426E+00  3.3933353207E+00  5.3395842686E-01  7.5949979185E-01 -2.7013499850E+00
  2.9708536071E+00  3.3852726908E+00  5.4047209819E-01  7.6036617704E-01 -2.7682942772E+00
  2.9935070595E+00  3.3765175993E+00  5.4639656798E-01  7.6129514269E-01 -2.8358065506E+00
  3.0160329590E+00  3.3670737570E+00  5.5171877134E-01  7.6225110278E-01 -2.9026413084E+00
  3.0383969215E+00  3.3569430987E+00  5.5642502458E-01  7.6320073849E-01 -2.9675329570E+00
  3.0605619591E+00  3.3461255404E+00  5.6050111311E-01  7.6411405994E-01 -3.0292234142E+00
  3.0824876588E+00  3.3346186866E+00  5.6393263191E-01  7.6496545848E-01 -3.0864911910E+00
  3.1041291420E+00  3.3224174259E+00  5.6670577165E-01  7.6573465172E-01 -3.1381811887E+00
  3.1254356846E+00  3.3095132551E+00  5.6880889701E-01  7.6640736590E-01 -3.1832343596E+00
  3.1463486974E+00  3.2958929165E+00  5.7023557856E-01  7.6697552655E-01 -3.2207162762E+00
  3.1667981559E+00  3.2815351664E+00  5.7099053355E-01  7.6743664834E-01 -3.2498435678E+00
  3.1866941910E+00  3.2664017887E+00  5.7110263964E-01  7.6779204218E-01 -3.2700071973E+00
  3.2173697957E+00  3.2398190830E+00  5.7027907102E-01  7.6814365819E-01 -3.2826689735E+00
</Path of -GradDelSqRho>
<Path of -GradDelSqRho>
Starting CP# =     10
Ending CP# =      0
Number of Points =     50
  2.7020735645E+00  3.4341504616E+00  4.2805750536E-01  7.6373081432E-01 -2.2779392684E+00
  2.6824707167E+00  3.4334409219E+00  4.1668943253E-01  7.6581513725E-01 -2.2812125805E+00
  2.6611275530E+00  3.4318903626E+00  4.0376696291E-01  7.6847964131E-01 -2.2923281199E+00
  2.6400977500E+00  3.4295274020E+00  3.9045952121E-01  7.7152705156E-01 -2.3111238833E+00
  2.6194101888E+00  3.4263465072E+00  3.7679093980E-01  7.7495140988E-01 -2.3373258200E+00
  2.5990930375E+00  3.4223434457E+00  3.6278695634E-01  7.7874196961E-01 -2.3705925242E+00
  2.5791735521E+00  3.4175153322E+00  3.4847523021E-01  7.8288329083E-01 -2.4105247019E+00
  2.5596778842E+00  3.4118606145E+00  3.3388534755E-01  7.8735540332E-01 -2.4566738374E+00
  2.5406309105E+00  3.4053790059E+00  3.1904881546E-01  7.9213403987E-01 -2.5085499757E+00
  2.5220560935E+00  3.3980713642E+00  3.0399905420E-01  7.9719094121E-01 -2.5656286362E+00
  2.5039753833E+00  3.3899395245E+00  2.8877139805E-01  8.0249423283E-01 -2.6273569494E+00
  2.4864091658E+00  3.3809860920E+00  2.7340311673E-01  8.0800887213E-01 -2.6931591774E+00
  2.4693762624E+00  3.3712142048E+00  2.5793346973E-01  8.1369716244E-01 -2.7624418154E+00
  2.4528939838E+00  3.3606272811E+00  2.4240380545E-01  8.1951932875E-01 -2.8345984953E+00
  2.4369782371E+00  3.3492287644E+00  2.2685771606E-01  8.2543414765E-01 -2.9090149110E+00
  2.4216436844E+00  3.3370218860E+00  2.1134125714E-01  8.3139962214E-01 -2.9850739662E+00
  2.4069039513E+00  3.3240094656E+00  1.9590323749E-01  8.3737369033E-01 -3.0621613126E+00
  2.3927718806E+00  3.3101937750E+00  1.8059558027E-01  8.4331495505E-01 -3.1396713957E+00
  2.3792598269E+00  3.2955764956E+00  1.6547374840E-01  8.4918342020E-01 -3.2170140693E+00
  2.3663799892E+00  3.2801588058E+00  1.5059721652E-01  8.5494121829E-01 -3.2936217727E+00
  2.3541447763E+00  3.2639416430E+00  1.3602995418E-01  8.6055331216E-01 -3.3689571883E+00
  2.3425671986E+00  3.2469261949E+00  1.2184086010E-01  8.6598815215E-01 -3.4425212157E+00
  2.3316612762E+00  3.2291146790E+00  1.0810405142E-01  8.7121826755E-01 -3.5138610041E+00
  2.3214424441E+00  3.2105114716E+00  9.4898863533E-02  8.7622076760E-01 -3.5825776821E+00
  2.3119279242E+00  3.1911246333E+00  8.2309357667E-02  8.8097772237E-01 -3.6483333042E+00
  2.3031370106E+00  3.1709678310E+00  7.0423072127E-02  8.8547638924E-01 -3.7108564224E+00
  2.2950911988E+00  3.1500625788E+00  5.9328713014E-02  8.8970924620E-01 -3.7699455869E+00
  2.2878140667E+00  3.1284405775E+00  4.9112499275E-02  8.9367379504E-01 -3.8254700551E+00
  2.2813308197E+00  3.1061457647E+00  3.9853011335E-02  8.9737210841E-01 -3.8773670850E+00
  2.2756674492E+00  3.0832355210E+00  3.1614690924E-02  9.0081012151E-01 -3.9256355022E+00
  2.2708495384E+00  3.0597804314E+00  2.4440599799E-02  9.0399671209E-01 -3.9703257836E+00
  2.2669008738E+00  3.0358621713E+00  1.8345557807E-02  9.0694266412E-01 -4.0115276345E+00
  2.2638421327E+00  3.0115695303E+00  1.3311120797E-02  9.0965965333E-01 -4.0493567346E+00
  2.2616899513E+00  2.9869931927E+00  9.2837795698E-03  9.1215940280E-01 -4.0839426798E+00
  2.2604565874E+00  2.9622203808E+00  6.1771750514E-03  9.1445312119E-01 -4.1154198971E+00
  2.2601502014E+00  2.9373305752E+00  3.8782244013E-03  9.1655126219E-01 -4.1439224861E+00
  2.2607755745E+00  2.9123931581E+00  2.2562155804E-03  9.1846356141E-01 -4.1695828359E+00
  2.2623349736E+00  2.8874671727E+00  1.1734564194E-03  9.2019924764E-01 -4.1925329475E+00
  2.2648288875E+00  2.8626027693E+00  4.9599583811E-04  9.2176731004E-01 -4.2129069661E+00
  2.2682564788E+00  2.8378435453E+00  1.0309248402E-04  9.2317672490E-01 -4.2308435574E+00
  2.2726157406E+00  2.8132289680E+00 -1.0568906822E-04  9.2443659070E-01 -4.2464872609E+00
  2.2779034506E+00  2.7887963105E+00 -2.0663401039E-04  9.2555616365E-01 -4.2599885528E+00
  2.2841150459E+00  2.7645818776E+00 -2.5174367482E-04  9.2654481614E-01 -4.2715028116E+00
  2.2912445069E+00  2.7406216042E+00 -2.7204946688E-04  9.2741194935E-01 -4.2811885840E+00
  2.2992842827E+00  2.7169512480E+00 -2.8321251324E-04  9.2816688682E-01 -4.2892055284E+00
  2.3082252518E+00  2.6936063887E+00 -2.9160604580E-04  9.2881876419E-01 -4.2957122820E+00
  2.3180567022E+00  2.6706223601E+00 -2.9918419098E-04  9.2937642216E-01 -4.3008643703E+00
  2.3287663213E+00  2.6480341623E+00 -3.0635232741E-04  9.2984830496E-01 -4.3048122100E+00
  2.3404870001E+00  2.6259871134E+00 -3.1307111474E-04  9.3055699094E-01 -4.3076913886E+00
  2.3409682046E+00  2.6236285837E+00 -3.1396945126E-04  9.2935375940E-01 -4.3078686231E+00
</Path of -GradDelSqRho>
<Path of -GradDelSqRho>
Starting CP# =     11
Ending CP# =     16
Number of Points =     24
  2.7022697282E+00  3.4345275727E+00 -4.2781788668E-01  7.6373454220E-01 -2.2779730426E+00
  2.7221504395E+00  3.4345947015E+00 -4.3885815231E-01  7.6195498090E-01 -2.2812840028E+00
  2.7442239344E+00  3.4339133744E+00 -4.5057243682E-01  7.6035558315E-01 -2.2925644310E+00
  2.7664973407E+00  3.4324501695E+00 -4.6182780152E-01  7.5911818202E-01 -2.3117700941E+00
  2.7889409439E+00  3.4302150658E+00 -4.7260828173E-01  7.5822636924E-01 -2.3387092014E+00
  2.8115252022E+00  3.4272183825E+00 -4.8289914115E-01  7.5765959831E-01 -2.3730677346E+00
  2.8342207855E+00  3.4234705607E+00 -4.9268666838E-01  7.5739349219E-01 -2.4144043856E+00
  2.8569985643E+00  3.4189819385E+00 -5.0195796798E-01  7.5740021129E-01 -2.4621482302E+00
  2.8798295504E+00  3.4137625273E+00 -5.1070074427E-01  7.5764888624E-01 -2.5155996149E+00
  2.9026847873E+00  3.4078217967E+00 -5.1890308151E-01  7.5810612087E-01 -2.5739346230E+00
  2.9255351884E+00  3.4011684649E+00 -5.2655322494E-01  7.5873657211E-01 -2.6362133492E+00
  2.9483513197E+00  3.3938102961E+00 -5.3363936757E-01  7.5950361347E-01 -2.7013920612E+00
  2.9711031205E+00  3.3857539015E+00 -5.4014944959E-01  7.6037008834E-01 -2.7683391655E+00
  2.9937595542E+00  3.3770045391E+00 -5.4607098178E-01  7.6129915598E-01 -2.8358547463E+00
  3.0162881748E+00  3.3675659082E+00 -5.5139091246E-01  7.6225522806E-01 -2.9026933091E+00
  3.0386545925E+00  3.3574399318E+00 -5.5609557375E-01  7.6320498279E-01 -2.9675892477E+00
  3.0608218141E+00  3.3466265133E+00 -5.6017076994E-01  7.6411842669E-01 -3.0292844514E+00
  3.0827494215E+00  3.3351232444E+00 -5.6360211838E-01  7.6496994700E-01 -3.0865573854E+00
  3.1043925314E+00  3.3229250008E+00 -5.6637583630E-01  7.6573925686E-01 -3.1382528879E+00
  3.1257004167E+00  3.3100232685E+00 -5.6848031980E-01  7.6641207800E-01 -3.1833118317E+00
  3.1466144879E+00  3.2964047832E+00 -5.6990917714E-01  7.6698033198E-01 -3.2207996934E+00
  3.1670647272E+00  3.2820483053E+00 -5.7066717233E-01  7.6744153065E-01 -3.2499329934E+00
  3.1869612883E+00  3.2669156488E+00 -5.7078324596E-01  7.6779698424E-01 -3.2701025745E+00
  3.2176476531E+00  3.2403236491E+00 -5.6996808101E-01  7.6814874255E-01 -3.2827735720E+00
</Path of -GradDelSqRho>
<Path of -GradDelSqRho>
Starting CP# =     11
Ending CP# =      0
Number of Points =     50
  2.7022697282E+00  3.4345275727E+00 -4.2781788668E-01  7.6373454220E-01 -2.2779730426E+00
  2.6826618417E+00  3.4338077352E+00 -4.1645974174E-01  7.6581887845E-01 -2.2812462623E+00
  2.6613126737E+00  3.4322454895E+00 -4.0354860311E-01  7.6848342620E-01 -2.2923616657E+00
  2.6402767007E+00  3.4298705201E+00 -3.9025305627E-01  7.7153087936E-01 -2.3111572331E+00
  2.6195828142E+00  3.4266773156E+00 -3.7659692557E-01  7.7495527740E-01 -2.3373588934E+00
  2.5992591932E+00  3.4226616664E+00 -3.6260593984E-01  7.7874587129E-01 -2.3706252257E+00
  2.5793331052E+00  3.4178207118E+00 -3.4830774890E-01  7.8288721871E-01 -2.4105569253E+00
  2.5598307145E+00  3.4121529262E+00 -3.3373192861E-01  7.8735934720E-01 -2.4567054693E+00
  2.5407769110E+00  3.4056580502E+00 -3.1890997526E-01  7.9213798740E-01 -2.5085808996E+00
  2.5221951714E+00  3.3983369712E+00 -3.0387529792E-01  7.9719487809E-01 -2.5656587346E+00
  2.5041074608E+00  3.3901915549E+00 -2.8866321943E-01  8.0249814306E-01 -2.6273861070E+00
  2.4865341811E+00  3.3812244388E+00 -2.7331099810E-01  8.0801273830E-01 -2.6931872830E+00
  2.4694941711E+00  3.3714387952E+00 -2.5785788216E-01  8.1370096608E-01 -2.7624687640E+00
  2.4530047594E+00  3.3608380777E+00 -2.4234520913E-01  8.1952305072E-01 -2.8346241897E+00
  2.4370818724E+00  3.3494257674E+00 -2.2681656088E-01  8.2543776854E-01 -2.9090392638E+00
  2.4217401930E+00  3.3372051352E+00 -2.1131798328E-01  8.3140312275E-01 -2.9850969019E+00
  2.4069933690E+00  3.3241790427E+00 -1.9589827620E-01  8.3737705214E-01 -3.0621827690E+00
  2.3928542671E+00  3.3103498066E+00 -1.8060935447E-01  8.4331816065E-01 -3.1396913260E+00
  2.3793352674E+00  3.2957191566E+00 -1.6550667325E-01  8.4918645379E-01 -3.2170324442E+00
  2.3664485970E+00  3.2802883225E+00 -1.5064969954E-01  8.5494406611E-01 -3.2936385819E+00
  2.3542066947E+00  3.2640582981E+00 -1.3610239494E-01  8.6055596288E-01 -3.3689724421E+00
  2.3426226035E+00  3.2470303316E+00 -1.2193364908E-01  8.6599059721E-01 -3.4425349459E+00
  2.3317103785E+00  3.2292067063E+00 -1.0821756778E-01  8.7122050149E-01 -3.5138732646E+00
  2.3214854926E+00  3.2105918693E+00 -9.5033471479E-02  8.7622278819E-01 -3.5825885478E+00
  2.3119652073E+00  3.1911939564E+00 -8.2465401011E-02  8.8097953077E-01 -3.6483428700E+00
  2.3031688582E+00  3.1710267132E+00 -7.0600866781E-02  8.8547798995E-01 -3.7108647995E+00
  2.2951179823E+00  3.1501117332E+00 -5.9528537322E-02  8.8971064695E-01 -3.7699528987E+00
  2.2878361978E+00  3.1284807943E+00 -4.9334582430E-02  8.9367500651E-01 -3.8254764313E+00
  2.2813487462E+00  3.1061779030E+00 -4.0097520655E-02  8.9737314384E-01 -3.8773726555E+00
  2.2756816480E+00  3.0832604953E+00 -3.1881719379E-02  9.0081099618E-01 -3.9256403901E+00
  2.2708605053E+00  3.0597991907E+00 -2.4730155704E-02  9.0399744270E-01 -3.9703300993E+00
  2.2669091104E+00  3.0358756726E+00 -1.8657558691E-02  9.0694326817E-01 -4.0115314714E+00
  2.2638481308E+00  3.0115787084E+00 -1.3645392964E-02  9.0966014847E-01 -4.0493601672E+00
  2.2616941770E+00  2.9869989288E+00 -9.6400637110E-03  9.1215980621E-01 -4.0839457640E+00
  2.2604594664E+00  2.9622234749E+00 -6.5551368709E-03  9.1445344900E-01 -4.1154226731E+00
  2.2601521069E+00  2.9373317246E+00 -4.2774681092E-03  9.1655152908E-01 -4.1439249820E+00
  2.2607768193E+00  2.9123929442E+00 -2.6762977128E-03  9.1846378018E-01 -4.1695850717E+00
  2.2623358072E+00  2.8874660570E+00 -1.6138978034E-03  9.2019942904E-01 -4.1925349388E+00
  2.2648294973E+00  2.8626010982E+00 -9.5629037428E-04  9.2176746263E-01 -4.2129087266E+00
  2.2682569965E+00  2.8378415622E+00 -5.8271238216E-04  9.2317685517E-01 -4.2308451003E+00
  2.2726162513E+00  2.8132268317E+00 -3.9270882195E-04  9.2443670329E-01 -4.2464885997E+00
  2.2779040039E+00  2.7887941149E+00 -3.0997480265E-04  9.2555626172E-01 -4.2599897016E+00
  2.2841156672E+00  2.7645796730E+00 -2.8248798029E-04  9.2654490176E-01 -4.2715037848E+00
  2.2912452068E+00  2.7406194147E+00 -2.7919435354E-04  9.2741202394E-01 -4.2811893962E+00
  2.2992850646E+00  2.7169490842E+00 -2.8440898725E-04  9.2816695144E-01 -4.2892061944E+00
  2.3082261160E+00  2.6936042561E+00 -2.9173430801E-04  9.2881881973E-01 -4.2957128162E+00
  2.3180576477E+00  2.6706202622E+00 -2.9919199634E-04  9.2937646942E-01 -4.3008647868E+00
  2.3287673471E+00  2.6480321025E+00 -3.0635311864E-04  9.2984834468E-01 -4.3048125224E+00
  2.3399890871E+00  2.6258000130E+00 -3.1326623438E-04  9.2964436579E-01 -4.3076705181E+00
  2.3417463570E+00  2.6244865705E+00 -3.1342240008E-04  9.3124529010E-01 -4.3078279138E+00
</Path of -GradDelSqRho>
<Path of -GradDelSqRho>
Starting CP# =     12
Ending CP# =     15
Number of Points =     24
  3.4081333817E+00  2.7348261674E+00  4.2467194255E-01  7.6818797650E-01 -2.3259682906E+00
  3.4080537726E+00  2.7544333688E+00  4.3570873795E-01  7.6637106432E-01 -2.3291712414E+00
  3.4072155443E+00  2.7764323572E+00  4.4755230817E-01  7.6469453552E-01 -2.3402397102E+00
  3.4055971250E+00  2.7986284669E+00  4.5893838189E-01  7.6336639821E-01 -2.3591304243E+00
  3.4032085349E+00  2.8209922989E+00  4.6985093476E-01  7.6237024585E-01 -2.3856423406E+00
  3.4000600720E+00  2.8434946046E+00  4.8027515651E-01  7.6168556440E-01 -2.4194490956E+00
  3.3961620974E+00  2.8661063203E+00  4.9019724203E-01  7.6128804911E-01 -2.4600943992E+00
  3.3915248124E+00  2.8887985513E+00  4.9960417830E-01  7.6114998322E-01 -2.5069903287E+00
  3.3861580376E+00  2.9115425060E+00  5.0848352493E-01  7.6124068320E-01 -2.5594189788E+00
  3.3800709995E+00  2.9343093804E+00  5.1682319169E-01  7.6152701612E-01 -2.6165378050E+00
  3.3732721221E+00  2.9570701882E+00  5.2461121759E-01  7.6197399579E-01 -2.6773888554E+00
  3.3657688243E+00  2.9797955352E+00  5.3183555670E-01  7.6254546416E-01 -2.7409119278E+00
  3.3575673189E+00  3.0024553274E+00  5.3848387830E-01  7.6320486348E-01 -2.8059615275E+00
  3.3486724089E+00  3.0250184072E+00  5.4454339416E-01  7.6391610147E-01 -2.8713273528E+00
  3.3390872756E+00  3.0474520994E+00  5.5000073570E-01  7.6464450515E-01 -2.9357579000E+00
  3.3288132504E+00  3.0697216484E+00  5.5484192192E-01  7.6535784772E-01 -2.9979866686E+00
  3.3178495531E+00  3.0917895181E+00  5.5905249103E-01  7.6602741370E-01 -3.0567603523E+00
  3.3061929644E+00  3.1136145090E+00  5.6261792491E-01  7.6662903801E-01 -3.1108683153E+00
  3.2938373470E+00  3.1351506168E+00  5.6552459620E-01  7.6714400961E-01 -3.1591725708E+00
  3.2807727952E+00  3.1563454603E+00  5.6776166380E-01  7.6755966821E-01 -3.2006373814E+00
  3.2669838209E+00  3.1771378270E+00  5.6932477766E-01  7.6786944229E-01 -3.2343575071E+00
  3.2524447957E+00  3.1974528896E+00  5.7022367971E-01  7.6807198838E-01 -3.2595840628E+00
  3.2371060084E+00  3.2171892391E+00  5.7050074113E-01  7.6816897502E-01 -3.2757470114E+00
  3.2173697957E+00  3.2398190830E+00  5.7027907102E-01  7.6814365819E-01 -3.2826689735E+00
</Path of -GradDelSqRho>
<Path of -GradDelSqRho>
Starting CP# =     12
Ending CP# =      0
Number of Points =     56
  3.4081333817E+00  2.7348261674E+00  4.2467194255E-01  7.6818797650E-01 -2.3259682906E+00
  3.4075749386E+00  2.7154901218E+00  4.1332975750E-01  7.7029132616E-01 -2.3291330019E+00
  3.4061891284E+00  2.6942000560E+00  4.0030139684E-01  7.7298770471E-01 -2.3400403729E+00
  3.4039916663E+00  2.6732185166E+00  3.8688980397E-01  7.7605360786E-01 -2.3585336491E+00
  3.4009766737E+00  2.6525740410E+00  3.7311884570E-01  7.7948322820E-01 -2.3843336237E+00
  3.3971395111E+00  2.6322944514E+00  3.5901432332E-01  7.8326596944E-01 -2.4170910346E+00
  3.3924768288E+00  2.6124066551E+00  3.4460399904E-01  7.8738653893E-01 -2.4563965623E+00
  3.3869865557E+00  2.5929364498E+00  3.2991761207E-01  7.9182510923E-01 -2.5017900886E+00
  3.3806678326E+00  2.5739083492E+00  3.1498688463E-01  7.9655755187E-01 -2.5527691064E+00
  3.3735208916E+00  2.5553454399E+00  2.9984552683E-01  8.0155574504E-01 -2.6087962698E+00
  3.3655468872E+00  2.5372692776E+00  2.8452925153E-01  8.0678795558E-01 -2.6693061568E+00
  3.3567476833E+00  2.5196998307E+00  2.6907581204E-01  8.1221929424E-01 -2.7337113870E+00
  3.3471256106E+00  2.5026554760E+00  2.5352507573E-01  8.1781224051E-01 -2.8014082800E+00
