 AIMInt (Version 19.02.13, Professional)
 Portions Copyright (c) 1997-2019 by Todd A. Keith
 AIMInt is a component of the AIMAll package ( http://aim.tkgristmill.com )

 TP:  64-bit Linux

 Licensed To:  Research Group of Fernando Cortes Guzman, UNAM, fercor@unam.mx

 AIMInt is a heavily modified and extended version of the PROAIMV program
 developed by members of R.F.W. Bader's research group

 Much of the Quantum Theory of Atoms in Molecules (QTAIM) is described in the book:
   "Atoms in Molecules - A Quantum Theory"
   R.F.W. Bader, Oxford University Press, Oxford, 1990

 For additional references see:  http://aim.tkgristmill.com/references.html

 Current Directory:  /home/scratch/M_H2O_4_cuadrado_plano/Opt

 Inp File:  Sc2_cuadrado_plano_cc-pvtz-def2-tzv_5_atomicfiles/o4.inp
 Wfx File:  Sc2_cuadrado_plano_cc-pvtz-def2-tzv_5.wfx
 Out File:  Sc2_cuadrado_plano_cc-pvtz-def2-tzv_5_atomicfiles/o4.int

 Wfx Title:   Sc2_cuadrado_plano_cc-pvtz-def2-tzv_5                                         
 Job Title:   Sc2_cuadrado_plano_cc-pvtz-def2-tzv_5                                         
 
<Atom>
O4      
</Atom>
<Nuclei of Molecule>
    13
Sc1       21.0          -4.6571547084E-05  -2.2718081830E-04   9.4288833671E-05
O2         8.0           2.9070643783E+00   2.9360901520E+00  -5.4980633565E-05
H3         1.0           3.6958121925E+00   3.7181229307E+00  -1.5013680968E+00
O4         8.0           2.9348802329E+00  -2.9074042723E+00  -2.6383316577E-04
H5         1.0           3.7310378654E+00  -3.6820783277E+00  -1.5014822825E+00
O6         8.0          -2.9063852862E+00  -2.9358092222E+00  -4.3604482245E-05
H7         1.0          -3.6947377275E+00  -3.7178449213E+00  -1.5015659296E+00
O8         8.0          -2.9354789880E+00   2.9076953753E+00  -1.8299068181E-04
H9         1.0          -3.7311841912E+00   3.6812168402E+00   1.5018855295E+00
H10        1.0          -3.6942627830E+00  -3.7170445589E+00   1.5021574707E+00
H11        1.0           3.6950596039E+00   3.7167764662E+00   1.5023733262E+00
H12        1.0           3.7301865540E+00  -3.6805366455E+00   1.5022235240E+00
H13        1.0          -3.7315762073E+00   3.6815827502E+00  -1.5018403353E+00
</Nuclei of Molecule>
<Total Number of CPs of DelSqRho>
    28
</Total Number of CPs of DelSqRho>
<Number of (3,+3) CPs of DelSqRho>
     4
</Number of (3,+3) CPs of DelSqRho>
<Number of (3,+1) CPs of DelSqRho>
     8
</Number of (3,+1) CPs of DelSqRho>
<Number of (3,-1) CPs of DelSqRho>
    10
</Number of (3,-1) CPs of DelSqRho>
<Number of (3,-3) CPs of DelSqRho>
     6
</Number of (3,-3) CPs of DelSqRho>
<Number of Degenerate CPs of DelSqRho>
     0
</Number of Degenerate CPs of DelSqRho>
<CP of DelSqRho>
CP# = 1       
Type = (3,+3)
Coords =  2.93488054375043E+00 -2.90740459006649E+00 -2.63832892740773E-04
DistFromNuc =  4.4455567552E-07
Rho =  2.9765492010E+02
DelSqRho = -3.3332805282E+06
GradDelSqRho = -8.7803073257E-06 -2.2028840704E-05  2.6906425976E-09
HessDelSqRho_EigVals =  1.3255569161E+11  1.3255570225E+11  1.3255571360E+11
HessDelSqRho_EigVec1 =  6.7552306781E-01  7.3733883091E-01 -1.8244442652E-04
HessDelSqRho_EigVec2 =  7.3733873803E-01 -6.7552280288E-01  7.2676535627E-04
HessDelSqRho_EigVec3 = -4.1262694776E-04  6.2547010626E-04  9.9999971926E-01
</CP of DelSqRho>
<CP of DelSqRho>
CP# = 2       
Type = (3,-1)
Coords =  1.68180710262908E+00 -1.58208858020116E+00 -4.41564861711389E-05
DistFromNuc =  1.8239117308E+00
Rho =  6.3437659803E-02
DelSqRho =  2.3932808885E-01
GradDelSqRho = -1.4918621893E-16  2.3678975447E-16 -5.4989378936E-18
HessDelSqRho_EigVals = -2.3167710765E-01 -2.0846433639E-01  1.7526440038E+00
HessDelSqRho_EigVec1 =  7.0625250039E-01  7.0795996238E-01  3.1202129387E-04
HessDelSqRho_EigVec2 = -1.8606740547E-04 -2.5511429679E-04  9.9999995015E-01
HessDelSqRho_EigVec3 =  7.0796000669E-01 -7.0625252324E-01 -4.8446836618E-05
</CP of DelSqRho>
<CP of DelSqRho>
CP# = 3       
Type = (3,+1)
Coords =  3.04599529502110E+00 -3.03512827577674E+00 -1.61157679705126E-04
DistFromNuc =  1.6929261250E-01
Rho =  2.2274741573E+01
DelSqRho =  1.2350029483E+03
GradDelSqRho = -1.2295942042E-11  1.0828671293E-11 -2.1999763122E-14
HessDelSqRho_EigVals = -3.9539949777E+05  3.8277314970E+02  2.3459877288E+03
HessDelSqRho_EigVec1 = -6.5606691064E-01  7.5470248505E-01 -6.0648127826E-04
HessDelSqRho_EigVec2 =  7.5470266523E-01  6.5606697327E-01 -1.1698520286E-04
HessDelSqRho_EigVec3 = -3.0960331325E-04  5.3446315775E-04  9.9999980925E-01
</CP of DelSqRho>
<CP of DelSqRho>
CP# = 4       
Type = (3,-3)
Coords =  2.85312813851767E+00 -2.82490200033439E+00 -1.20234870843961E-01
DistFromNuc =  1.6698227358E-01
Rho =  2.2736870079E+01
DelSqRho =  1.2963983486E+03
GradDelSqRho = -3.2116531656E-11  3.5665692621E-11 -5.2498450032E-11
HessDelSqRho_EigVals = -4.5130998274E+05 -2.2774480843E+03 -8.9011521659E+02
HessDelSqRho_EigVec1 =  4.9190919842E-01 -4.9650511250E-01  7.1519788434E-01
HessDelSqRho_EigVec2 = -7.0687330824E-01 -7.0732351540E-01 -4.8549628305E-03
HessDelSqRho_EigVec3 =  5.0828679563E-01 -5.0316609367E-01 -6.9890515492E-01
</CP of DelSqRho>
<CP of DelSqRho>
CP# = 5       
Type = (3,-1)
Coords =  2.81732036053794E+00 -2.78927372957101E+00 -3.57612264358104E-04
DistFromNuc =  1.6665880565E-01
Rho =  2.2855645493E+01
DelSqRho =  1.2941342031E+03
GradDelSqRho = -2.1142199103E-11  9.4857455224E-12  7.1644079558E-15
HessDelSqRho_EigVals = -4.5831073443E+05 -1.7860256219E+03  5.4080988976E+02
HessDelSqRho_EigVec1 = -7.0534424794E-01  7.0886470849E-01 -5.6298202139E-04
HessDelSqRho_EigVec2 =  7.0886487481E-01  7.0534428770E-01 -1.5830957121E-04
HessDelSqRho_EigVec3 = -2.8487608482E-04  5.1074092556E-04  9.9999982899E-01
</CP of DelSqRho>
<CP of DelSqRho>
CP# = 6       
Type = (3,-3)
Coords =  2.85305514568140E+00 -2.82477488427060E+00  1.19569920880652E-01
DistFromNuc =  1.6698230226E-01
Rho =  2.2736864028E+01
DelSqRho =  1.2963979511E+03
GradDelSqRho =  6.7075234256E-12 -1.5667467324E-11 -8.3382190041E-12
HessDelSqRho_EigVals = -4.5130932225E+05 -2.2774312173E+03 -8.9007493940E+02
HessDelSqRho_EigVec1 = -4.9234437349E-01  4.9726293143E-01  7.1437146844E-01
HessDelSqRho_EigVec2 = -7.0687658124E-01 -7.0731798117E-01  5.1742061432E-03
HessDelSqRho_EigVec3 =  5.0786072577E-01 -5.0242497006E-01  6.9974754925E-01
</CP of DelSqRho>
<CP of DelSqRho>
CP# = 7       
Type = (3,+3)
Coords =  2.40796235499989E+00 -2.53353873986702E+00 -5.75736033959039E-04
DistFromNuc =  6.4607892989E-01
Rho =  9.3105226076E-01
DelSqRho = -4.3110234711E+00
GradDelSqRho =  3.7969627442E-14 -4.3631764868E-14  2.5836537770E-16
HessDelSqRho_EigVals =  9.0086620003E-01  2.2403047908E+01  3.1953739551E+02
HessDelSqRho_EigVec1 =  5.7886489113E-01  8.1542343330E-01 -2.4950187696E-04
HessDelSqRho_EigVec2 = -2.5798113382E-04  4.8911773132E-04  9.9999984710E-01
HessDelSqRho_EigVec3 =  8.1542343066E-01 -5.7886473826E-01  4.9349694415E-04
</CP of DelSqRho>
<CP of DelSqRho>
CP# = 8       
Type = (3,-1)
Coords =  2.78337826090344E+00 -2.76432100883679E+00  6.71318345076517E-01
DistFromNuc =  7.0317017138E-01
Rho =  7.0824187745E-01
DelSqRho = -1.4266984825E+00
GradDelSqRho =  1.6653345369E-15  2.7200464103E-15  8.6597395921E-15
HessDelSqRho_EigVals = -1.7321037508E+01 -7.6962436456E+00  1.6520754724E+02
HessDelSqRho_EigVec1 =  6.8255878072E-01 -6.4896907154E-01  3.3608429753E-01
HessDelSqRho_EigVec2 =  6.8908558692E-01  7.2467995331E-01 -1.3848180477E-04
HessDelSqRho_EigVec3 = -2.4346368264E-01  2.3168536739E-01  9.4183189889E-01
</CP of DelSqRho>
<CP of DelSqRho>
CP# = 9       
Type = (3,-1)
Coords =  2.78372457309370E+00 -2.76498313557382E+00 -6.72058296049452E-01
DistFromNuc =  7.0316400223E-01
Rho =  7.0824271476E-01
DelSqRho = -1.4266674903E+00
GradDelSqRho =  3.3306690739E-15 -4.1355807667E-15 -1.4654943925E-14
HessDelSqRho_EigVals = -1.7320402760E+01 -7.6967490237E+00  1.6521361648E+02
HessDelSqRho_EigVec1 =  6.8273251170E-01 -6.4929638098E-01 -3.3509778740E-01
HessDelSqRho_EigVec2 =  6.8908320528E-01  7.2468219752E-01 -2.2089282589E-04
HessDelSqRho_EigVec3 =  2.4298282587E-01 -2.3075944671E-01  9.4218332828E-01
</CP of DelSqRho>
<CP of DelSqRho>
CP# = 10      
Type = (3,+1)
Coords =  2.73470257834652E+00 -3.40739265131138E+00  4.27885487997026E-01
DistFromNuc =  6.8801984985E-01
Rho =  7.6374031846E-01
DelSqRho = -2.2780630809E+00
GradDelSqRho =  1.9872992141E-14  3.8413716652E-14 -3.7747582837E-14
HessDelSqRho_EigVals = -1.2780414795E+01  7.5661953379E+00  1.9134865627E+02
HessDelSqRho_EigVec1 =  8.6954914626E-01 -8.4682415506E-03  4.9377380563E-01
HessDelSqRho_EigVec2 = -3.5780220341E-01  6.7834810873E-01  6.4173314284E-01
HessDelSqRho_EigVec3 =  3.4038487846E-01  7.3469186212E-01 -5.8682706333E-01
</CP of DelSqRho>
<CP of DelSqRho>
CP# = 11      
Type = (3,+1)
Coords =  2.73492210025723E+00 -3.40782348638751E+00 -4.28006554698943E-01
DistFromNuc =  6.8801633739E-01
Rho =  7.6374555358E-01
DelSqRho = -2.2781127799E+00
GradDelSqRho = -2.1094237468E-15  1.2212453271E-14  1.4210854715E-14
HessDelSqRho_EigVals = -1.2780396607E+01  7.5666073278E+00  1.9135549101E+02
HessDelSqRho_EigVec1 =  8.6980827386E-01 -8.9832538754E-03 -4.9330808617E-01
HessDelSqRho_EigVec2 =  3.5745290180E-01 -6.7770422160E-01  6.4260750931E-01
HessDelSqRho_EigVec3 =  3.4008967894E-01  7.3527973532E-01  5.8626164901E-01
</CP of DelSqRho>
<CP of DelSqRho>
CP# = 12      
Type = (3,+1)
Coords =  3.43405699682734E+00 -2.70151372160470E+00  4.24475575765061E-01
DistFromNuc =  6.8700212953E-01
Rho =  7.6820523269E-01
DelSqRho = -2.3261754371E+00
GradDelSqRho =  1.4876988530E-14  9.4368957093E-15  3.9968028887E-15
HessDelSqRho_EigVals = -1.2630008220E+01  7.7446453134E+00  1.9366272925E+02
HessDelSqRho_EigVec1 = -1.8650590007E-02  8.6679860046E-01 -4.9830948389E-01
HessDelSqRho_EigVec2 = -6.7944008814E-01  3.5464629967E-01  6.4232948614E-01
HessDelSqRho_EigVec3 =  7.3349391417E-01  3.5055126355E-01  5.8232335476E-01
</CP of DelSqRho>
<CP of DelSqRho>
CP# = 13      
Type = (3,+1)
Coords =  3.43428599859886E+00 -2.70192661216874E+00 -4.24928991751427E-01
DistFromNuc =  6.8699904259E-01
Rho =  7.6821058933E-01
DelSqRho = -2.3262357866E+00
GradDelSqRho =  2.3536728122E-14  5.3290705182E-15 -1.6431300764E-14
HessDelSqRho_EigVals = -1.2630055799E+01  7.7450768588E+00  1.9366947274E+02
HessDelSqRho_EigVec1 = -1.8943444997E-02  8.6729218460E-01  4.9743885295E-01
HessDelSqRho_EigVec2 =  6.7909573135E-01 -3.5399306532E-01  6.4305357271E-01
HessDelSqRho_EigVec3 =  7.3380524225E-01  3.4999025163E-01 -5.8226857223E-01
</CP of DelSqRho>
<CP of DelSqRho>
CP# = 14      
Type = (3,-1)
Coords =  3.35432039945045E+00 -3.47708434022323E+00  1.46570326299627E-04
DistFromNuc =  7.0743593461E-01
Rho =  7.1438694624E-01
DelSqRho = -1.5454250390E+00
GradDelSqRho =  2.1490031976E-12 -9.1970875360E-13  7.1438081145E-16
HessDelSqRho_EigVals = -1.7578615201E+01 -7.4011821188E-01  1.5505541706E+02
HessDelSqRho_EigVec1 = -2.8160419743E-04  5.1518255729E-04  9.9999982764E-01
HessDelSqRho_EigVec2 =  8.1193449190E-01  5.8374855518E-01 -7.2092924937E-05
HessDelSqRho_EigVec3 = -5.8374849170E-01  8.1193433165E-01 -5.8268053127E-04
</CP of DelSqRho>
<CP of DelSqRho>
CP# = 15      
Type = (3,+3)
Coords =  3.24803348007158E+00 -3.20815506401209E+00  5.70102973592209E-01
DistFromNuc =  7.1682235540E-01
Rho =  7.6811755919E-01
DelSqRho = -3.2823263208E+00
GradDelSqRho =  2.5535129566E-15 -1.1435297154E-14 -4.2188474936E-15
HessDelSqRho_EigVals =  1.5383321740E+01  2.2030384998E+01  1.4839910635E+02
HessDelSqRho_EigVec1 =  6.9641424808E-01  7.1760553119E-01 -7.0353874771E-03
HessDelSqRho_EigVec2 =  5.6515139485E-01 -5.5445132490E-01 -6.1089084886E-01
HessDelSqRho_EigVec3 =  4.4227943200E-01 -4.2145703212E-01  7.9168356943E-01
</CP of DelSqRho>
<CP of DelSqRho>
CP# = 16      
Type = (3,+3)
Coords =  3.24834789859562E+00 -3.20873114411510E+00 -5.70152320930064E-01
DistFromNuc =  7.1682128151E-01
Rho =  7.6812527095E-01
DelSqRho = -3.2824691881E+00
GradDelSqRho =  7.4384942650E-15 -8.2156503822E-15 -1.7763568394E-14
HessDelSqRho_EigVals =  1.5384028676E+01  2.2031461350E+01  1.4840163196E+02
HessDelSqRho_EigVec1 =  6.9640759370E-01  7.1761528271E-01  6.6909986198E-03
HessDelSqRho_EigVec2 =  5.6482404025E-01 -5.5383572256E-01  6.1175141682E-01
HessDelSqRho_EigVec3 = -4.4270787998E-01  4.2224909525E-01  7.9102176617E-01
</CP of DelSqRho>
<CP of DelSqRho>
CP# = 17      
Type = (3,-3)
Coords =  4.07079113278965E+00 -3.17888915082384E+00  1.98836384172141E-04
DistFromNuc =  1.1679031749E+00
Rho =  2.4489755135E-01
DelSqRho =  8.3064574378E-01
GradDelSqRho = -2.2620794127E-15 -6.2450045135E-17 -3.8631478658E-17
HessDelSqRho_EigVals = -1.7853576154E+01 -1.8930727767E+00 -2.7159211275E-01
HessDelSqRho_EigVec1 =  9.7746397022E-01 -2.1110195783E-01  3.8771695031E-04
HessDelSqRho_EigVec2 = -2.8169301478E-04  5.3231200951E-04  9.9999981865E-01
HessDelSqRho_EigVec3 =  2.1110212594E-01  9.7746390217E-01 -4.6084986328E-04
</CP of DelSqRho>
<CP of DelSqRho>
CP# = 18      
Type = (3,-3)
Coords =  3.21678044851568E+00 -4.03896571061273E+00  3.98311524660866E-04
DistFromNuc =  1.1661472715E+00
Rho =  2.4442257597E-01
DelSqRho =  8.3237811353E-01
GradDelSqRho = -9.5062846484E-16  2.4008572908E-15 -8.2046999403E-17
HessDelSqRho_EigVals = -1.7966248182E+01 -1.8142730087E+00 -2.7360285373E-01
HessDelSqRho_EigVec1 = -2.1931919689E-01  9.7565299678E-01 -5.6545661445E-04
HessDelSqRho_EigVec2 = -3.0275503706E-04  5.1151026505E-04  9.9999982335E-01
HessDelSqRho_EigVec3 =  9.7565311367E-01  2.1931932934E-01  1.8319983867E-04
</CP of DelSqRho>
<CP of DelSqRho>
CP# = 19      
Type = (3,-3)
Coords =  2.65085155434657E+00 -2.60789247462607E+00  1.07473113534146E+00
DistFromNuc =  1.1515180370E+00
Rho =  2.4409692469E-01
DelSqRho =  8.2296503369E-01
GradDelSqRho = -1.9428902931E-16 -2.7755575616E-17 -2.7755575616E-17
HessDelSqRho_EigVals = -1.7684278737E+01 -1.7097986275E+00 -3.3899791145E-01
HessDelSqRho_EigVec1 = -2.7143074931E-01  2.8291166564E-01  9.1993822498E-01
HessDelSqRho_EigVec2 = -6.5828093087E-01  6.4272182409E-01 -3.9188630098E-01
HessDelSqRho_EigVec3 =  7.0213358015E-01  7.1194778340E-01 -1.1780888301E-02
</CP of DelSqRho>
<CP of DelSqRho>
CP# = 20      
Type = (3,-3)
Coords =  2.65138825289334E+00 -2.60896924467984E+00 -1.07568272612951E+00
DistFromNuc =  1.1515020468E+00
Rho =  2.4409070984E-01
DelSqRho =  8.2301362732E-01
GradDelSqRho =  4.5796699766E-16  6.4531713306E-16 -9.4368957093E-16
HessDelSqRho_EigVals = -1.7686092925E+01 -1.7092486881E+00 -3.3900473825E-01
HessDelSqRho_EigVec1 =  2.7097346773E-01 -2.8199155722E-01  9.2035544299E-01
HessDelSqRho_EigVec2 = -6.5848794060E-01  6.4310053715E-01  3.9091601553E-01
HessDelSqRho_EigVec3 =  7.0211609572E-01  7.1197082859E-01  1.1424857129E-02
</CP of DelSqRho>
<CP of DelSqRho>
CP# = 21      
Type = (3,+1)
Coords =  1.90646596800015E+00 -2.23848814933080E+00 -6.14117545502209E-04
DistFromNuc =  1.2268189771E+00
Rho =  2.3967155461E-01
DelSqRho =  5.2719100616E-01
GradDelSqRho =  8.5778606440E-14 -4.1390502137E-14  2.0694708967E-17
HessDelSqRho_EigVals = -1.3459880278E+01  1.3205767368E-01  4.9911799169E-01
HessDelSqRho_EigVec1 =  8.3930345521E-01 -5.4366316683E-01  2.6666132698E-04
HessDelSqRho_EigVec2 =  5.4366322532E-01  8.3930342180E-01 -2.5218888178E-04
HessDelSqRho_EigVec3 = -8.6703958086E-05  3.5663695694E-04  9.9999993265E-01
</CP of DelSqRho>
<CP of DelSqRho>
CP# = 22      
Type = (3,-1)
Coords =  3.70244982436686E+00 -2.32374529279768E+00  6.80520558496263E-01
DistFromNuc =  1.1803763256E+00
Rho =  2.3799928195E-01
DelSqRho =  7.3330424177E-01
GradDelSqRho =  1.9428902931E-16 -1.5751289162E-15 -1.3877787808E-17
HessDelSqRho_EigVals = -1.7183706251E+01 -1.1924226213E+00  2.5072831878E-01
HessDelSqRho_EigVec1 =  6.4529447183E-01  5.2057481934E-01  5.5910365953E-01
HessDelSqRho_EigVec2 =  1.6190658891E-01 -8.0844377283E-01  5.6586652370E-01
HessDelSqRho_EigVec3 =  7.4657973525E-01 -2.7462797317E-01 -6.0596879066E-01
</CP of DelSqRho>
<CP of DelSqRho>
CP# = 23      
Type = (3,-1)
Coords =  2.36489537101861E+00 -3.66065642751184E+00  7.06847687206267E-01
DistFromNuc =  1.1799484118E+00
Rho =  2.3824657260E-01
DelSqRho =  7.3128360784E-01
GradDelSqRho = -9.9226182826E-16  6.5225602697E-16 -7.7715611724E-16
HessDelSqRho_EigVals = -1.7086242572E+01 -1.2687641605E+00  2.6201578907E-01
HessDelSqRho_EigVec1 =  5.0951052297E-01  6.3339370287E-01 -5.8241861590E-01
HessDelSqRho_EigVec2 =  8.2154221657E-01 -1.5681760264E-01  5.4815748275E-01
HessDelSqRho_EigVec3 =  2.5586600668E-01 -7.5777348638E-01 -6.0025988535E-01
</CP of DelSqRho>
<CP of DelSqRho>
CP# = 24      
Type = (3,-1)
Coords =  3.70290564366510E+00 -2.32444421053275E+00 -6.81125519445289E-01
DistFromNuc =  1.1803720180E+00
Rho =  2.3799573797E-01
DelSqRho =  7.3333202753E-01
GradDelSqRho =  4.9960036108E-16  1.3739009930E-15  4.0245584643E-16
HessDelSqRho_EigVals = -1.7184536194E+01 -1.1923174941E+00  2.5069641596E-01
HessDelSqRho_EigVec1 =  6.4567353541E-01  5.2000192971E-01 -5.5919914053E-01
HessDelSqRho_EigVec2 =  1.6218927344E-01 -8.0898610795E-01 -5.6500983773E-01
HessDelSqRho_EigVec3 = -7.4619054218E-01  2.7411579716E-01 -6.0667965559E-01
</CP of DelSqRho>
<CP of DelSqRho>
CP# = 25      
Type = (3,-1)
Coords =  2.36529471358609E+00 -3.66147399742680E+00 -7.06814767108221E-01
DistFromNuc =  1.1799419632E+00
Rho =  2.3824266692E-01
DelSqRho =  7.3131983727E-01
GradDelSqRho = -1.4641066137E-15 -1.3600232052E-15 -1.7902346272E-15
HessDelSqRho_EigVals = -1.7087375708E+01 -1.2685715831E+00  2.6196461026E-01
HessDelSqRho_EigVec1 =  5.0918252134E-01  6.3407356500E-01  5.8196552658E-01
HessDelSqRho_EigVec2 = -8.2180829915E-01  1.5733127221E-01  5.4761116700E-01
HessDelSqRho_EigVec3 =  2.5566438821E-01 -7.5709813429E-01  6.0119725187E-01
</CP of DelSqRho>
<CP of DelSqRho>
CP# = 26      
Type = (3,+1)
Coords =  3.43187320527794E+00 -3.39018026435546E+00  9.29841868638022E-01
DistFromNuc =  1.1598151963E+00
Rho =  4.1326176547E-01
DelSqRho = -9.7648947182E-01
GradDelSqRho =  7.5626310769E-13 -5.9463545199E-13  1.1349809981E-12
HessDelSqRho_EigVals = -3.1697043323E+01  1.5079446868E+01  1.5530144534E+01
HessDelSqRho_EigVec1 =  4.2482184776E-01 -4.1338699987E-01  8.0538039832E-01
HessDelSqRho_EigVec2 =  7.1523161553E-01  6.9863802430E-01 -1.8672095385E-02
HessDelSqRho_EigVec3 =  5.5495056881E-01 -5.8396583747E-01 -5.9246414815E-01
</CP of DelSqRho>
<CP of DelSqRho>
CP# = 27      
Type = (3,+1)
Coords =  3.43240135254651E+00 -3.39113484031282E+00 -9.29585432661064E-01
DistFromNuc =  1.1598108304E+00
Rho =  4.1326948811E-01
DelSqRho = -9.7658626452E-01
GradDelSqRho =  8.4334622619E-13 -6.6821548295E-13 -1.2637391134E-12
HessDelSqRho_EigVals = -3.1699257554E+01  1.5080624719E+01  1.5531527359E+01
HessDelSqRho_EigVec1 = -4.2528492466E-01  4.1422013115E-01  8.0470765860E-01
HessDelSqRho_EigVec2 =  7.1520895579E-01  6.9866981744E-01  1.8347636334E-02
HessDelSqRho_EigVec3 =  5.5462499259E-01 -5.8333709736E-01  5.9338768814E-01
</CP of DelSqRho>
<CP of DelSqRho>
CP# = 28      
Type = (3,-1)
Coords =  3.78098457169953E+00 -3.72765145867305E+00  4.00759771555605E-04
DistFromNuc =  1.1784304989E+00
Rho =  2.5066960550E-01
DelSqRho =  8.1235518571E-01
GradDelSqRho =  9.4368957093E-16 -2.7755575616E-16 -1.3286897624E-16
HessDelSqRho_EigVals = -1.6504118565E+01 -3.7649286103E+00  2.1668041842E-01
HessDelSqRho_EigVec1 =  7.1738705396E-01 -6.9667459869E-01  5.6422746528E-04
HessDelSqRho_EigVec2 = -2.8582428089E-04  5.1556455353E-04  9.9999982625E-01
HessDelSqRho_EigVec3 =  6.9667476853E-01  7.1738709059E-01 -1.7073282000E-04
</CP of DelSqRho>
<Path of -GradDelSqRho>
Starting CP# =      3
Ending CP# =      1
Number of Points =      7
  3.0459952950E+00 -3.0351282758E+00 -1.6115767971E-04  2.2274741573E+01  1.2350029483E+03
  3.0295917199E+00 -3.0162623676E+00 -1.7631972292E-04  3.2418576380E+01  9.9491650934E+02
  3.0131850975E+00 -2.9973991094E+00 -1.9148187468E-04  4.7513137167E+01 -7.1441825926E+02
  2.9967771084E+00 -2.9785370400E+00 -2.0664411179E-04  6.9916589684E+01 -6.1728970907E+03
  2.9803681824E+00 -2.9596757855E+00 -2.2180644725E-04  1.0312240864E+02 -1.9868597686E+04
  2.9639576272E+00 -2.9408159486E+00 -2.3696903603E-04  1.5292503454E+02 -7.2687598994E+04
  2.9348805438E+00 -2.9074045901E+00 -2.6383289274E-04  2.9765492010E+02 -3.3332805282E+06
</Path of -GradDelSqRho>
<Path of -GradDelSqRho>
Starting CP# =      3
Ending CP# =      0
Number of Points =     23
  3.0459952950E+00 -3.0351282758E+00 -1.6115767971E-04  2.2274741573E+01  1.2350029483E+03
  3.0623954721E+00 -3.0539971379E+00 -1.4599555698E-04  1.5409527162E+01  1.1548512787E+03
  3.0787943111E+00 -3.0728671632E+00 -1.3083310569E-04  1.0748660486E+01  9.8596918343E+02
  3.0951928923E+00 -3.0917374124E+00 -1.1567026724E-04  7.5941665900E+00  7.7825827288E+02
  3.1115906938E+00 -3.1106083391E+00 -1.0050695367E-04  5.4669906140E+00  5.7840996824E+02
  3.1279869102E+00 -3.1294806430E+00 -8.5342943954E-05  4.0333431975E+00  4.1511462653E+02
  3.1443807387E+00 -3.1483550214E+00 -7.0177871685E-05  3.0647871170E+00  2.9319793142E+02
  3.1607714732E+00 -3.1672320866E+00 -5.5011218642E-05  2.4079287697E+00  2.0536056347E+02
  3.1771585983E+00 -3.1861122851E+00 -3.9842301995E-05  1.9603261864E+00  1.4239096283E+02
  3.1935417742E+00 -3.2049959107E+00 -2.4670209746E-05  1.6531546422E+00  9.7139047185E+01
  3.2099206989E+00 -3.2238832237E+00 -9.4936345271E-06  1.4397940353E+00  6.4778636491E+01
  3.2262949635E+00 -3.2427745768E+00  5.6894168553E-06  1.2885871601E+00  4.2004826875E+01
  3.2426639865E+00 -3.2616704719E+00  2.0882071362E-05  1.1781664020E+00  2.6359399957E+01
  3.2590270291E+00 -3.2805715460E+00  3.6089285302E-05  1.0942922620E+00  1.5902075075E+01
  3.2753832848E+00 -3.2994784934E+00  5.1318955842E-05  1.0276245611E+00  9.0979746396E+00
  3.2917320639E+00 -3.3183919061E+00  6.6583735280E-05  9.7212938134E-01  4.7759572599E+00
  3.3080731211E+00 -3.3373119908E+00  8.1904095109E-05  9.2395434259E-01  2.0862131284E+00
  3.3244071963E+00 -3.3562381036E+00  9.7313938532E-05  8.8065595089E-01  4.4280979878E-01
  3.3407368879E+00 -3.3751679988E+00  1.1287262324E-04  8.4068582307E-01 -5.3994292001E-01
  3.3570683518E+00 -3.3940963645E+00  1.2869741814E-04  8.0305970391E-01 -1.1062148208E+00
  3.3734166197E+00 -3.4130102147E+00  1.4508430434E-04  7.6714991211E-01 -1.4062091098E+00
  3.3898410137E+00 -3.4318578976E+00  1.6336560950E-04  7.3255808694E-01 -1.5311202386E+00
  3.4003822317E+00 -3.4400566543E+00  2.4936725881E-04  7.1487897037E-01 -1.5464820670E+00
</Path of -GradDelSqRho>
<Path of -GradDelSqRho>
Starting CP# =     10
Ending CP# =     15
Number of Points =     24
  2.7347025783E+00 -3.4073926513E+00  4.2788548800E-01  7.6374031846E-01 -2.2780630809E+00
  2.7545782744E+00 -3.4072574543E+00  4.3893601321E-01  7.6195930171E-01 -2.2813743363E+00
  2.7766383126E+00 -3.4063520654E+00  4.5066046787E-01  7.6035835544E-01 -2.2926549678E+00
  2.7988909431E+00 -3.4046633764E+00  4.6192535133E-01  7.5911936754E-01 -2.3118603645E+00
  2.8213065581E+00 -3.4022016631E+00  4.7271469524E-01  7.5822592653E-01 -2.3387983488E+00
  2.8438557249E+00 -3.3989775375E+00  4.8301375918E-01  7.5765748350E-01 -2.3731544918E+00
  2.8665092227E+00 -3.3950017303E+00  4.9280882687E-01  7.5738966004E-01 -2.4144870627E+00
  2.8892380299E+00 -3.3902848651E+00  5.0208699699E-01  7.5739461657E-01 -2.4622247161E+00
  2.9120132618E+00 -3.3848372367E+00  5.1083596663E-01  7.5764148533E-01 -2.5156673947E+00
  2.9348060596E+00 -3.3786685963E+00  5.1904381125E-01  7.5809687371E-01 -2.5739908112E+00
  2.9575874260E+00 -3.3717879445E+00  5.2669876535E-01  7.5872544449E-01 -2.6362547395E+00
  2.9803280060E+00 -3.3642033305E+00  5.3378900899E-01  7.5949057970E-01 -2.7014151926E+00
  3.0029978059E+00 -3.3559216558E+00  5.4030246688E-01  7.6035513424E-01 -2.7683404028E+00
  3.0255658414E+00 -3.3469484782E+00  5.4622663141E-01  7.6128228229E-01 -2.8358303740E+00
  3.0479997021E+00 -3.3372878104E+00  5.5154842948E-01  7.6223645420E-01 -2.9026396368E+00
  3.0702650151E+00 -3.3269419069E+00  5.5625416849E-01  7.6318435079E-01 -2.9675027233E+00
  3.0923247818E+00 -3.3159110280E+00  5.6032962486E-01  7.6409600525E-01 -3.0291617802E+00
  3.1141385532E+00 -3.3041931551E+00  5.6376038546E-01  7.6494583517E-01 -3.0863956517E+00
  3.1356613849E+00 -3.2917835950E+00  5.6653263565E-01  7.6571358689E-01 -3.1380496750E+00
  3.1568424495E+00 -3.2786743178E+00  5.6863474082E-01  7.6638501646E-01 -3.1830653370E+00
  3.1776230013E+00 -3.2648526100E+00  5.7006028458E-01  7.6695207785E-01 -3.2205088342E+00
  3.1979327689E+00 -3.2502978693E+00  5.7081402225E-01  7.6741230909E-01 -3.2495974983E+00
  3.2176814344E+00 -3.2349726691E+00  5.7092492904E-01  7.6776703418E-01 -3.2697230563E+00
  3.2480334801E+00 -3.2081550640E+00  5.7010297359E-01  7.6811755919E-01 -3.2823263208E+00
</Path of -GradDelSqRho>
<Path of -GradDelSqRho>
Starting CP# =     10
Ending CP# =      0
Number of Points =     50
  2.7347025783E+00 -3.4073926513E+00  4.2788548800E-01  7.6374031846E-01 -2.2780630809E+00
  2.7150935080E+00 -3.4068728171E+00  4.1651652214E-01  7.6582611312E-01 -2.2813366873E+00
  2.6937367438E+00 -3.4055289399E+00  4.0359337574E-01  7.6849215130E-01 -2.2924529085E+00
  2.6726855146E+00 -3.4033697663E+00  3.9028518555E-01  7.7154107119E-01 -2.3112499153E+00
  2.6519686447E+00 -3.4003894857E+00  3.7661578051E-01  7.7496691531E-01 -2.3374538060E+00
  2.6316142580E+00 -3.3965835941E+00  3.6261089462E-01  7.7875893692E-01 -2.3707232803E+00
  2.6116495791E+00 -3.3919489432E+00  3.4829818347E-01  7.8290169508E-01 -2.4106591066E+00
  2.5921007413E+00 -3.3864837280E+00  3.3370722932E-01  7.8737521743E-01 -2.4568127907E+00
  2.5729926147E+00 -3.3801874205E+00  3.1886953537E-01  7.9215523328E-01 -2.5086943619E+00
  2.5543486665E+00 -3.3730606510E+00  3.0381851801E-01  7.9721347847E-01 -2.5657792881E+00
  2.5361908601E+00 -3.3651050409E+00  2.8858950769E-01  8.0251807203E-01 -2.6275146174E+00
  2.5185396021E+00 -3.3563229967E+00  2.7321977036E-01  8.0803396332E-01 -2.6933245006E+00
  2.5014137395E+00 -3.3467174723E+00  2.5774856175E-01  8.1372344604E-01 -2.7626152964E+00
  2.4848306102E+00 -3.3362917160E+00  2.4221722663E-01  8.1954673404E-01 -2.8347804776E+00
  2.4688061483E+00 -3.3250490140E+00  2.2666935366E-01  8.2546259138E-01 -2.9092055598E+00
  2.4533550402E+00 -3.3129924513E+00  2.1115099511E-01  8.3142900736E-01 -2.9852732518E+00
  2.4384909312E+00 -3.3001247101E+00  1.9571095692E-01  8.3740390551E-01 -3.0623689964E+00
  2.4242266771E+00 -3.2864479309E+00  1.8040116007E-01  8.4334587343E-01 -3.1398870200E+00
  2.4105746395E+00 -3.2719636661E+00  1.6527706646E-01  8.4921489964E-01 -3.2172369503E+00
  2.3975470185E+00 -3.2566729639E+00  1.5039815151E-01  8.5497310145E-01 -3.2938509968E+00
  2.3851562206E+00 -3.2405766265E+00  1.3582838828E-01  8.6058542719E-01 -3.3691916136E+00
  2.3734152560E+00 -3.2236756965E+00  1.2163668300E-01  8.6602031386E-01 -3.4427594778E+00
  2.3623381537E+00 -3.2059722323E+00  1.0789716590E-01  8.7125027916E-01 -3.5141015279E+00
  2.3519403786E+00 -3.1874704331E+00  9.4689193042E-02  8.7625242299E-01 -3.5828186999E+00
  2.3422392179E+00 -3.1681781605E+00  8.2096856076E-02  8.8100880903E-01 -3.6485728809E+00
  2.3332540871E+00 -3.1481088592E+00  7.0207735594E-02  8.8550669167E-01 -3.7110924882E+00
  2.3250066803E+00 -3.1272837983E+00  5.9110593288E-02  8.8973854997E-01 -3.7701759771E+00
  2.3175208761E+00 -3.1057344160E+00  4.8891716838E-02  8.9370189112E-01 -3.8256925562E+00
  2.3108223028E+00 -3.0835043774E+00  3.9629765636E-02  8.9739879767E-01 -3.8775794842E+00
  2.3049375092E+00 -3.0606507950E+00  3.1389263949E-02  9.0083521896E-01 -3.9258356368E+00
  2.2998927680E+00 -3.0372440047E+00  2.4213348936E-02  9.0402005032E-01 -3.9705115853E+00
  2.2957126658E+00 -3.0133654667E+00  1.8116895179E-02  9.0696409573E-01 -4.0116971628E+00
  2.2924187502E+00 -2.9891037996E+00  1.3081479133E-02  9.0967905191E-01 -4.0495081988E+00
  2.2900285461E+00 -2.9645495630E+00  9.0535686041E-03  9.1217666273E-01 -4.0840744469E+00
  2.2885551652E+00 -2.9397898964E+00  5.9467358516E-03  9.1446815662E-01 -4.1155304925E+00
  2.2880075452E+00 -2.9149042295E+00  3.6477904705E-03  9.1656400580E-01 -4.1440105914E+00
  2.2883911462E+00 -2.8899619148E+00  2.0258886312E-03  9.1847396338E-01 -4.1696472901E+00
  2.2897088138E+00 -2.8650219791E+00  9.4320203536E-04  9.2020727532E-01 -4.1925727555E+00
  2.2919615294E+00 -2.8401345658E+00  2.6566074610E-04  9.2177294805E-01 -4.2129213131E+00
  2.2951488853E+00 -2.8153432753E+00 -1.2755878059E-04  9.2317997573E-01 -4.2308318278E+00
  2.2992692637E+00 -2.7906875900E+00 -3.3692472982E-04  9.2443747523E-01 -4.2464490566E+00
  2.3043198099E+00 -2.7662048114E+00 -4.3870377491E-04  9.2555472168E-01 -4.2599237101E+00
  2.3102963180E+00 -2.7419312881E+00 -4.8483874787E-04  9.2654110652E-01 -4.2714114131E+00
  2.3171931209E+00 -2.7179030136E+00 -5.0628445993E-04  9.2740605004E-01 -4.2810709670E+00
  2.3250030180E+00 -2.6941558193E+00 -5.1863153001E-04  9.2815889469E-01 -4.2890622906E+00
  2.3337172360E+00 -2.6707253741E+00 -5.2820463366E-04  9.2880879471E-01 -4.2955442843E+00
  2.3433254084E+00 -2.6476471161E+00 -5.3693311401E-04  9.2936460897E-01 -4.3006727377E+00
  2.3538155648E+00 -2.6249561660E+00 -5.4521298593E-04  9.2983479933E-01 -4.3045983305E+00
  2.3645086073E+00 -2.6027503950E+00 -5.5322505013E-04  9.2925779963E-01 -4.3073800512E+00
  2.3650746854E+00 -2.6016969369E+00 -5.5359041841E-04  9.2927837206E-01 -4.3074938908E+00
</Path of -GradDelSqRho>
<Path of -GradDelSqRho>
Starting CP# =     11
Ending CP# =     16
Number of Points =     24
  2.7349221003E+00 -3.4078234864E+00 -4.2800655470E-01  7.6374555358E-01 -2.2781127799E+00
  2.7548032870E+00 -3.4076998362E+00 -4.3904659042E-01  7.6196453784E-01 -2.2814239313E+00
  2.7768695048E+00 -3.4068067346E+00 -4.5076035366E-01  7.6036356630E-01 -2.2927044821E+00
  2.7991280962E+00 -3.4051298873E+00 -4.6201522494E-01  7.5912456350E-01 -2.3119098876E+00
  2.8215494453E+00 -3.4026795532E+00 -4.7279524075E-01  7.5823112045E-01 -2.3388480319E+00
  2.8441041118E+00 -3.3994663289E+00 -4.8308566523E-01  7.5766269038E-01 -2.3732045521E+00
  2.8667628680E+00 -3.3955009308E+00 -4.9287278656E-01  7.5739489677E-01 -2.4145377856E+00
  2.8894966855E+00 -3.3907939692E+00 -5.0214370810E-01  7.5739990151E-01 -2.4622764566E+00
  2.9122766735E+00 -3.3853557262E+00 -5.1088613207E-01  7.5764683791E-01 -2.5157205753E+00
  2.9350739668E+00 -3.3791959408E+00 -5.1908813978E-01  7.5810231395E-01 -2.5740459178E+00
  2.9578595622E+00 -3.3723236016E+00 -5.2673797266E-01  7.5873099242E-01 -2.6363123150E+00
  2.9806040988E+00 -3.3647467460E+00 -5.3382381902E-01  7.5949625476E-01 -2.7014758270E+00
  3.0032775770E+00 -3.3564722634E+00 -5.4033361357E-01  7.6036095455E-01 -2.7684047214E+00
  3.0258490063E+00 -3.3475056992E+00 -5.4625486083E-01  7.6128826392E-01 -2.8358990226E+00
  3.0482859706E+00 -3.3378510528E+00 -5.5157450230E-01  7.6224261033E-01 -2.9027132648E+00
  3.0705540907E+00 -3.3275105654E+00 -5.5627886298E-01  7.6319069089E-01 -2.9675819649E+00
  3.0926163622E+00 -3.3164844830E+00 -5.6035374036E-01  7.6410253427E-01 -3.0292472337E+00
  3.1144323304E+00 -3.3047707721E+00 -5.6378474638E-01  7.6495255283E-01 -3.0864878582E+00
  3.1359570459E+00 -3.2923647253E+00 -5.6655809607E-01  7.6572048722E-01 -3.1381490966E+00
  3.1571396782E+00 -3.2792583005E+00 -5.6866218999E-01  7.6639208773E-01 -3.1831723354E+00
  3.1779214822E+00 -3.2654387769E+00 -5.7009065367E-01  7.6695930310E-01 -3.2206236509E+00
  3.1982321950E+00 -3.2508855576E+00 -5.7084829398E-01  7.6741966758E-01 -3.2497202371E+00
  3.2179815271E+00 -3.2355612530E+00 -5.7096415421E-01  7.6777450396E-01 -3.2698536700E+00
  3.2483478986E+00 -3.2087311441E+00 -5.7015232093E-01  7.6812527095E-01 -3.2824691881E+00
</Path of -GradDelSqRho>
<Path of -GradDelSqRho>
Starting CP# =     11
Ending CP# =      0
Number of Points =     50
  2.7349221003E+00 -3.4078234864E+00 -4.2800655470E-01  7.6374555358E-01 -2.2781127799E+00
  2.7153074003E+00 -3.4072918224E+00 -4.1664861370E-01  7.6583133938E-01 -2.2813862661E+00
  2.6939438780E+00 -3.4059345258E+00 -4.0373804608E-01  7.6849740579E-01 -2.2925023090E+00
  2.6728857072E+00 -3.4037615648E+00 -3.9044308866E-01  7.7154635338E-01 -2.3112990560E+00
  2.6521617237E+00 -3.4007671535E+00 -3.7678756187E-01  7.7497222168E-01 -2.3375025776E+00
  2.6318000633E+00 -3.3969468144E+00 -3.6279719029E-01  7.7876426098E-01 -2.3707715516E+00
  2.6118279640E+00 -3.3922974272E+00 -3.4849961917E-01  7.8290702741E-01 -2.4107067304E+00
  2.5922715727E+00 -3.3868172172E+00 -3.3392441964E-01  7.8738054580E-01 -2.4568596092E+00
  2.5731557746E+00 -3.3805056881E+00 -3.1910308313E-01  7.9216054284E-01 -2.5087402109E+00
  2.5545040526E+00 -3.3733635035E+00 -3.0406901375E-01  7.9721875200E-01 -2.5658240013E+00
  2.5363383871E+00 -3.3653923203E+00 -2.8885752940E-01  8.0252329024E-01 -2.6275580298E+00
  2.5186792026E+00 -3.3565945817E+00 -2.7350588340E-01  8.0803910522E-01 -2.6933664520E+00
  2.5015453650E+00 -3.3469732808E+00 -2.5805331910E-01  8.1372848941E-01 -2.7626556340E+00
  2.4849542327E+00 -3.3365317062E+00 -2.4254116920E-01  8.1955165589E-01 -2.8348190590E+00
  2.4689217615E+00 -3.3252731871E+00 -2.2701301093E-01  8.2546736848E-01 -2.9092422556E+00
  2.4534626611E+00 -3.3132008538E+00 -2.1151488584E-01  8.3143361681E-01 -2.9853079484E+00
  2.4385906015E+00 -3.3003174366E+00 -1.9609558991E-01  8.3740832530E-01 -3.0624015991E+00
  2.4243184656E+00 -3.2866251271E+00 -1.8080703490E-01  8.4335008306E-01 -3.1399174555E+00
  2.4106586439E+00 -3.2721255329E+00 -1.6570467400E-01  8.4921888065E-01 -3.2172651695E+00
  2.3976233678E+00 -3.2568197614E+00 -1.5084797411E-01  8.5497683798E-01 -3.2938769776E+00
  2.3852250780E+00 -3.2407086790E+00 -1.3630089925E-01  8.6058890641E-01 -3.3692153625E+00
  2.3734768213E+00 -3.2237933982E+00 -1.2213234524E-01  8.6602352646E-01 -3.4427810318E+00
  2.3623926663E+00 -3.2060760527E+00 -1.0841642918E-01  8.7125321961E-01 -3.5141209549E+00
  2.3519881207E+00 -3.1875609233E+00 -9.5232489658E-02  8.7625508980E-01 -3.5828360976E+00
  2.3422805166E+00 -3.1682559579E+00 -8.2664594325E-02  8.8101120480E-01 -3.6485883749E+00
  2.3332893160E+00 -3.1481746921E+00 -7.0800290870E-02  8.8550882308E-01 -3.7111062276E+00
  2.3250362601E+00 -3.1273384864E+00 -5.9728296606E-02  8.8974042754E-01 -3.7701881286E+00
  2.3175452726E+00 -3.1057788676E+00 -4.9534841142E-02  8.9370352886E-01 -3.8257032962E+00
  2.3108420223E+00 -3.0835395805E+00 -4.0298510839E-02  8.9740021251E-01 -3.8775889901E+00
  2.3049530907E+00 -3.0606778007E+00 -3.2083742379E-02  9.0083643011E-01 -3.9258440780E+00
  2.2999047711E+00 -3.0372639036E+00 -2.4933573501E-02  9.0402107853E-01 -3.9705191145E+00
  2.2957216560E+00 -3.0133793578E+00 -1.8862772635E-02  9.0696496247E-01 -4.0117039106E+00
  2.2924252816E+00 -2.9891127553E+00 -1.3852810221E-02  9.0967977864E-01 -4.0495142703E+00
  2.2900331433E+00 -2.9645545933E+00 -9.8500554011E-03  9.1217727022E-01 -4.0840799224E+00
  2.2885583070E+00 -2.9397919171E+00 -6.7679950105E-03  9.1446866432E-01 -4.1155354312E+00
  2.2880096512E+00 -2.9149040382E+00 -4.4933697067E-03  9.1656443136E-01 -4.1440150361E+00
  2.2883925680E+00 -2.8899601756E+00 -2.8952834009E-03  9.1847432230E-01 -4.1696512730E+00
  2.2897098314E+00 -2.8650192190E+00 -1.8358698181E-03  9.2020758065E-01 -4.1925763028E+00
  2.2919623533E+00 -2.8401311805E+00 -1.1810313869E-03  9.2177321035E-01 -4.2129244487E+00
  2.2951496631E+00 -2.8153395432E+00 -8.0992292709E-04  9.2318020312E-01 -4.2308345751E+00
  2.2992700909E+00 -2.7906836930E+00 -6.2205678772E-04  9.2443767370E-01 -4.2464514400E+00
  2.3043207418E+00 -2.7662008581E+00 -5.4114624027E-04  9.2555489547E-01 -4.2599257545E+00
  2.3102973827E+00 -2.7419273375E+00 -5.1522630146E-04  9.2654125862E-01 -4.2714131443E+00
  2.3171943300E+00 -2.7178990950E+00 -5.1331755255E-04  9.2740618266E-01 -4.2810724112E+00
  2.3250043748E+00 -2.6941519469E+00 -5.1980279591E-04  9.2815900959E-01 -4.2890634741E+00
  2.3337187401E+00 -2.6707215561E+00 -5.2832973340E-04  9.2880889343E-01 -4.2955452330E+00
  2.3433270583E+00 -2.6476433588E+00 -5.3694131698E-04  9.2936469295E-01 -4.3006734768E+00
  2.3538173584E+00 -2.6249524751E+00 -5.4521444978E-04  9.2983486993E-01 -4.3045988841E+00
  2.3645742272E+00 -2.6026983589E+00 -5.5323332630E-04  9.2931662744E-01 -4.3073931314E+00
  2.3651251111E+00 -2.6016227084E+00 -5.5361343619E-04  9.2929580693E-01 -4.3075039090E+00
</Path of -GradDelSqRho>
<Path of -GradDelSqRho>
Starting CP# =     12
Ending CP# =      0
Number of Points =     56
  3.4340569968E+00 -2.7015137216E+00  4.2447557577E-01  7.6820523269E-01 -2.3261754371E+00
  3.4333204463E+00 -2.6821842638E+00  4.1313204039E-01  7.7031020907E-01 -2.3293402236E+00
  3.4317386493E+00 -2.6609087555E+00  4.0010221970E-01  7.7300835034E-01 -2.3402479151E+00
  3.4293481685E+00 -2.6399492897E+00  3.8668912668E-01  7.7607597887E-01 -2.3587419811E+00
  3.4261433907E+00 -2.6193344538E+00  3.7291662546E-01  7.7950728790E-01 -2.3845433935E+00
  3.4221199349E+00 -2.5990921080E+00  3.5881051428E-01  7.8329168094E-01 -2.4173030188E+00
  3.4172747009E+00 -2.5792491861E+00  3.4439855201E-01  7.8741386406E-01 -2.4566116171E+00
  3.4116058563E+00 -2.5598314998E+00  3.2971047426E-01  7.9185400726E-01 -2.5020091027E+00
  3.4051127686E+00 -2.5408635661E+00  3.1477799948E-01  7.9658797808E-01 -2.5529929570E+00
  3.3977958829E+00 -2.5223684638E+00  2.9963483381E-01  8.0158764907E-01 -2.6090257817E+00
  3.3896565522E+00 -2.5043677322E+00  2.8431668606E-01  8.0682127979E-01 -2.6695420654E+00
  3.3806968240E+00 -2.4868813165E+00  2.6886130536E-01  8.1225397191E-01 -2.7339543049E+00
  3.3709191971E+00 -2.4699275652E+00  2.5330855486E-01  8.1784819418E-01 -2.8016586671E+00
  3.3603263583E+00 -2.4535232826E+00  2.3770053466E-01  8.2356437178E-01 -2.8720404030E+00
  3.3489209169E+00 -2.4376838370E+00  2.2208176628E-01  8.2936153221E-01 -2.9444792300E+00
  3.3367051559E+00 -2.4224233224E+00  2.0649944908E-01  8.3519799810E-01 -3.0183548784E+00
  3.3236808217E+00 -2.4077547719E+00  1.9100379551E-01  8.4103211483E-01 -3.0930529736E+00
  3.3098489813E+00 -2.3936904200E+00  1.7564844696E-01  8.4682299948E-01 -3.1679713711E+00
  3.2952099805E+00 -2.3802420104E+00  1.6049096320E-01  8.5253129623E-01 -3.2425270115E+00
  3.2797635455E+00 -2.3674211475E+00  1.4559336513E-01  8.5811992157E-01 -3.3161632902E+00
  3.2635090818E+00 -2.3552396872E+00  1.3102268993E-01  8.6355478161E-01 -3.3883578629E+00
  3.2464462336E+00 -2.3437101634E+00  1.1685148652E-01  8.6880544174E-01 -3.4586307209E+00
  3.2285757787E+00 -2.3328462400E+00  1.0315813396E-01  8.7384572563E-01 -3.5265522649E+00
  3.2099009335E+00 -2.3226631692E+00  9.0026804434E-02  8.7865421649E-01 -3.5917509940E+00
  3.1904291207E+00 -2.3131782174E+00  7.7546817075E-02  8.8321462739E-01 -3.6539202854E+00
  3.1701741991E+00 -2.3044109993E+00  6.5811053495E-02  8.8751600100E-01 -3.7128236072E+00
  3.1491590378E+00 -2.2963836289E+00  5.4913061672E-02  8.9155269513E-01 -3.7682973881E+00
  3.1274181384E+00 -2.2891205740E+00  4.4942519815E-02  8.9532411249E-01 -3.8202507440E+00
  3.1049997865E+00 -2.2826481083E+00  3.5978941828E-02  8.9883415013E-01 -3.8686614057E+00
  3.0819670316E+00 -2.2769933050E+00  2.8083938642E-02  9.0209037890E-01 -3.9135676126E+00
  3.0583967940E+00 -2.2721826395E+00  2.1292971566E-02  9.0510301821E-01 -3.9550564455E+00
  3.0343767173E+00 -2.2682404214E+00  1.5608149124E-02  9.0788383057E-01 -3.9932499490E+00
  3.0100000345E+00 -2.2651874056E+00  1.0993891858E-02  9.1044510019E-01 -4.0282911202E+00
  2.9853594624E+00 -2.2630399276E+00  7.3769315666E-03  9.1279885196E-01 -4.0603320236E+00
  2.9605415795E+00 -2.2618097558E+00  4.6511402015E-03  9.1495640549E-01 -4.0895257147E+00
  2.9356230042E+00 -2.2615045932E+00  2.6864946965E-03  9.1692826402E-01 -4.1160225025E+00
  2.9106690100E+00 -2.2621289528E+00  1.3405932430E-03  9.1872425272E-01 -4.1399698375E+00
  2.8857343799E+00 -2.2636850619E+00  4.7081329533E-04  9.2035377774E-01 -4.1615143160E+00
