 AIMInt (Version 19.02.13, Professional)
 Portions Copyright (c) 1997-2019 by Todd A. Keith
 AIMInt is a component of the AIMAll package ( http://aim.tkgristmill.com )

 TP:  64-bit Linux

 Licensed To:  Research Group of Fernando Cortes Guzman, UNAM, fercor@unam.mx

 AIMInt is a heavily modified and extended version of the PROAIMV program
 developed by members of R.F.W. Bader's research group

 Much of the Quantum Theory of Atoms in Molecules (QTAIM) is described in the book:
   "Atoms in Molecules - A Quantum Theory"
   R.F.W. Bader, Oxford University Press, Oxford, 1990

 For additional references see:  http://aim.tkgristmill.com/references.html

 Current Directory:  /home/scratch/M_H2O_4_cuadrado_plano/Opt

 Inp File:  Sc2_cuadrado_plano_cc-pvtz-def2-tzv_5_atomicfiles/o6.inp
 Wfx File:  Sc2_cuadrado_plano_cc-pvtz-def2-tzv_5.wfx
 Out File:  Sc2_cuadrado_plano_cc-pvtz-def2-tzv_5_atomicfiles/o6.int

 Wfx Title:   Sc2_cuadrado_plano_cc-pvtz-def2-tzv_5                                         
 Job Title:   Sc2_cuadrado_plano_cc-pvtz-def2-tzv_5                                         
 
<Atom>
O6      
</Atom>
<Nuclei of Molecule>
    13
Sc1       21.0          -4.6571547084E-05  -2.2718081830E-04   9.4288833671E-05
O2         8.0           2.9070643783E+00   2.9360901520E+00  -5.4980633565E-05
H3         1.0           3.6958121925E+00   3.7181229307E+00  -1.5013680968E+00
O4         8.0           2.9348802329E+00  -2.9074042723E+00  -2.6383316577E-04
H5         1.0           3.7310378654E+00  -3.6820783277E+00  -1.5014822825E+00
O6         8.0          -2.9063852862E+00  -2.9358092222E+00  -4.3604482245E-05
H7         1.0          -3.6947377275E+00  -3.7178449213E+00  -1.5015659296E+00
O8         8.0          -2.9354789880E+00   2.9076953753E+00  -1.8299068181E-04
H9         1.0          -3.7311841912E+00   3.6812168402E+00   1.5018855295E+00
H10        1.0          -3.6942627830E+00  -3.7170445589E+00   1.5021574707E+00
H11        1.0           3.6950596039E+00   3.7167764662E+00   1.5023733262E+00
H12        1.0           3.7301865540E+00  -3.6805366455E+00   1.5022235240E+00
H13        1.0          -3.7315762073E+00   3.6815827502E+00  -1.5018403353E+00
</Nuclei of Molecule>
<Total Number of CPs of DelSqRho>
    28
</Total Number of CPs of DelSqRho>
<Number of (3,+3) CPs of DelSqRho>
     4
</Number of (3,+3) CPs of DelSqRho>
<Number of (3,+1) CPs of DelSqRho>
     8
</Number of (3,+1) CPs of DelSqRho>
<Number of (3,-1) CPs of DelSqRho>
    10
</Number of (3,-1) CPs of DelSqRho>
<Number of (3,-3) CPs of DelSqRho>
     6
</Number of (3,-3) CPs of DelSqRho>
<Number of Degenerate CPs of DelSqRho>
     0
</Number of Degenerate CPs of DelSqRho>
<CP of DelSqRho>
CP# = 1       
Type = (3,+3)
Coords = -2.90638559395771E+00 -2.93580954298449E+00 -4.36043436807748E-05
DistFromNuc =  4.4454333300E-07
Rho =  2.9765484152E+02
DelSqRho = -3.3332796868E+06
GradDelSqRho =  5.5067293943E-06 -2.1918501261E-05 -7.7391648645E-11
HessDelSqRho_EigVals =  1.3255565855E+11  1.3255566918E+11  1.3255568054E+11
HessDelSqRho_EigVec1 = -6.8270204958E-01  7.3069686208E-01 -8.5078215102E-05
HessDelSqRho_EigVec2 =  7.3069683663E-01  6.8270198296E-01 -3.6796622524E-04
HessDelSqRho_EigVec3 =  2.1078869998E-04  3.1337767879E-04  9.9999992868E-01
</CP of DelSqRho>
<CP of DelSqRho>
CP# = 2       
Type = (3,-1)
Coords = -1.66634965737912E+00 -1.59838904159393E+00  7.00398938068309E-05
DistFromNuc =  1.8238369207E+00
Rho =  6.3450629199E-02
DelSqRho =  2.3935552441E-01
GradDelSqRho =  4.8572257327E-17 -6.6786853825E-17  1.0511255359E-17
HessDelSqRho_EigVals = -2.3169803885E-01 -2.0845854770E-01  1.7530446106E+00
HessDelSqRho_EigVec1 =  7.1312833083E-01 -7.0103349901E-01 -1.3053456577E-04
HessDelSqRho_EigVec2 =  8.4155388579E-05 -1.0059572468E-04  9.9999999140E-01
HessDelSqRho_EigVec3 =  7.0103350611E-01  7.1312833568E-01  1.2741914717E-05
</CP of DelSqRho>
<CP of DelSqRho>
CP# = 3       
Type = (3,+1)
Coords = -3.01623018893307E+00 -3.06462716561678E+00  1.04429452984411E-05
DistFromNuc =  1.6929255189E-01
Rho =  2.2274752370E+01
DelSqRho =  1.2350039657E+03
GradDelSqRho = -5.5486282236E-11 -4.4018122480E-11  9.3258734069E-15
HessDelSqRho_EigVals = -3.9540063418E+05  3.8252632050E+02  2.3460313873E+03
HessDelSqRho_EigVec1 =  6.4856142598E-01  7.6116225259E-01 -3.1932817190E-04
HessDelSqRho_EigVec2 =  7.6116230027E-01 -6.4856144693E-01  4.6921790153E-05
HessDelSqRho_EigVec3 =  1.7138884572E-04  2.7349222900E-04  9.9999994791E-01
</CP of DelSqRho>
<CP of DelSqRho>
CP# = 4       
Type = (3,-3)
Coords = -2.82543202285365E+00 -2.85248386130602E+00 -1.19987569282010E-01
DistFromNuc =  1.6698233831E-01
Rho =  2.2736847955E+01
DelSqRho =  1.2963978553E+03
GradDelSqRho = -4.1243453097E-11 -5.4694027085E-11 -4.5581316499E-12
HessDelSqRho_EigVals = -4.5130834784E+05 -2.2777108260E+03 -8.9015436501E+02
HessDelSqRho_EigVec1 = -4.8710094797E-01 -5.0145611962E-01  7.1503456321E-01
HessDelSqRho_EigVec2 = -7.1375330394E-01  7.0037969257E-01  4.9504906645E-03
HessDelSqRho_EigVec3 = -5.0327814140E-01 -5.0794689323E-01 -6.9907157434E-01
</CP of DelSqRho>
<CP of DelSqRho>
CP# = 5       
Type = (3,-1)
Coords = -2.78998597086059E+00 -2.81653491339936E+00 -1.03236406977913E-04
DistFromNuc =  1.6665882787E-01
Rho =  2.2855637008E+01
DelSqRho =  1.2941336770E+03
GradDelSqRho =  1.6623147303E-11  2.2318147330E-11 -2.9736629825E-14
HessDelSqRho_EigVals = -4.5831001585E+05 -1.7862477302E+03  5.4089906093E+02
HessDelSqRho_EigVec1 =  6.9837995372E-01  7.1572712151E-01 -3.5746187389E-04
HessDelSqRho_EigVec2 =  7.1572718280E-01 -6.9837997896E-01  6.9216485893E-05
HessDelSqRho_EigVec3 =  2.0010409976E-04  3.0418458617E-04  9.9999993372E-01
</CP of DelSqRho>
<CP of DelSqRho>
CP# = 6       
Type = (3,-3)
Coords = -2.82539365667507E+00 -2.85242070216482E+00  1.19830554896590E-01
DistFromNuc =  1.6698234462E-01
Rho =  2.2736841900E+01
DelSqRho =  1.2963987441E+03
GradDelSqRho =  2.2737367544E-12  1.3383072428E-11  1.4082957023E-11
HessDelSqRho_EigVals = -4.5130836651E+05 -2.2777761284E+03 -8.9028016372E+02
HessDelSqRho_EigVec1 =  4.8732969481E-01  5.0183266355E-01  7.1461440397E-01
HessDelSqRho_EigVec2 = -7.1375492292E-01  7.0037703538E-01 -5.0910034557E-03
HessDelSqRho_EigVec3 = -5.0305434952E-01 -5.0757855166E-01  6.9950006099E-01
</CP of DelSqRho>
<CP of DelSqRho>
CP# = 7       
Type = (3,+3)
Coords = -2.38310243448224E+00 -2.55686870862018E+00 -2.15303475657776E-04
DistFromNuc =  6.4608117542E-01
Rho =  9.3104643744E-01
DelSqRho = -4.3109378194E+00
GradDelSqRho =  1.4455103781E-13  8.6264329013E-14  1.4452414959E-16
HessDelSqRho_EigVals =  8.9996157560E-01  2.2403258979E+01  3.1952652552E+02
HessDelSqRho_EigVec1 = -5.8671521722E-01  8.0979333137E-01 -1.1980318978E-04
HessDelSqRho_EigVec2 =  1.4886762417E-04  2.5580117415E-04  9.9999995620E-01
HessDelSqRho_EigVec3 =  8.0979332655E-01  5.8671517368E-01 -2.7063445077E-04
</CP of DelSqRho>
<CP of DelSqRho>
CP# = 8       
Type = (3,-1)
Coords = -2.75635433129511E+00 -2.79141111990066E+00  6.71589598809095E-01
DistFromNuc =  7.0317228269E-01
Rho =  7.0823265797E-01
DelSqRho = -1.4265741738E+00
GradDelSqRho = -8.0491169285E-16 -2.5535129566E-15  3.0642155480E-14
HessDelSqRho_EigVals = -1.7320959965E+01 -7.6973857547E+00  1.6520291624E+02
HessDelSqRho_EigVec1 =  6.7621869141E-01  6.5568607286E-01 -3.3586314957E-01
HessDelSqRho_EigVec2 = -6.9613286536E-01  7.1791296991E-01 -3.7275190421E-05
HessDelSqRho_EigVec3 =  2.4109607037E-01  2.3383058286E-01  9.4191079374E-01
</CP of DelSqRho>
<CP of DelSqRho>
CP# = 9       
Type = (3,-1)
Coords = -2.75655594319150E+00 -2.79175579662972E+00 -6.71793164229493E-01
DistFromNuc =  7.0316974655E-01
Rho =  7.0823233916E-01
DelSqRho = -1.4265593337E+00
GradDelSqRho = -4.1910919180E-15  3.0531133177E-16  1.3322676296E-15
HessDelSqRho_EigVals = -1.7320604021E+01 -7.6974653613E+00  1.6520522171E+02
HessDelSqRho_EigVec1 =  6.7631333897E-01  6.5586294331E-01  3.3532680646E-01
HessDelSqRho_EigVec2 = -6.9613791505E-01  7.1790806347E-01 -1.2506552596E-04
HessDelSqRho_EigVec3 = -2.4081584410E-01 -2.3334912043E-01  9.4210186139E-01
</CP of DelSqRho>
<CP of DelSqRho>
CP# = 10      
Type = (3,+1)
Coords = -2.70140385498350E+00 -3.43393962865511E+00  4.27997401503898E-01
DistFromNuc =  6.8801917986E-01
Rho =  7.6374657740E-01
DelSqRho = -2.2781228187E+00
GradDelSqRho =  1.4543921623E-14 -1.6431300764E-14  2.7977620221E-14
HessDelSqRho_EigVals = -1.2780276274E+01  7.5671784750E+00  1.9134942524E+02
HessDelSqRho_EigVec1 =  8.6947333511E-01  1.7047176925E-02 -4.9368564217E-01
HessDelSqRho_EigVec2 =  3.5113120749E-01  6.8162565212E-01  6.4194497076E-01
HessDelSqRho_EigVec3 = -3.4745214728E-01  7.3150247035E-01 -5.8666953323E-01
</CP of DelSqRho>
<CP of DelSqRho>
CP# = 11      
Type = (3,+1)
Coords = -2.70153051970062E+00 -3.43416118275269E+00 -4.27885974144054E-01
DistFromNuc =  6.8801834662E-01
Rho =  7.6374656846E-01
DelSqRho = -2.2781220253E+00
GradDelSqRho =  2.1649348980E-15 -2.4424906542E-14 -2.0872192863E-14
HessDelSqRho_EigVals = -1.2780363199E+01  7.5671934652E+00  1.9135109851E+02
HessDelSqRho_EigVec1 =  8.6962110450E-01  1.7309900404E-02  4.9341615494E-01
HessDelSqRho_EigVec2 = -3.5093359065E-01 -6.8129508206E-01  6.4240378744E-01
HessDelSqRho_EigVec3 = -3.4728194535E-01  7.3180419410E-01  5.8639395625E-01
</CP of DelSqRho>
<CP of DelSqRho>
CP# = 12      
Type = (3,+1)
Coords = -3.40761475482678E+00 -2.73494111761176E+00  4.24681990744321E-01
DistFromNuc =  6.8700131502E-01
Rho =  7.6821313036E-01
DelSqRho = -2.3262609926E+00
GradDelSqRho =  2.1871393585E-14 -7.3274719625E-15 -2.2648549702E-14
HessDelSqRho_EigVals = -1.2629850383E+01  7.7458057727E+00  1.9366426681E+02
HessDelSqRho_EigVec1 =  1.0187504134E-02  8.6705542627E-01 -4.9810752106E-01
HessDelSqRho_EigVec2 =  6.7583935284E-01  3.6116226482E-01  6.4249746118E-01
HessDelSqRho_EigVec3 =  7.3697855051E-01 -3.4318611022E-01 -5.8231083610E-01
</CP of DelSqRho>
<CP of DelSqRho>
CP# = 13      
Type = (3,+1)
Coords = -3.40774356021064E+00 -2.73515923082158E+00 -4.24719852161146E-01
DistFromNuc =  6.8700105767E-01
Rho =  7.6821133632E-01
DelSqRho = -2.3262442824E+00
GradDelSqRho =  2.3203661215E-14 -7.7715611724E-15  1.9984014443E-14
HessDelSqRho_EigVals = -1.2630054595E+01  7.7456845237E+00  1.9366506908E+02
HessDelSqRho_EigVec1 =  1.0343109040E-02  8.6731219393E-01  4.9765708912E-01
HessDelSqRho_EigVec2 = -6.7564664030E-01 -3.6082702214E-01  6.4288838654E-01
HessDelSqRho_EigVec3 =  7.3715306250E-01 -3.4288980497E-01  5.8226449669E-01
</CP of DelSqRho>
<CP of DelSqRho>
CP# = 14      
Type = (3,-1)
Coords = -3.32037847225368E+00 -3.50946411981959E+00  1.70046648299292E-04
DistFromNuc =  7.0743928738E-01
Rho =  7.1438134346E-01
DelSqRho = -1.5453650755E+00
GradDelSqRho = -1.9151347175E-14 -3.7747582837E-14  5.5641255492E-16
HessDelSqRho_EigVals = -1.7579689666E+01 -7.3983906990E-01  1.5505107116E+02
HessDelSqRho_EigVec1 =  1.5542562549E-04  2.6325997097E-04  9.9999995327E-01
HessDelSqRho_EigVec2 =  8.1745238919E-01 -5.7599617256E-01  2.4583687923E-05
HessDelSqRho_EigVec3 =  5.7599615212E-01  8.1745234717E-01 -3.0472705765E-04
</CP of DelSqRho>
<CP of DelSqRho>
CP# = 15      
Type = (3,+3)
Coords = -3.21665065834208E+00 -3.23974723519449E+00  5.70214338172320E-01
DistFromNuc =  7.1682427278E-01
Rho =  7.6811498918E-01
DelSqRho = -3.2822982424E+00
GradDelSqRho = -1.1102230246E-15  6.9944050551E-15 -5.3290705182E-15
HessDelSqRho_EigVals =  1.5382432837E+01  2.2030636002E+01  1.4839682727E+02
HessDelSqRho_EigVec1 = -7.0339138187E-01  7.1076887431E-01 -6.9405490316E-03
HessDelSqRho_EigVec2 =  5.5963677140E-01  5.5979520907E-01  6.1109410733E-01
HessDelSqRho_EigVec3 = -4.3823195686E-01 -4.2595414215E-01  7.9152752370E-01
</CP of DelSqRho>
<CP of DelSqRho>
CP# = 16      
Type = (3,+3)
Coords = -3.21682529243892E+00 -3.24004751220478E+00 -5.70047431975678E-01
DistFromNuc =  7.1682515158E-01
Rho =  7.6811408888E-01
DelSqRho = -3.2823203060E+00
GradDelSqRho =  4.4408920985E-16  5.6621374256E-15  3.7747582837E-15
HessDelSqRho_EigVals =  1.5382741462E+01  2.2030861771E+01  1.4839609684E+02
HessDelSqRho_EigVec1 = -7.0339218710E-01  7.1076959685E-01  6.7831644115E-03
HessDelSqRho_EigVec2 =  5.5945042463E-01  5.5947992999E-01 -6.1155329312E-01
HessDelSqRho_EigVec3 =  4.3846853195E-01  4.2636696416E-01  7.9117416436E-01
</CP of DelSqRho>
<CP of DelSqRho>
CP# = 17      
Type = (3,-3)
Coords = -4.03957472097117E+00 -3.21844093602803E+00  2.07830948691459E-04
DistFromNuc =  1.1679036963E+00
Rho =  2.4489838555E-01
DelSqRho =  8.3064805153E-01
GradDelSqRho = -1.1934897515E-15 -8.3960616237E-16  1.8127182698E-16
HessDelSqRho_EigVals = -1.7853518962E+01 -1.8932323738E+00 -2.7156271441E-01
HessDelSqRho_EigVec1 =  9.7534174910E-01  2.2069985968E-01 -2.1071349611E-04
HessDelSqRho_EigVec2 =  1.5208333137E-04  2.8264749656E-04  9.9999994849E-01
HessDelSqRho_EigVec3 = -2.2069990787E-01  9.7534173091E-01 -2.4211313379E-04
</CP of DelSqRho>
<CP of DelSqRho>
CP# = 18      
Type = (3,-3)
Coords = -3.17724910722479E+00 -4.07006406692677E+00  2.98518538145864E-04
DistFromNuc =  1.1661480950E+00
Rho =  2.4442336191E-01
DelSqRho =  8.3237659737E-01
GradDelSqRho =  1.1587952820E-15  2.1233015346E-15  2.0644564617E-16
HessDelSqRho_EigVals = -1.7966165525E+01 -1.8143655427E+00 -2.7355192691E-01
HessDelSqRho_EigVec1 =  2.0980874083E-01  9.7774240323E-01 -2.9189239724E-04
HessDelSqRho_EigVec2 =  1.7392459895E-04  2.6121551128E-04  9.9999995076E-01
HessDelSqRho_EigVec3 =  9.7774243133E-01 -2.0980878126E-01 -1.1524815785E-04
</CP of DelSqRho>
<CP of DelSqRho>
CP# = 19      
Type = (3,-3)
Coords = -2.62539900446550E+00 -2.63379663857816E+00  1.07504407610276E+00
DistFromNuc =  1.1515113600E+00
Rho =  2.4409648260E-01
DelSqRho =  8.2298207306E-01
GradDelSqRho = -6.2450045135E-17  3.4694469520E-16  2.4980018054E-16
HessDelSqRho_EigVals = -1.7684718030E+01 -1.7097159527E+00 -3.3904276596E-01
HessDelSqRho_EigVec1 =  2.6856604427E-01  2.8532776885E-01  9.2003279517E-01
HessDelSqRho_EigVec2 =  6.5201206531E-01  6.4921263782E-01 -3.9166722811E-01
HessDelSqRho_EigVec3 =  7.0905045416E-01 -7.0506100106E-01  1.1680677831E-02
</CP of DelSqRho>
<CP of DelSqRho>
CP# = 20      
Type = (3,-3)
Coords = -2.62571369441034E+00 -2.63435196741326E+00 -1.07536173330262E+00
DistFromNuc =  1.1515042757E+00
Rho =  2.4409358653E-01
DelSqRho =  8.2300211553E-01
GradDelSqRho = -3.1918911958E-16 -9.2981178312E-16  1.4710455076E-15
HessDelSqRho_EigVals = -1.7685533029E+01 -1.7094836815E+00 -3.3903758664E-01
HessDelSqRho_EigVec1 = -2.6829732677E-01 -2.8485295556E-01  9.2025829969E-01
HessDelSqRho_EigVec2 =  6.5212497867E-01  6.4941599410E-01  3.9114176305E-01
HessDelSqRho_EigVec3 =  7.0904834578E-01 -7.0506571347E-01 -1.1523152389E-02
</CP of DelSqRho>
<CP of DelSqRho>
CP# = 21      
Type = (3,+1)
Coords = -1.88453461998724E+00 -2.25690353681802E+00 -2.61859403357790E-04
DistFromNuc =  1.2268218132E+00
Rho =  2.3967245566E-01
DelSqRho =  5.2717877505E-01
GradDelSqRho = -1.1601830607E-13 -6.3664351568E-14  2.2453149366E-17
HessDelSqRho_EigVals = -1.3459442494E+01  1.3205353768E-01  4.9915763537E-01
HessDelSqRho_EigVec1 =  8.3396651958E-01  5.5181501921E-01 -1.6968076925E-04
HessDelSqRho_EigVec2 = -5.5181504081E-01  8.3396651257E-01 -1.2899002068E-04
HessDelSqRho_EigVec3 =  7.0329448647E-05  2.0120575921E-04  9.9999997729E-01
</CP of DelSqRho>
<CP of DelSqRho>
CP# = 22      
Type = (3,-1)
Coords = -3.67972854546108E+00 -2.35984934536974E+00  6.80766483062558E-01
DistFromNuc =  1.1803778851E+00
Rho =  2.3799964807E-01
DelSqRho =  7.3330611425E-01
GradDelSqRho = -2.5743296383E-14  1.3600232052E-14  1.7527646001E-14
HessDelSqRho_EigVals = -1.7183863685E+01 -1.1923612803E+00  2.5072791404E-01
HessDelSqRho_EigVec1 =  6.5043756309E-01 -5.1410171347E-01 -5.5913361975E-01
HessDelSqRho_EigVec2 = -1.5404798269E-01 -8.1011680698E-01  5.6566772762E-01
HessDelSqRho_EigVec3 = -7.4377429073E-01 -2.8179813209E-01 -6.0612673361E-01
</CP of DelSqRho>
<CP of DelSqRho>
CP# = 23      
Type = (3,-1)
Coords = -2.32914721681013E+00 -3.68365663520819E+00  7.06921890108418E-01
DistFromNuc =  1.1799490466E+00
Rho =  2.3824707213E-01
DelSqRho =  7.3128835131E-01
GradDelSqRho =  1.2906342661E-15 -2.0955459590E-15  1.9984014443E-15
HessDelSqRho_EigVals = -1.7086463899E+01 -1.2687535627E+00  2.6201569953E-01
HessDelSqRho_EigVec1 = -5.1560734933E-01  6.2854959281E-01 -5.8230101381E-01
HessDelSqRho_EigVec2 = -8.2002471883E-01 -1.6496238329E-01  5.4803911594E-01
HessDelSqRho_EigVec3 =  2.4841200014E-01  7.6007422103E-01  6.0048202031E-01
</CP of DelSqRho>
<CP of DelSqRho>
CP# = 24      
Type = (3,-1)
Coords = -3.67996889849455E+00 -2.36021278209590E+00 -6.80882696716871E-01
DistFromNuc =  1.1803748288E+00
Rho =  2.3799804777E-01
DelSqRho =  7.3332197247E-01
GradDelSqRho = -2.8380076067E-14  1.4932499681E-14 -2.0997092953E-14
HessDelSqRho_EigVals = -1.7184295135E+01 -1.1923489292E+00  2.5070603998E-01
HessDelSqRho_EigVec1 =  6.5063740424E-01 -5.1380369998E-01  5.5917504065E-01
HessDelSqRho_EigVec2 = -1.5420811874E-01 -8.1040228225E-01 -5.6521500072E-01
HessDelSqRho_EigVec3 =  7.4356628777E-01  2.8152068984E-01 -6.0651073929E-01
</CP of DelSqRho>
<CP of DelSqRho>
CP# = 25      
Type = (3,-1)
Coords = -2.32936683975239E+00 -3.68406156663247E+00 -7.06754187805350E-01
DistFromNuc =  1.1799456374E+00
Rho =  2.3824546700E-01
DelSqRho =  7.3130599760E-01
GradDelSqRho = -1.8041124150E-16 -1.2212453271E-15 -9.1593399532E-16
HessDelSqRho_EigVals = -1.7086994375E+01 -1.2686972675E+00  2.6198731623E-01
HessDelSqRho_EigVec1 = -5.1542681134E-01  6.2888559111E-01  5.8209802907E-01
HessDelSqRho_EigVec2 =  8.2018003181E-01  1.6523395288E-01  5.4772479973E-01
HessDelSqRho_EigVec3 =  2.4827387614E-01  7.5973722701E-01 -6.0096541358E-01
</CP of DelSqRho>
<CP of DelSqRho>
CP# = 26      
Type = (3,+1)
Coords = -3.39873927361417E+00 -3.42364725825591E+00  9.29884354949961E-01
DistFromNuc =  1.1598122297E+00
Rho =  4.1326410411E-01
DelSqRho = -9.7651404940E-01
GradDelSqRho = -1.9693968678E-12 -1.6515677714E-12  3.0085378633E-12
HessDelSqRho_EigVals = -3.1697594058E+01  1.5079699326E+01  1.5530544148E+01
HessDelSqRho_EigVec1 = -4.2085126275E-01 -4.1771758827E-01  8.0523054531E-01
HessDelSqRho_EigVec2 = -7.2201631537E-01  6.9162665026E-01 -1.8574632828E-02
HessDelSqRho_EigVec3 =  5.4915995391E-01  5.8920674903E-01  5.9267086306E-01
</CP of DelSqRho>
<CP of DelSqRho>
CP# = 27      
Type = (3,+1)
Coords = -3.39903242692341E+00 -3.42414195418211E+00 -9.29551884833498E-01
DistFromNuc =  1.1598084780E+00
Rho =  4.1326820228E-01
DelSqRho = -9.7655954941E-01
GradDelSqRho = -2.0776783072E-12 -1.7412460362E-12 -3.1608882178E-12
HessDelSqRho_EigVals = -3.1698772160E+01  1.5080324932E+01  1.5531246425E+01
HessDelSqRho_EigVec1 =  4.2110965797E-01  4.1815016792E-01  8.0487085488E-01
HessDelSqRho_EigVec2 = -7.2201345129E-01  6.9163329446E-01  1.8438062720E-02
HessDelSqRho_EigVec3 =  5.4896560195E-01  5.8889203006E-01 -5.9316350596E-01
</CP of DelSqRho>
<CP of DelSqRho>
CP# = 28      
Type = (3,-1)
Coords = -3.74440983310443E+00 -3.76430548909592E+00  3.09424985719289E-04
DistFromNuc =  1.1784274819E+00
Rho =  2.5066904481E-01
DelSqRho =  8.1236232629E-01
GradDelSqRho =  2.3300805729E-14 -4.6074255522E-14 -1.3219134988E-16
HessDelSqRho_EigVals = -1.6504287655E+01 -3.7647732645E+00  2.1663350504E-01
HessDelSqRho_EigVec1 =  7.1052557084E-01  7.0367131791E-01 -2.9923272778E-04
HessDelSqRho_EigVec2 =  1.5765375101E-04  2.6605559623E-04  9.9999995218E-01
HessDelSqRho_EigVec3 = -7.0367136387E-01  7.1052558404E-01 -7.8102881637E-05
</CP of DelSqRho>
<Path of -GradDelSqRho>
Starting CP# =      3
Ending CP# =      1
Number of Points =      7
 -3.0162301889E+00 -3.0646271656E+00  1.0442945298E-05  2.2274752370E+01  1.2350039657E+03
 -3.0000142309E+00 -3.0455997476E+00  2.4602817832E-06  3.2418592974E+01  9.9491672973E+02
 -2.9837951935E+00 -3.0265749542E+00 -5.5215553390E-06  4.7513163090E+01 -7.1442270315E+02
 -2.9675747750E+00 -3.0075513384E+00 -1.3503036098E-05  6.9916629804E+01 -6.1729103201E+03
 -2.9513534098E+00 -2.9885285298E+00 -2.1484291167E-05  1.0312247193E+02 -1.9868646032E+04
 -2.9351303982E+00 -2.9695071252E+00 -2.9465202129E-05  1.5292513268E+02 -7.2687768827E+04
 -2.9063855940E+00 -2.9358095430E+00 -4.3604343681E-05  2.9765484152E+02 -3.3332796868E+06
</Path of -GradDelSqRho>
<Path of -GradDelSqRho>
Starting CP# =      3
Ending CP# =      0
Number of Points =     23
 -3.0162301889E+00 -3.0646271656E+00  1.0442945298E-05  2.2274752370E+01  1.2350039657E+03
 -3.0324427132E+00 -3.0836575096E+00  1.8426620352E-05  1.5409534369E+01  1.1548521512E+03
 -3.0486538851E+00 -3.1026890056E+00  2.6410835014E-05  1.0748665354E+01  9.8596993375E+02
 -3.0648647966E+00 -3.1217207235E+00  3.4395319345E-05  7.5941698721E+00  7.7825892515E+02
 -3.0810749201E+00 -3.1407531125E+00  4.2380285040E-05  5.4669927965E+00  5.7841050183E+02
 -3.0972834417E+00 -3.1597868658E+00  5.0366104601E-05  4.0333445927E+00  4.1511504105E+02
 -3.1134895499E+00 -3.1788226739E+00  5.8353246033E-05  3.0647879179E+00  2.9319824971E+02
 -3.1296925311E+00 -3.1978611438E+00  6.6342255378E-05  2.4079290919E+00  2.0536081329E+02
 -3.1458918643E+00 -3.2169027177E+00  7.4333735298E-05  1.9603260992E+00  1.4239116624E+02
 -3.1620872057E+00 -3.2359476869E+00  8.2328381104E-05  1.6531541885E+00  9.7139218842E+01
 -3.1782782496E+00 -3.2549963097E+00  9.0327117136E-05  1.4397932443E+00  6.4778785649E+01
 -3.1944645823E+00 -3.2740489359E+00  9.8331318554E-05  1.2885860533E+00  4.2004959567E+01
 -3.2106456152E+00 -3.2931060633E+00  1.0634311304E-04  1.1781649974E+00  2.6359520356E+01
 -3.2268206002E+00 -3.3121683242E+00  1.1436581448E-04  1.0942905758E+00  1.5902186143E+01
 -3.2429887201E+00 -3.3312364082E+00  1.2240459562E-04  1.0276226096E+00  9.0980784382E+00
 -3.2591492740E+00 -3.3503109049E+00  1.3046757397E-04  9.7212718074E-01  4.7760551422E+00
 -3.2753020082E+00 -3.3693920240E+00  1.3856763886E-04  9.2395190981E-01  2.0863059164E+00
 -3.2914476601E+00 -3.3884791362E+00  1.4672580901E-04  8.8065330319E-01  4.4289794569E-01
 -3.3075888385E+00 -3.4075700317E+00  1.5497848666E-04  8.4068297787E-01 -5.3985919185E-01
 -3.3237317316E+00 -3.4266594770E+00  1.6339718751E-04  8.0305667837E-01 -1.1061354139E+00
 -3.3398914517E+00 -3.4457346765E+00  1.7216216638E-04  7.6714672233E-01 -1.4061339776E+00
 -3.3561276274E+00 -3.4647447457E+00  1.8208506492E-04  7.3255474210E-01 -1.5310493290E+00
 -3.3665853464E+00 -3.4730513832E+00  2.3394076647E-04  7.1487319194E-01 -1.5464130214E+00
</Path of -GradDelSqRho>
<Path of -GradDelSqRho>
Starting CP# =     10
Ending CP# =      0
Number of Points =     50
 -2.7014038550E+00 -3.4339396287E+00  4.2799740150E-01  7.6374657740E-01 -2.2781228187E+00
 -2.6817997884E+00 -3.4332262978E+00  4.1663058051E-01  7.6583272712E-01 -2.2813963535E+00
 -2.6604558464E+00 -3.4316715832E+00  4.0370989567E-01  7.6849915606E-01 -2.2925124453E+00
 -2.6394253096E+00 -3.4293044923E+00  3.9040434733E-01  7.7154845074E-01 -2.3113092976E+00
 -2.6187370592E+00 -3.4261195017E+00  3.7673776275E-01  7.7497465216E-01 -2.3375130306E+00
 -2.5984192628E+00 -3.4221123879E+00  3.6273587387E-01  7.7876701193E-01 -2.3707823580E+00
 -2.5784991764E+00 -3.4172802747E+00  3.4842633394E-01  7.8291008731E-01 -2.4107180553E+00
 -2.5590029513E+00 -3.4116216191E+00  3.3383872255E-01  7.8738390400E-01 -2.4568716283E+00
 -2.5399554638E+00 -3.4051361430E+00  3.1900454005E-01  7.9216418921E-01 -2.5087530991E+00
 -2.5213801760E+00 -3.3978247129E+00  3.0395719976E-01  7.9722267651E-01 -2.5658379234E+00
 -2.5032990371E+00 -3.3896891729E+00  2.8873202896E-01  8.0252748252E-01 -2.6275731312E+00
 -2.4857324319E+00 -3.3807321367E+00  2.7336629039E-01  8.0804355405E-01 -2.6933828511E+00
 -2.4686991806E+00 -3.3709567511E+00  2.5789923666E-01  8.1373318219E-01 -2.7626734157E+00
 -2.4522165918E+00 -3.3603664424E+00  2.4237220949E-01  8.1955657816E-01 -2.8348382693E+00
 -2.4363005701E+00 -3.3489646620E+00  2.2682879471E-01  8.2547250339E-01 -2.9092628965E+00
 -2.4209657748E+00 -3.3367546484E+00  2.1131504208E-01  8.3143894470E-01 -2.9853299744E+00
 -2.4062258282E+00 -3.3237392276E+00  1.9587975535E-01  8.3741382325E-01 -3.0624249141E+00
 -2.3920935690E+00 -3.3099206766E+00  1.8057485373E-01  8.4335572463E-01 -3.1399419108E+00
 -2.3785813475E+00 -3.2953006804E+00  1.6545579786E-01  8.4922463565E-01 -3.2172905626E+00
 -2.3657013583E+00 -3.2798804189E+00  1.5058206235E-01  8.5498267236E-01 -3.2939030525E+00
 -2.3534660051E+00 -3.2636608288E+00  1.3601761999E-01  8.6059478235E-01 -3.3692418108E+00
 -2.3418882935E+00 -3.2466430941E+00  1.2183137714E-01  8.6602940249E-01 -3.4428074956E+00
 -2.3309822388E+00 -3.2288294256E+00  1.0809746444E-01  8.7125905101E-01 -3.5141470312E+00
 -2.3207632722E+00 -3.2102241899E+00  9.4895238457E-02  8.7626082905E-01 -3.5828613451E+00
 -2.3112486123E+00 -3.1908354345E+00  8.2308790956E-02  8.8101680228E-01 -3.6486123219E+00
 -2.3024575522E+00 -3.1706768118E+00  7.0425701688E-02  8.8551422793E-01 -3.7111283828E+00
 -2.2944115882E+00 -3.1497698215E+00  5.9334729637E-02  8.8974558857E-01 -3.7702079932E+00
 -2.2871343025E+00 -3.1281461529E+00  4.9122156742E-02  8.9370839568E-01 -3.8257203778E+00
 -2.2806509077E+00 -3.1058497386E+00  3.9866632195E-02  8.9740473664E-01 -3.8776028161E+00
 -2.2749874051E+00 -3.0829379645E+00  3.1632664091E-02  9.0084056602E-01 -3.9258542084E+00
 -2.2701693895E+00 -3.0594814325E+00  2.4463366173E-02  9.0402478457E-01 -3.9705251523E+00
 -2.2662206585E+00 -3.0355618459E+00  1.8373581734E-02  9.0696820155E-01 -4.0117055081E+00
 -2.2631618980E+00 -3.0112680275E+00  1.3344848532E-02  9.0968251866E-01 -4.0495111314E+00
 -2.2610097479E+00 -2.9866906922E+00  9.3235900088E-03  9.1217948430E-01 -4.0840718017E+00
 -2.2597764651E+00 -2.9619170819E+00  6.2233313048E-03  9.1447033091E-01 -4.1155221301E+00
 -2.2594702045E+00 -2.9370266795E+00  3.9308357727E-03  9.1656553434E-01 -4.1439964001E+00
 -2.2600957397E+00 -2.9120888513E+00  2.3152180269E-03  9.1847485110E-01 -4.1696271900E+00
 -2.2616553293E+00 -2.8871626108E+00  1.2386163920E-03  9.2020753053E-01 -4.1925467035E+00
 -2.2641494551E+00 -2.8622980714E+00  5.6693851145E-04  9.2177258250E-01 -4.2128893093E+00
 -2.2675772745E+00 -2.8375387948E+00  1.7935099872E-04  9.2317900481E-01 -4.2307939204E+00
 -2.2719367773E+00 -2.8129242197E+00 -2.4611711349E-05  9.2443591819E-01 -4.2464053469E+00
 -2.2772247395E+00 -2.7884915991E+00 -1.2120359558E-04  9.2555260175E-01 -4.2598743544E+00
 -2.2834365979E+00 -2.7642772266E+00 -1.6234936960E-04  9.2653845105E-01 -4.2713566241E+00
 -2.2905663337E+00 -2.7403170322E+00 -1.7898618078E-04  9.2740289053E-01 -4.2810110135E+00
 -2.2986063978E+00 -2.7166467726E+00 -1.8669246560E-04  9.2815526673E-01 -4.2889974965E+00
 -2.3075476708E+00 -2.6933020288E+00 -1.9178835418E-04  9.2880473791E-01 -4.2954750267E+00
 -2.3173794429E+00 -2.6703181371E+00 -1.9620509096E-04  9.2936016680E-01 -4.3005994450E+00
 -2.3280894038E+00 -2.6477301008E+00 -2.0034410620E-04  9.2983001894E-01 -4.3045214797E+00
 -2.3391227250E+00 -2.6255475936E+00 -2.0433787656E-04  9.2937694719E-01 -4.3073245085E+00
 -2.3396687303E+00 -2.6244473822E+00 -2.0453637020E-04  9.2930805128E-01 -4.3074324565E+00
</Path of -GradDelSqRho>
<Path of -GradDelSqRho>
Starting CP# =     10
Ending CP# =     15
Number of Points =     24
 -2.7014038550E+00 -3.4339396287E+00  4.2799740150E-01  7.6374657740E-01 -2.2781228187E+00
 -2.7212808663E+00 -3.4340004846E+00  4.3904592912E-01  7.6196518986E-01 -2.2814339921E+00
 -2.7433497905E+00 -3.4333126025E+00  4.5076843974E-01  7.6036381139E-01 -2.2927144135E+00
 -2.7656188678E+00 -3.4318432190E+00  4.6203156283E-01  7.5912438078E-01 -2.3119194301E+00
 -2.7880583912E+00 -3.4296023165E+00  4.7281933006E-01  7.5823048800E-01 -2.3388568150E+00
 -2.8106388250E+00 -3.4266002154E+00  4.8311700077E-01  7.5766158564E-01 -2.3732120873E+00
 -2.8333308449E+00 -3.4228473570E+00  4.9291085823E-01  7.5739329691E-01 -2.4145434636E+00
 -2.8561053264E+00 -3.4183540778E+00  5.0218800049E-01  7.5739778398E-01 -2.4622795484E+00
 -2.8789332853E+00 -3.4131303867E+00  5.1093612391E-01  7.5764418098E-01 -2.5157202377E+00
 -2.9017857679E+00 -3.4071857495E+00  5.1914330317E-01  7.5809909744E-01 -2.5740412042E+00
 -2.9246336899E+00 -3.4005288798E+00  5.2679777200E-01  7.5872719848E-01 -2.6363021909E+00
 -2.9474476178E+00 -3.3931675363E+00  5.3388770974E-01  7.5949186878E-01 -2.7014591904E+00
 -2.9701974907E+00 -3.3851083242E+00  5.4040104055E-01  7.6035596619E-01 -2.7683804279E+00
 -2.9928522697E+00 -3.3763564948E+00  5.4632525647E-01  7.6128266824E-01 -2.8358659145E+00
 -3.0153795047E+00 -3.3669157404E+00  5.5164728431E-01  7.6223640898E-01 -2.9026702034E+00
 -3.0377447999E+00 -3.3567879764E+00  5.5635343187E-01  7.6318389347E-01 -2.9675278656E+00
 -3.0599111529E+00 -3.3459730981E+00  5.6042947647E-01  7.6409515955E-01 -3.0291811033E+00
 -3.0818381328E+00 -3.3344686885E+00  5.6386100673E-01  7.6494462990E-01 -3.0864088321E+00
 -3.1034808392E+00 -3.3222696134E+00  5.6663421088E-01  7.6571205633E-01 -3.1380564764E+00
 -3.1247885212E+00 -3.3093673454E+00  5.6873745902E-01  7.6638320048E-01 -3.1830656242E+00
 -3.1457025560E+00 -3.2957485988E+00  5.7016434238E-01  7.6695002166E-01 -3.2205025861E+00
 -3.1661528727E+00 -3.2813920900E+00  5.7091962910E-01  7.6741006235E-01 -3.2495848179E+00
 -3.1860495188E+00 -3.2662595221E+00  5.7103231886E-01  7.6776464928E-01 -3.2697041782E+00
 -3.2166506583E+00 -3.2397472352E+00  5.7021433817E-01  7.6811498918E-01 -3.2822982424E+00
</Path of -GradDelSqRho>
<Path of -GradDelSqRho>
Starting CP# =     11
Ending CP# =      0
Number of Points =     50
 -2.7015305197E+00 -3.4341611828E+00 -4.2788597414E-01  7.6374656846E-01 -2.2781220253E+00
 -2.6819230704E+00 -3.4334418118E+00 -4.1652540617E-01  7.6583279765E-01 -2.2813955763E+00
 -2.6605752744E+00 -3.4318802497E+00 -4.0361191606E-01  7.6849931795E-01 -2.2925117315E+00
 -2.6395407776E+00 -3.4295061264E+00 -3.9031388257E-01  7.7154870510E-01 -2.3113086882E+00
 -2.6188484675E+00 -3.4263139309E+00 -3.7665512732E-01  7.7497499902E-01 -2.3375125603E+00
 -2.5985265188E+00 -3.4222994530E+00 -3.6266137621E-01  7.7876745016E-01 -2.3707820555E+00
 -2.5786021948E+00 -3.4174598310E+00 -3.4836027602E-01  7.8291061459E-01 -2.4107179432E+00
 -2.5591016549E+00 -3.4117935368E+00 -3.3378139952E-01  7.8738451681E-01 -2.4568717234E+00
 -2.5400497840E+00 -3.4053003086E+00 -3.1895623999E-01  7.9216488280E-01 -2.5087534127E+00
 -2.5214700532E+00 -3.3979810299E+00 -3.0391820351E-01  7.9722344494E-01 -2.5658384608E+00
 -2.5033844214E+00 -3.3898375625E+00 -2.8870261008E-01  8.0252831868E-01 -2.6275738918E+00
 -2.4858132836E+00 -3.3808725389E+00 -2.7334671521E-01  8.0804444977E-01 -2.6933838286E+00
 -2.4687754708E+00 -3.3710891255E+00 -2.5788976450E-01  8.1373412829E-01 -2.7626745981E+00
 -2.4522883031E+00 -3.3604907694E+00 -2.4237309294E-01  8.1955756460E-01 -2.8348396389E+00
 -2.4363676974E+00 -3.3490809437E+00 -2.2684028008E-01  8.2547351942E-01 -2.9092644304E+00
 -2.4210283259E+00 -3.3368629096E+00 -2.1133736982E-01  8.3143997901E-01 -2.9853316450E+00
 -2.4062838249E+00 -3.3238395174E+00 -1.9591316066E-01  8.3741486421E-01 -3.0624266901E+00
 -2.3921470480E+00 -3.3100130699E+00 -1.8061956700E-01  8.4335676049E-01 -3.1399437579E+00
 -2.3786303617E+00 -3.2953852798E+00 -1.6551204514E-01  8.4922565478E-01 -3.2172924448E+00
 -2.3657459778E+00 -3.2799573566E+00 -1.5065006566E-01  8.5498366350E-01 -3.2939049335E+00
 -2.3535063190E+00 -3.2637302691E+00 -1.3609759728E-01  8.6059573488E-01 -3.3692436556E+00
 -2.3419244114E+00 -3.2467052359E+00 -1.2192354194E-01  8.6603030668E-01 -3.4428092718E+00
 -2.3310142923E+00 -3.2288845051E+00 -1.0820202489E-01  8.7125989827E-01 -3.5141487107E+00
 -2.3207914167E+00 -3.2102724837E+00 -9.5012395540E-02  8.7626161219E-01 -3.5828629052E+00
 -2.3112730286E+00 -3.1908772622E+00 -8.2438735764E-02  8.8101751572E-01 -3.6486137467E+00
 -2.3024784474E+00 -3.1707125378E+00 -7.0568611496E-02  8.8551486784E-01 -3.7111296631E+00
 -2.2944291964E+00 -3.1497998559E+00 -5.9490762666E-02  8.8974615307E-01 -3.7702091275E+00
 -2.2871488838E+00 -3.1281709503E+00 -4.9291445657E-02  8.9370888484E-01 -3.8257213708E+00
 -2.2806627460E+00 -3.1058697941E+00 -4.0049276669E-02  8.9740515246E-01 -3.8776036783E+00
 -2.2749968039E+00 -3.0829538065E+00 -3.1828723105E-02  9.0084091233E-01 -3.9258549540E+00
 -2.2701766654E+00 -3.0594936112E+00 -2.4672851065E-02  9.0402506677E-01 -3.9705257975E+00
 -2.2662261327E+00 -3.0355709183E+00 -1.8596451198E-02  9.0696842630E-01 -4.0117060691E+00
 -2.2631658862E+00 -3.0112745400E+00 -1.3581006579E-02  9.0968269348E-01 -4.0495116228E+00
 -2.2610125501E+00 -2.9866951623E+00 -9.5728874099E-03  9.1217961713E-01 -4.0840722356E+00
 -2.2597783556E+00 -2.9619199812E+00 -6.4855702268E-03  9.1447042962E-01 -4.1155225157E+00
 -2.2594714238E+00 -2.9370284205E+00 -4.2057766251E-03  9.1656560638E-01 -4.1439967439E+00
 -2.2600964896E+00 -2.9120897784E+00 -2.6025871501E-03  9.1847490312E-01 -4.1696274966E+00
 -2.2616557707E+00 -2.8871629977E+00 -1.5381132786E-03  9.2020756815E-01 -4.1925469760E+00
 -2.2641497090E+00 -2.8622981233E+00 -8.7824164914E-04  9.2177261020E-01 -4.2128895499E+00
 -2.2675774257E+00 -2.8375386557E+00 -5.0212195056E-04  9.2317902592E-01 -4.2307941311E+00
 -2.2719368808E+00 -2.8129239825E+00 -3.0927409439E-04  9.2443593498E-01 -4.2464055297E+00
 -2.2772248273E+00 -2.7884913184E+00 -2.2343067925E-04  9.2555261566E-01 -4.2598745112E+00
 -2.2834366865E+00 -2.7642769307E+00 -1.9265384299E-04  9.2653846289E-01 -4.2713567569E+00
 -2.2905664303E+00 -2.7403167339E+00 -1.8599318803E-04  9.2740290074E-01 -4.2810111243E+00
 -2.2986065049E+00 -2.7166464766E+00 -1.8785686306E-04  9.2815527555E-01 -4.2889975873E+00
 -2.3075477891E+00 -2.6933017369E+00 -1.9191128275E-04  9.2880474548E-01 -4.2954750994E+00
 -2.3173795724E+00 -2.6703178500E+00 -1.9621189716E-04  9.2936017324E-01 -4.3005995017E+00
 -2.3280895442E+00 -2.6477298188E+00 -2.0034429347E-04  9.2983002437E-01 -4.3045215222E+00
 -2.3395369462E+00 -2.6255196949E+00 -2.0428303633E-04  9.2998580986E-01 -4.3073804983E+00
 -2.3406161625E+00 -2.6226448650E+00 -2.0485374488E-04  9.2926652224E-01 -4.3076129538E+00
</Path of -GradDelSqRho>
<Path of -GradDelSqRho>
Starting CP# =     11
Ending CP# =     16
Number of Points =     24
 -2.7015305197E+00 -3.4341611828E+00 -4.2788597414E-01  7.6374656846E-01 -2.2781220253E+00
 -2.7214108296E+00 -3.4342279267E+00 -4.3892850172E-01  7.6196510291E-01 -2.2814332179E+00
 -2.7434832771E+00 -3.4335463114E+00 -4.5064474319E-01  7.6036364100E-01 -2.2927137192E+00
 -2.7657557513E+00 -3.4320829702E+00 -4.6190193487E-01  7.5912413155E-01 -2.3119188852E+00
 -2.7881985404E+00 -3.4298478769E+00 -4.7268411218E-01  7.5823016524E-01 -2.3388564972E+00
 -2.8107821049E+00 -3.4268513438E+00 -4.8297653803E-01  7.5766119519E-01 -2.3732120829E+00
 -2.8334771165E+00 -3.4231038049E+00 -4.9276549917E-01  7.5739284509E-01 -2.4145438672E+00
 -2.8562544469E+00 -3.4186155896E+00 -5.0203809717E-01  7.5739727739E-01 -2.4622804624E+00
 -2.8790851086E+00 -3.4133967000E+00 -5.1078203213E-01  7.5764362640E-01 -2.5157217717E+00
 -2.9019401444E+00 -3.4074565954E+00 -5.1898538276E-01  7.5809850164E-01 -2.5740434737E+00
 -2.9247904665E+00 -3.4008039828E+00 -5.2663638733E-01  7.5872656804E-01 -2.6363053155E+00
 -2.9476066383E+00 -3.3934466147E+00 -5.3372323038E-01  7.5949120989E-01 -2.7014632920E+00
 -2.9703585952E+00 -3.3853910893E+00 -5.4023384209E-01  7.6035528444E-01 -2.7683856279E+00
 -2.9930152948E+00 -3.3766426511E+00 -5.4615572162E-01  7.6128196839E-01 -2.8358723305E+00
 -3.0155442833E+00 -3.3672049851E+00 -5.5147580417E-01  7.6223569476E-01 -2.9026779460E+00
 -3.0379111611E+00 -3.3570799989E+00 -5.5618040748E-01  7.6318316735E-01 -2.9675370342E+00
 -3.0600789217E+00 -3.3462675798E+00 -5.6025532070E-01  7.6409442254E-01 -3.0291917817E+00
 -3.0820071304E+00 -3.3347653022E+00 -5.6368614644E-01  7.6494388150E-01 -3.0864210837E+00
 -3.1036508825E+00 -3.3225680233E+00 -5.6645908972E-01  7.6571129444E-01 -3.1380703399E+00
 -3.1249594239E+00 -3.3096672077E+00 -5.6856254078E-01  7.6638242160E-01 -3.1830811087E+00
 -3.1458741296E+00 -3.2960495638E+00 -5.6999011568E-01  7.6694922120E-01 -3.2205196671E+00
 -3.1663249294E+00 -3.2816938072E+00 -5.7074661481E-01  7.6740923523E-01 -3.2496034341E+00
 -3.1862218787E+00 -3.2665616512E+00 -5.7086108462E-01  7.6776379077E-01 -3.2697242294E+00
 -3.2168252924E+00 -3.2400475122E+00 -5.7004743198E-01  7.6811408888E-01 -3.2823203060E+00
</Path of -GradDelSqRho>
<Path of -GradDelSqRho>
Starting CP# =     12
Ending CP# =      0
Number of Points =     56
 -3.4076147548E+00 -2.7349411176E+00  4.2468199074E-01  7.6821313036E-01 -2.3262609926E+00
 -3.4070669291E+00 -2.7156029043E+00  4.1334310573E-01  7.7031850284E-01 -2.3294256867E+00
 -3.4056928364E+00 -2.6943098518E+00  4.0031838518E-01  7.7301709301E-01 -2.3403332236E+00
 -3.4035069560E+00 -2.6733247844E+00  3.8691041954E-01  7.7608515604E-01 -2.3588271182E+00
 -3.4005033969E+00 -2.6526762375E+00  3.7314306681E-01  7.7951688421E-01 -2.3846283729E+00
 -3.3966775075E+00 -2.6323920325E+00  3.5904211908E-01  7.8330167997E-01 -2.4173878760E+00
 -3.3920259264E+00 -2.6124990765E+00  3.4463532908E-01  7.8742424810E-01 -2.4566964003E+00
 -3.3865465710E+00 -2.5930231683E+00  3.2995242636E-01  7.9186475714E-01 -2.5020938651E+00
 -3.3802385710E+00 -2.5739888239E+00  3.1502512346E-01  7.9659907291E-01 -2.5530777495E+00
 -3.3731021486E+00 -2.5554191323E+00  2.9988712083E-01  8.0159906600E-01 -2.6091106463E+00
 -3.3651384485E+00 -2.5373356527E+00  2.8457412183E-01  8.0683299378E-01 -2.6696270296E+00
 -3.3563493264E+00 -2.5197583570E+00  2.6912387047E-01  8.1226595547E-01 -2.7340393769E+00
 -3.3467371046E+00 -2.5027056258E+00  2.5357622512E-01  8.1786041722E-01 -2.8017438317E+00
 -3.3363043090E+00 -2.4861942981E+00  2.3797328146E-01  8.2357680137E-01 -2.8721256191E+00
 -3.3250534022E+00 -2.4702397764E+00  2.2235955702E-01  8.2937413257E-01 -2.9445644275E+00
 -3.3129865334E+00 -2.4548561865E+00  2.0678224752E-01  8.3521073052E-01 -3.0184399576E+00
 -3.3001053256E+00 -2.4400565888E+00  1.9129156224E-01  8.4104493772E-01 -3.0931378038E+00
 -3.2864107309E+00 -2.4258532392E+00  1.7594113974E-01  8.4683586853E-01 -3.1680557911E+00
 -3.2719029851E+00 -2.4122578969E+00  1.6078853734E-01  8.5254416461E-01 -3.2426108300E+00
 -3.2565817062E+00 -2.3992821767E+00  1.4589577383E-01  8.5813274024E-01 -3.3162462871E+00
 -3.2404461893E+00 -2.3869379428E+00  1.3132988456E-01  8.6356749977E-01 -3.3884397918E+00
 -3.2234959622E+00 -2.3752377415E+00  1.1716341678E-01  8.6881800724E-01 -3.4587113113E+00
 -3.2057316758E+00 -2.3641952615E+00  1.0347474797E-01  8.7385808559E-01 -3.5266312256E+00
 -3.1871564038E+00 -2.3538258053E+00  9.0348048595E-02  8.7866631789E-01 -3.5918280164E+00
 -3.1677774072E+00 -2.3441467322E+00  7.7872635648E-02  8.8322641775E-01 -3.6539950478E+00
 -3.1476083605E+00 -2.3351778145E+00  6.6141387799E-02  8.8752742913E-01 -3.7128957784E+00
 -3.1266719236E+00 -2.3269414123E+00  5.5247848703E-02  8.9156371179E-01 -3.7683666320E+00
 -3.1050023657E+00 -2.3194623540E+00  4.5281690119E-02  8.9533467115E-01 -3.8203167225E+00
 -3.0826477209E+00 -2.3127674067E+00  3.6322416472E-02  8.9884420754E-01 -3.8687237818E+00
 -3.0596707784E+00 -2.3068842790E+00  2.8431625214E-02  9.0209989558E-01 -3.9136260526E+00
 -3.0361482006E+00 -2.3018402114E+00  2.1644759355E-02  9.0511195872E-01 -3.9551106195E+00
 -3.0121673907E+00 -2.2976603769E+00  1.5963903909E-02  9.0789216361E-01 -3.9932995312E+00
 -2.9878213717E+00 -2.2943664393E+00  1.1353451012E-02  9.1045279843E-01 -4.0283357884E+00
 -2.9632026880E+00 -2.2919756295E+00  7.7401003510E-03  9.1280589185E-01 -4.0603714599E+00
 -2.9383977857E+00 -2.2905005426E+00  5.0176900679E-03  9.1496276699E-01 -4.0895596070E+00
 -2.9134831866E+00 -2.2899496050E+00  3.0561641978E-03  9.1693393043E-01 -4.1160505486E+00
 -2.8885240975E+00 -2.2903279387E+00  1.7130918931E-03  9.1872921067E-01 -4.1399917508E+00
 -2.8635752570E+00 -2.2916382769E+00  8.4582839929E-04  9.2035801729E-01 -4.1615298329E+00
