 AIMInt (Version 19.02.13, Professional)
 Portions Copyright (c) 1997-2019 by Todd A. Keith
 AIMInt is a component of the AIMAll package ( http://aim.tkgristmill.com )

 TP:  64-bit Linux

 Licensed To:  Research Group of Fernando Cortes Guzman, UNAM, fercor@unam.mx

 AIMInt is a heavily modified and extended version of the PROAIMV program
 developed by members of R.F.W. Bader's research group

 Much of the Quantum Theory of Atoms in Molecules (QTAIM) is described in the book:
   "Atoms in Molecules - A Quantum Theory"
   R.F.W. Bader, Oxford University Press, Oxford, 1990

 For additional references see:  http://aim.tkgristmill.com/references.html

 Current Directory:  /home/scratch/M_H2O_4_cuadrado_plano/Opt

 Inp File:  Sc2_cuadrado_plano_cc-pvtz-def2-tzv_5_atomicfiles/o8.inp
 Wfx File:  Sc2_cuadrado_plano_cc-pvtz-def2-tzv_5.wfx
 Out File:  Sc2_cuadrado_plano_cc-pvtz-def2-tzv_5_atomicfiles/o8.int

 Wfx Title:   Sc2_cuadrado_plano_cc-pvtz-def2-tzv_5                                         
 Job Title:   Sc2_cuadrado_plano_cc-pvtz-def2-tzv_5                                         
 
<Atom>
O8      
</Atom>
<Nuclei of Molecule>
    13
Sc1       21.0          -4.6571547084E-05  -2.2718081830E-04   9.4288833671E-05
O2         8.0           2.9070643783E+00   2.9360901520E+00  -5.4980633565E-05
H3         1.0           3.6958121925E+00   3.7181229307E+00  -1.5013680968E+00
O4         8.0           2.9348802329E+00  -2.9074042723E+00  -2.6383316577E-04
H5         1.0           3.7310378654E+00  -3.6820783277E+00  -1.5014822825E+00
O6         8.0          -2.9063852862E+00  -2.9358092222E+00  -4.3604482245E-05
H7         1.0          -3.6947377275E+00  -3.7178449213E+00  -1.5015659296E+00
O8         8.0          -2.9354789880E+00   2.9076953753E+00  -1.8299068181E-04
H9         1.0          -3.7311841912E+00   3.6812168402E+00   1.5018855295E+00
H10        1.0          -3.6942627830E+00  -3.7170445589E+00   1.5021574707E+00
H11        1.0           3.6950596039E+00   3.7167764662E+00   1.5023733262E+00
H12        1.0           3.7301865540E+00  -3.6805366455E+00   1.5022235240E+00
H13        1.0          -3.7315762073E+00   3.6815827502E+00  -1.5018403353E+00
</Nuclei of Molecule>
<Total Number of CPs of DelSqRho>
    28
</Total Number of CPs of DelSqRho>
<Number of (3,+3) CPs of DelSqRho>
     4
</Number of (3,+3) CPs of DelSqRho>
<Number of (3,+1) CPs of DelSqRho>
     8
</Number of (3,+1) CPs of DelSqRho>
<Number of (3,-1) CPs of DelSqRho>
    10
</Number of (3,-1) CPs of DelSqRho>
<Number of (3,-3) CPs of DelSqRho>
     6
</Number of (3,-3) CPs of DelSqRho>
<Number of Degenerate CPs of DelSqRho>
     0
</Number of Degenerate CPs of DelSqRho>
<CP of DelSqRho>
CP# = 1       
Type = (3,+3)
Coords = -2.93547929892335E+00  2.90769569302621E+00 -1.82990599844340E-04
DistFromNuc =  4.4458432707E-07
Rho =  2.9765504082E+02
DelSqRho = -3.3332818216E+06
GradDelSqRho = -1.2342138689E-06  1.8126939949E-05 -4.3421488627E-10
HessDelSqRho_EigVals =  1.3255574239E+11  1.3255575303E+11  1.3255576438E+11
HessDelSqRho_EigVec1 =  6.7537148847E-01  7.3747769631E-01 -1.9913413429E-06
HessDelSqRho_EigVec2 =  7.3747767456E-01 -6.7537146920E-01 -2.4107481162E-04
HessDelSqRho_EigVec3 =  1.7913219184E-04 -1.6134648458E-04  9.9999997094E-01
</CP of DelSqRho>
<CP of DelSqRho>
CP# = 2       
Type = (3,-1)
Coords = -1.68204646743393E+00  1.58197494764763E+00 -2.36197826081768E-05
DistFromNuc =  1.8244527292E+00
Rho =  6.3351563153E-02
DelSqRho =  2.3909378570E-01
GradDelSqRho =  2.4025920142E-16 -7.4593109467E-17  2.7894912535E-18
HessDelSqRho_EigVals = -2.3141477581E-01 -2.0828843628E-01  1.7494785832E+00
HessDelSqRho_EigVec1 =  7.0627409866E-01  7.0793848402E-01 -2.0231156899E-05
HessDelSqRho_EigVec2 = -2.4847353415E-05  5.3366499849E-05  9.9999999827E-01
HessDelSqRho_EigVec3 =  7.0793848387E-01 -7.0627409693E-01  5.5281774288E-05
</CP of DelSqRho>
<CP of DelSqRho>
CP# = 3       
Type = (3,+1)
Coords = -3.04666408018542E+00  3.03535864294741E+00 -1.51354987371974E-04
DistFromNuc =  1.6929275130E-01
Rho =  2.2274720732E+01
DelSqRho =  1.2349988246E+03
GradDelSqRho = -1.3464784843E-12  8.0966344740E-12  1.3770234952E-14
HessDelSqRho_EigVals = -3.9539655415E+05  3.8355955870E+02  2.3459952178E+03
HessDelSqRho_EigVec1 = -6.5648144153E-01  7.5434215180E-01  1.8690669525E-04
HessDelSqRho_EigVec2 =  7.5434216150E-01  6.5648145647E-01 -2.6219674771E-05
HessDelSqRho_EigVec3 =  1.4247938541E-04 -1.2377887060E-04  9.9999998219E-01
</CP of DelSqRho>
<CP of DelSqRho>
CP# = 4       
Type = (3,-1)
Coords = -2.81788830931234E+00  2.78959551311651E+00 -2.21049210596021E-04
DistFromNuc =  1.6665877294E-01
Rho =  2.2855666379E+01
DelSqRho =  1.2941325727E+03
GradDelSqRho = -1.7212897774E-11 -7.3185901783E-13  2.9920510514E-14
HessDelSqRho_EigVals = -4.5831142162E+05 -1.7852462893E+03  5.4075298969E+02
HessDelSqRho_EigVec1 = -7.0552938237E-01  7.0868063231E-01  2.2803644996E-04
HessDelSqRho_EigVec2 =  7.0868064867E-01  7.0552940268E-01 -1.2504824777E-05
HessDelSqRho_EigVec3 =  1.6974834746E-04 -1.5278249797E-04  9.9999997392E-01
</CP of DelSqRho>
<CP of DelSqRho>
CP# = 5       
Type = (3,-3)
Coords = -2.85364899800623E+00  2.82513370490220E+00  1.19694002764069E-01
DistFromNuc =  1.6698224526E-01
Rho =  2.2736892127E+01
DelSqRho =  1.2963964595E+03
GradDelSqRho = -1.7397638885E-11  2.2314594617E-11 -1.8719248374E-11
HessDelSqRho_EigVals = -4.5131054833E+05 -2.2766409101E+03 -8.9007767902E+02
HessDelSqRho_EigVec1 =  4.9237513664E-01 -4.9685808252E-01  7.1463191270E-01
HessDelSqRho_EigVec2 = -7.0669412429E-01 -7.0750156840E-01 -4.9945385566E-03
HessDelSqRho_EigVec3 =  5.0808477591E-01 -5.0256698713E-01 -6.9948286893E-01
</CP of DelSqRho>
<CP of DelSqRho>
CP# = 6       
Type = (3,-3)
Coords = -2.85368076712728E+00  2.82516141539733E+00 -1.20100733865546E-01
DistFromNuc =  1.6698224036E-01
Rho =  2.2736897699E+01
DelSqRho =  1.2963956442E+03
GradDelSqRho =  3.7037040101E-11 -2.7117863510E-11 -5.3574922276E-11
HessDelSqRho_EigVals = -4.5131051586E+05 -2.2765819719E+03 -8.8996352846E+02
HessDelSqRho_EigVec1 = -4.9218572240E-01  4.9669286888E-01  7.1487719832E-01
HessDelSqRho_EigVec2 = -7.0669265102E-01 -7.0750287055E-01  5.0184808890E-03
HessDelSqRho_EigVec3 =  5.0827031357E-01 -5.0272843779E-01  6.9923201169E-01
</CP of DelSqRho>
<CP of DelSqRho>
CP# = 7       
Type = (3,+3)
Coords = -2.40884499840488E+00  2.53344106586420E+00 -2.87960760019910E-04
DistFromNuc =  6.4607248672E-01
Rho =  9.3106857832E-01
DelSqRho = -4.3112421530E+00
GradDelSqRho =  1.2345680034E-13 -5.3401727484E-14 -2.7484525073E-17
HessDelSqRho_EigVals =  9.0164039410E-01  2.2403086285E+01  3.1956585315E+02
HessDelSqRho_EigVec1 =  5.7948132951E-01  8.1498551419E-01  2.0161861099E-05
HessDelSqRho_EigVec2 =  1.2391875475E-04 -1.1284920280E-04  9.9999998595E-01
HessDelSqRho_EigVec3 =  8.1498550502E-01 -5.7948131887E-01 -1.6638599613E-04
</CP of DelSqRho>
<CP of DelSqRho>
CP# = 8       
Type = (3,-1)
Coords = -2.78403565306938E+00  2.76490061060451E+00  6.71461545221488E-01
DistFromNuc =  7.0315845377E-01
Rho =  7.0826676945E-01
DelSqRho = -1.4269963913E+00
GradDelSqRho =  1.6653345369E-16 -9.9920072216E-16 -2.6423307986E-14
HessDelSqRho_EigVals = -1.7321238831E+01 -7.6933204871E+00  1.6522563373E+02
HessDelSqRho_EigVec1 =  6.8274168640E-01 -6.4894808128E-01 -3.3575314959E-01
HessDelSqRho_EigVec2 =  6.8892857951E-01  7.2482922815E-01 -4.8478089102E-05
HessDelSqRho_EigVec3 =  2.4339515603E-01 -2.3127684240E-01  9.4195000939E-01
</CP of DelSqRho>
<CP of DelSqRho>
CP# = 9       
Type = (3,-1)
Coords = -2.78420414427318E+00  2.76505207306628E+00 -6.71895619762859E-01
DistFromNuc =  7.0315648761E-01
Rho =  7.0826639463E-01
DelSqRho = -1.4269767484E+00
GradDelSqRho =  1.2490009027E-15  7.0776717820E-15  2.8421709430E-14
HessDelSqRho_EigVals = -1.7321058717E+01 -7.6934391049E+00  1.6522731008E+02
HessDelSqRho_EigVec1 =  6.8281632134E-01 -6.4903251121E-01  3.3543802811E-01
HessDelSqRho_EigVec2 =  6.8893725814E-01  7.2482097956E-01  4.4050763464E-05
HessDelSqRho_EigVec3 = -2.4316111049E-01  2.3106567678E-01  9.4206227361E-01
</CP of DelSqRho>
<CP of DelSqRho>
CP# = 10      
Type = (3,+1)
Coords = -2.73537552359421E+00  3.40785827310291E+00  4.27789506506884E-01
DistFromNuc =  6.8801510097E-01
Rho =  7.6373319148E-01
DelSqRho = -2.2779720885E+00
GradDelSqRho =  2.7755575616E-15  1.6875389974E-14  1.3322676296E-14
HessDelSqRho_EigVals = -1.2780039211E+01  7.5634938843E+00  1.9135788324E+02
HessDelSqRho_EigVec1 =  8.6961763731E-01 -8.6125541751E-03 -4.9365067486E-01
HessDelSqRho_EigVec2 =  3.5774851965E-01 -6.7808413004E-01  6.4204198404E-01
HessDelSqRho_EigVec3 =  3.4026630978E-01  7.3493383137E-01  5.8659279056E-01
</CP of DelSqRho>
<CP of DelSqRho>
CP# = 11      
Type = (3,+1)
Coords = -2.73547980886197E+00  3.40795746425523E+00 -4.28086686150433E-01
DistFromNuc =  6.8801410007E-01
Rho =  7.6373441730E-01
DelSqRho = -2.2779787222E+00
GradDelSqRho =  9.4368957093E-15  1.0214051827E-14 -2.3092638912E-14
HessDelSqRho_EigVals = -1.2780150064E+01  7.5635839205E+00  1.9135971671E+02
HessDelSqRho_EigVec1 =  8.6974022008E-01 -8.7349269882E-03  4.9343251882E-01
HessDelSqRho_EigVec2 = -3.5758359288E-01  6.7793663700E-01  6.4228956890E-01
HessDelSqRho_EigVec3 =  3.4012633488E-01  7.3506844393E-01 -5.8650529329E-01
</CP of DelSqRho>
<CP of DelSqRho>
CP# = 12      
Type = (3,+1)
Coords = -3.43462630508871E+00  2.70173826081309E+00  4.24555321317053E-01
DistFromNuc =  6.8700000791E-01
Rho =  7.6819227373E-01
DelSqRho = -2.3260241996E+00
GradDelSqRho = -1.4988010832E-14 -4.3298697960E-15  2.4424906542E-14
HessDelSqRho_EigVals = -1.2630103444E+01  7.7416615665E+00  1.9366679511E+02
HessDelSqRho_EigVec1 = -1.9097941990E-02  8.6698404179E-01  4.9796981826E-01
HessDelSqRho_EigVec2 =  6.7950639780E-01 -3.5409965744E-01  6.4256088268E-01
HessDelSqRho_EigVec3 =  7.3342097322E-01  3.5064526788E-01 -5.8235862847E-01
</CP of DelSqRho>
<CP of DelSqRho>
CP# = 13      
Type = (3,+1)
Coords = -3.43473382231715E+00  2.70183516351896E+00 -4.24842035566092E-01
DistFromNuc =  6.8700008793E-01
Rho =  7.6819019375E-01
DelSqRho = -2.3260013328E+00
GradDelSqRho =  1.3211653993E-14  4.4408920985E-15  3.9968028887E-15
HessDelSqRho_EigVals = -1.2630402983E+01  7.7415176017E+00  1.9366685998E+02
HessDelSqRho_EigVec1 = -1.9226313522E-02  8.6709812107E-01 -4.9776620747E-01
HessDelSqRho_EigVec2 = -6.7934549449E-01  3.5395009656E-01  6.4281336970E-01
HessDelSqRho_EigVec3 =  7.3356666226E-01  3.5051416174E-01  5.8225404630E-01
</CP of DelSqRho>
<CP of DelSqRho>
CP# = 14      
Type = (3,-1)
Coords = -3.35475501856409E+00  3.47748310491711E+00 -6.17091228747011E-05
DistFromNuc =  7.0742523378E-01
Rho =  7.1440976006E-01
DelSqRho = -1.5456707404E+00
GradDelSqRho = -9.7144514655E-15  2.4424906542E-15 -2.9986321586E-16
HessDelSqRho_EigVals = -1.7575803513E+01 -7.3971162427E-01  1.5506916361E+02
HessDelSqRho_EigVec1 =  1.2793715609E-04 -1.2079630280E-04  9.9999998452E-01
HessDelSqRho_EigVec2 =  8.1211489040E-01  5.8349756099E-01 -3.3415321949E-05
HessDelSqRho_EigVec3 = -5.8349754792E-01  8.1211488210E-01  1.7275149475E-04
</CP of DelSqRho>
<CP of DelSqRho>
CP# = 15      
Type = (3,+3)
Coords = -3.24877826921442E+00  3.20859122138183E+00  5.70016433893867E-01
DistFromNuc =  7.1681387655E-01
Rho =  7.6814320988E-01
DelSqRho = -3.2826736452E+00
GradDelSqRho =  2.5535129566E-15  8.2156503822E-15 -3.3306690739E-15
HessDelSqRho_EigVals =  1.5387075347E+01  2.2031241235E+01  1.4841101062E+02
HessDelSqRho_EigVec1 =  6.9624869632E-01  7.1776795880E-01  6.8491010466E-03
HessDelSqRho_EigVec2 =  5.6519873240E-01 -5.5408562199E-01  6.1117879249E-01
HessDelSqRho_EigVec3 = -4.4247954277E-01  4.2166133426E-01  7.9146293244E-01
</CP of DelSqRho>
<CP of DelSqRho>
CP# = 16      
Type = (3,+3)
Coords = -3.24892203271547E+00  3.20872905158889E+00 -5.70231587509816E-01
DistFromNuc =  7.1681463386E-01
Rho =  7.6814330870E-01
DelSqRho = -3.2827026960E+00
GradDelSqRho = -1.6542323067E-14  6.5503158453E-15 -1.2878587086E-14
HessDelSqRho_EigVals =  1.5387493192E+01  2.2031601027E+01  1.4841033444E+02
HessDelSqRho_EigVec1 =  6.9625197315E-01  7.1776474024E-01 -6.8532870929E-03
HessDelSqRho_EigVec2 =  5.6504277882E-01 -5.5394556050E-01 -6.1144989501E-01
HessDelSqRho_EigVec3 =  4.4267352302E-01 -4.2185079550E-01  7.9125347288E-01
</CP of DelSqRho>
<CP of DelSqRho>
CP# = 17      
Type = (3,-3)
Coords = -4.07147533805732E+00  3.17881799142891E+00 -5.16302250573275E-06
DistFromNuc =  1.1679020558E+00
Rho =  2.4489522149E-01
DelSqRho =  8.3063746226E-01
GradDelSqRho = -1.4432899320E-15  2.2898349883E-16  6.0003813983E-18
HessDelSqRho_EigVals = -1.7853773190E+01 -1.8926463805E+00 -2.7166587965E-01
HessDelSqRho_EigVec1 =  9.7753413071E-01 -2.1077713467E-01 -1.5101447575E-04
HessDelSqRho_EigVec2 =  1.2468972140E-04 -1.3818393899E-04  9.9999998268E-01
HessDelSqRho_EigVec3 =  2.1077715188E-01  9.7753413260E-01  1.0879777448E-04
</CP of DelSqRho>
<CP of DelSqRho>
CP# = 18      
Type = (3,-3)
Coords = -3.21750840933903E+00  4.03922341977577E+00 -1.12666129925171E-05
DistFromNuc =  1.1661459340E+00
Rho =  2.4441894278E-01
DelSqRho =  8.3236671827E-01
GradDelSqRho =  9.2287288922E-16 -1.4571677198E-15  1.5873058618E-16
HessDelSqRho_EigVals = -1.7966556985E+01 -1.8136335012E+00 -2.7361796058E-01
HessDelSqRho_EigVec1 = -2.1941949679E-01  9.7563059764E-01  1.4619037495E-04
HessDelSqRho_EigVec2 =  1.4569584615E-04 -1.1707490871E-04  9.9999998253E-01
HessDelSqRho_EigVec3 =  9.7563059772E-01  2.1941951426E-01 -1.1645680790E-04
</CP of DelSqRho>
<CP of DelSqRho>
CP# = 19      
Type = (3,-3)
Coords = -2.65151134746462E+00  2.60866132976607E+00  1.07496292045386E+00
DistFromNuc =  1.1515197399E+00
Rho =  2.4409111207E-01
DelSqRho =  8.2296521922E-01
GradDelSqRho = -9.2287288922E-16  9.9920072216E-16 -3.1086244690E-15
HessDelSqRho_EigVals = -1.7684875962E+01 -1.7095487376E+00 -3.3884059944E-01
HessDelSqRho_EigVec1 =  2.7138793584E-01 -2.8249817702E-01  9.2007791423E-01
HessDelSqRho_EigVec2 = -6.5848809832E-01  6.4270625373E-01  3.9156365482E-01
HessDelSqRho_EigVec3 =  7.0195584808E-01  7.1212600808E-01  1.1598963813E-02
</CP of DelSqRho>
<CP of DelSqRho>
CP# = 20      
Type = (3,-3)
Coords = -2.65176672318151E+00  2.60891623408978E+00 -1.07546064086124E+00
DistFromNuc =  1.1515136340E+00
Rho =  2.4408911803E-01
DelSqRho =  8.2298464576E-01
GradDelSqRho = -7.5633943553E-16 -6.3143934526E-16  6.9388939039E-16
HessDelSqRho_EigVals = -1.7685581994E+01 -1.7093864441E+00 -3.3885005192E-01
HessDelSqRho_EigVec1 = -2.7116965620E-01  2.8228080705E-01  9.2020897818E-01
HessDelSqRho_EigVec2 = -6.5858434716E-01  6.4279527180E-01 -3.9125553828E-01
HessDelSqRho_EigVec3 =  7.0194990935E-01  7.1213185895E-01 -1.1599148167E-02
</CP of DelSqRho>
<CP of DelSqRho>
CP# = 21      
Type = (3,+1)
Coords = -1.90717680032877E+00  2.23862202192051E+00 -2.98604574652071E-04
DistFromNuc =  1.2268107249E+00
Rho =  2.3966596564E-01
DelSqRho =  5.2720486957E-01
GradDelSqRho = -2.6603719228E-14  1.3308798508E-14 -9.2106362684E-18
HessDelSqRho_EigVals = -1.3461253547E+01  1.3207652176E-01  4.9904418467E-01
HessDelSqRho_EigVec1 =  8.3921369212E-01 -5.4380177574E-01 -8.7516563920E-05
HessDelSqRho_EigVec2 =  5.4380177987E-01  8.3921369341E-01  3.1670758578E-05
HessDelSqRho_EigVec3 =  5.6222484088E-05 -7.4170197466E-05  9.9999999567E-01
</CP of DelSqRho>
<CP of DelSqRho>
CP# = 22      
Type = (3,-1)
Coords = -2.36574886532935E+00  3.66136425264726E+00  7.06668764697482E-01
DistFromNuc =  1.1799358429E+00
Rho =  2.3823976472E-01
DelSqRho =  7.3132392829E-01
GradDelSqRho =  2.0539125956E-15  6.6613381478E-16  1.6653345369E-15
HessDelSqRho_EigVals = -1.7087300695E+01 -1.2684948273E+00  2.6189607027E-01
HessDelSqRho_EigVec1 =  5.0930932797E-01  6.3375429302E-01  5.8220228832E-01
HessDelSqRho_EigVec2 = -8.2163376244E-01  1.5686740489E-01  5.4800600153E-01
HessDelSqRho_EigVec3 =  2.5597259398E-01 -7.5746162501E-01  6.0060795679E-01
</CP of DelSqRho>
<CP of DelSqRho>
CP# = 23      
Type = (3,-1)
Coords = -3.70305480048028E+00  2.32412427667642E+00  6.80655333966103E-01
DistFromNuc =  1.1803680271E+00
Rho =  2.3799412050E-01
DelSqRho =  7.3332022947E-01
GradDelSqRho = -1.2351231149E-15 -2.9837243787E-16  1.2351231149E-15
HessDelSqRho_EigVals = -1.7184086148E+01 -1.1923333150E+00  2.5068246190E-01
HessDelSqRho_EigVec1 =  6.4529974745E-01  5.2051461874E-01 -5.5915361719E-01
HessDelSqRho_EigVec2 =  1.6216390145E-01 -8.0859731822E-01 -5.6557337812E-01
HessDelSqRho_EigVec3 = -7.4651932661E-01  2.7428982599E-01 -6.0619632657E-01
</CP of DelSqRho>
<CP of DelSqRho>
CP# = 24      
Type = (3,-1)
Coords = -2.36593342022809E+00  3.66156596030791E+00 -7.06963600155855E-01
DistFromNuc =  1.1799329823E+00
Rho =  2.3823871580E-01
DelSqRho =  7.3133905367E-01
GradDelSqRho =  3.5596525727E-15  2.4563684420E-15 -2.5257573810E-15
HessDelSqRho_EigVals = -1.7087777545E+01 -1.2684522869E+00  2.6187798738E-01
HessDelSqRho_EigVec1 =  5.0915757907E-01  6.3392303602E-01 -5.8215130686E-01
HessDelSqRho_EigVec2 =  8.2176153279E-01 -1.5698169365E-01  5.4778164544E-01
HessDelSqRho_EigVec3 =  2.5586430564E-01 -7.5729672670E-01 -6.0086198485E-01
</CP of DelSqRho>
<CP of DelSqRho>
CP# = 25      
Type = (3,-1)
Coords = -3.70324983263066E+00  2.32429135719081E+00 -6.80940581120828E-01
DistFromNuc =  1.1803657125E+00
Rho =  2.3799301439E-01
DelSqRho =  7.3333149208E-01
GradDelSqRho = -5.5511151231E-17 -1.5334955528E-15 -1.0685896612E-15
HessDelSqRho_EigVals = -1.7184383458E+01 -1.1923414127E+00  2.5067592958E-01
HessDelSqRho_EigVec1 =  6.4546161783E-01  5.2037791762E-01  5.5909401960E-01
HessDelSqRho_EigVec2 =  1.6229729123E-01 -8.0872443155E-01  5.6535332586E-01
HessDelSqRho_EigVec3 =  7.4635037962E-01 -2.7417442744E-01 -6.0645650642E-01
</CP of DelSqRho>
<CP of DelSqRho>
CP# = 26      
Type = (3,+1)
Coords = -3.43272801976030E+00  3.39071702638638E+00  9.29663153591455E-01
DistFromNuc =  1.1598191096E+00
Rho =  4.1326714751E-01
DelSqRho = -9.7656982395E-01
GradDelSqRho = -7.7442913193E-13  6.1062266354E-13  1.1562972801E-12
HessDelSqRho_EigVals = -3.1698555252E+01  1.5080472837E+01  1.5530879528E+01
HessDelSqRho_EigVec1 = -4.2503784186E-01  4.1359714847E-01  8.0515851344E-01
HessDelSqRho_EigVec2 =  7.1504933030E-01  6.9882937268E-01  1.8492244837E-02
HessDelSqRho_EigVec3 =  5.5502007913E-01 -5.8358795966E-01  5.9277129242E-01
</CP of DelSqRho>
<CP of DelSqRho>
CP# = 27      
Type = (3,+1)
Coords = -3.43297003921975E+00  3.39094286656806E+00 -9.29776595179693E-01
DistFromNuc =  1.1598145341E+00
Rho =  4.1327250391E-01
DelSqRho = -9.7662173035E-01
GradDelSqRho = -8.0392636992E-13  6.3572758169E-13 -1.2112810754E-12
HessDelSqRho_EigVals = -3.1699986764E+01  1.5081217138E+01  1.5531697642E+01
HessDelSqRho_EigVec1 =  4.2525186281E-01 -4.1379661113E-01  8.0494299040E-01
HessDelSqRho_EigVec2 =  7.1503854705E-01  6.9884012336E-01 -1.8502924462E-02
HessDelSqRho_EigVec3 =  5.5487001127E-01 -5.8343366941E-01 -5.9306359186E-01
</CP of DelSqRho>
<CP of DelSqRho>
CP# = 28      
Type = (3,-1)
Coords = -3.78175742320641E+00  3.72777412037023E+00  2.71587584993227E-05
DistFromNuc =  1.1784381113E+00
Rho =  2.5066994277E-01
DelSqRho =  8.1233275208E-01
GradDelSqRho =  2.4702462298E-15 -4.3021142204E-15  3.3623142248E-16
HessDelSqRho_EigVals = -1.6503975257E+01 -3.7648510766E+00  2.1675302598E-01
HessDelSqRho_EigVec1 =  7.1752939978E-01 -6.9652819645E-01 -1.7888363728E-04
HessDelSqRho_EigVec2 =  1.3053592734E-04 -1.2235006315E-04  9.9999998400E-01
HessDelSqRho_EigVec3 =  6.9652820719E-01  7.1752941165E-01 -3.1321866684E-06
</CP of DelSqRho>
<Path of -GradDelSqRho>
Starting CP# =      3
Ending CP# =      0
Number of Points =     23
 -3.0466640802E+00  3.0353586429E+00 -1.5135498737E-04  2.2274720732E+01  1.2349988246E+03
 -3.0630746281E+00  3.0542184917E+00 -1.4668206496E-04  1.5409517089E+01  1.1548475706E+03
 -3.0794838446E+00  3.0730794989E+00 -1.4200883104E-04  1.0748657560E+01  9.8596593837E+02
 -3.0958928048E+00  3.0919407291E+00 -1.3733542242E-04  7.5941685320E+00  7.7825545879E+02
 -3.1123009894E+00  3.1108026339E+00 -1.3266171992E-04  5.4669959110E+00  5.7840760976E+02
 -3.1287075973E+00  3.1296659103E+00 -1.2798750805E-04  4.0333508419E+00  4.1511268596E+02
 -3.1451118298E+00  3.1485312524E+00 -1.2331250841E-04  3.0647964449E+00  2.9319632246E+02
 -3.1615129851E+00  3.1673992698E+00 -1.1863638861E-04  2.4079393381E+00  2.0535920046E+02
 -3.1779105508E+00  3.1862704069E+00 -1.1395877276E-04  1.9603376873E+00  1.4238978424E+02
 -3.1943041897E+00  3.2051449553E+00 -1.0927921698E-04  1.6531668490E+00  9.7138015230E+01
 -3.2106936021E+00  3.2240231739E+00 -1.0459712314E-04  1.4398067742E+00  6.4777728281E+01
 -3.2270783826E+00  3.2429054127E+00 -9.9911596961E-05  1.2886002943E+00  4.2004026501E+01
 -3.2434579547E+00  3.2617921698E+00 -9.5221250813E-05  1.1781798231E+00  2.6358694085E+01
 -3.2598315864E+00  3.2806840770E+00 -9.0523916149E-05  1.0943058836E+00  1.5901451352E+01
 -3.2761984804E+00  3.2995818216E+00 -8.5816195288E-05  1.0276383142E+00  9.0974215352E+00
 -3.2925579581E+00  3.3184859866E+00 -8.1092737079E-05  9.7214321004E-01  4.7754643381E+00
 -3.3089097881E+00  3.3373967674E+00 -7.6345018665E-05  9.2396820088E-01  2.0857712977E+00
 -3.3252547260E+00  3.3563135054E+00 -7.1559110327E-05  8.8066979992E-01  4.4241140047E-01
 -3.3415953906E+00  3.3752339349E+00 -6.6710856385E-05  8.4069962927E-01 -5.4030416476E-01
 -3.3579379701E+00  3.3941527104E+00 -6.1752786878E-05  8.0307343779E-01 -1.1065439523E+00
 -3.3742975702E+00  3.4130567659E+00 -5.6565297998E-05  7.6716354843E-01 -1.4065101138E+00
 -3.3907338449E+00  3.4318940956E+00 -5.0610108498E-05  7.3257161404E-01 -1.5313962564E+00
 -3.4012658288E+00  3.4400819187E+00 -1.7096622500E-05  7.1490969207E-01 -1.5467451218E+00
</Path of -GradDelSqRho>
<Path of -GradDelSqRho>
Starting CP# =      3
Ending CP# =      1
Number of Points =      7
 -3.0466640802E+00  3.0353586429E+00 -1.5135498737E-04  2.2274720732E+01  1.2349988246E+03
 -3.0302501513E+00  3.0165017367E+00 -1.5602737187E-04  3.2418538722E+01  9.9491435422E+02
 -3.0138331903E+00  2.9976474701E+00 -1.6069933237E-04  4.7513073296E+01 -7.1440905385E+02
 -2.9974148695E+00  2.9787943876E+00 -1.6537111334E-04  6.9916486813E+01 -6.1728660215E+03
 -2.9809956165E+00  2.9599421169E+00 -1.7004278570E-04  1.0312224413E+02 -1.9868482503E+04
 -2.9645747423E+00  2.9410912583E+00 -1.7471430638E-04  1.5292477890E+02 -7.2687194113E+04
 -2.9354792989E+00  2.9076956930E+00 -1.8299059984E-04  2.9765504082E+02 -3.3332818216E+06
</Path of -GradDelSqRho>
<Path of -GradDelSqRho>
Starting CP# =     10
Ending CP# =      0
Number of Points =     50
 -2.7353755236E+00  3.4078582731E+00  4.2778950651E-01  7.6373319148E-01 -2.2779720885E+00
 -2.7157655762E+00  3.4073351067E+00  4.1642387676E-01  7.6581762210E-01 -2.2812453275E+00
 -2.6944069394E+00  3.4059873371E+00  4.0350423121E-01  7.6848225283E-01 -2.2923607242E+00
 -2.6733537335E+00  3.4038240547E+00  3.9019983590E-01  7.7152978228E-01 -2.3111562879E+00
 -2.6526347869E+00  3.4008394548E+00  3.7653452168E-01  7.7495425145E-01 -2.3373579739E+00
 -2.6322782275E+00  3.3970290405E+00  3.6253402437E-01  7.7874491275E-01 -2.3706243814E+00
 -2.6123112845E+00  3.3923896714E+00  3.4822600115E-01  7.8288632530E-01 -2.4105562193E+00
 -2.5927600960E+00  3.3869195515E+00  3.3364003563E-01  7.8735851786E-01 -2.4567049731E+00
 -2.5736495374E+00  3.3806181629E+00  3.1880763210E-01  7.9213722218E-01 -2.5085806873E+00
 -2.5550030814E+00  3.3734861465E+00  3.0376220782E-01  7.9719417789E-01 -2.5656588786E+00
 -2.5368426982E+00  3.3655251356E+00  2.8853909388E-01  8.0249750938E-01 -2.6273866740E+00
 -2.5191888011E+00  3.3567375494E+00  2.7317555674E-01  8.0801217289E-01 -2.6931883301E+00
 -2.5020602449E+00  3.3471263555E+00  2.5771085264E-01  8.1370047066E-01 -2.7624703356E+00
 -2.4854743764E+00  3.3366948171E+00  2.4218632675E-01  8.1952262656E-01 -2.8346263147E+00
 -2.4694471391E+00  3.3254462366E+00  2.2664556826E-01  8.2543741609E-01 -2.9090419526E+00
 -2.4539932303E+00  3.3133837169E+00  2.1113462989E-01  8.3140284128E-01 -2.9851001440E+00
 -2.4391263069E+00  3.3005099605E+00  1.9570231795E-01  8.3737683934E-01 -3.0621865309E+00
 -2.4248592378E+00  3.2868271303E+00  1.8040055337E-01  8.4331801230E-01 -3.1396955489E+00
 -2.4112043989E+00  3.2723368044E+00  1.6528479723E-01  8.4918636346E-01 -3.2170370422E+00
 -2.3981740058E+00  3.2570400607E+00  1.5041452265E-01  8.5494402487E-01 -3.2936434405E+00
 -2.3857804820E+00  3.2409377351E+00  1.3585369789E-01  8.6055595912E-01 -3.3689774174E+00
 -2.3740368557E+00  3.2240309096E+00  1.2167122056E-01  8.6599061657E-01 -3.4425398644E+00
 -2.3629571751E+00  3.2063216873E+00  1.0794120660E-01  8.7122052676E-01 -3.5138779239E+00
 -2.3525569254E+00  3.1878143179E+00  9.4742989917E-02  8.7622279947E-01 -3.5825927186E+00
 -2.3428534141E+00  3.1685167190E+00  8.2160629432E-02  8.8097950565E-01 -3.6483462992E+00
 -2.3338660764E+00  3.1484423954E+00  7.0281659866E-02  8.8547790388E-01 -3.7108672151E+00
 -2.3256166250E+00  3.1276126776E+00  5.9194781699E-02  8.8971047372E-01 -3.7699540166E+00
 -2.3181289535E+00  3.1060590618E+00  4.8986205390E-02  8.9367471886E-01 -3.8254759629E+00
 -2.3114287015E+00  3.0838252623E+00  3.9734499084E-02  8.9737271418E-01 -3.8773703160E+00
 -2.3055424233E+00  3.0609684251E+00  3.1504087570E-02  9.0081039740E-01 -3.9256359076E+00
 -2.3004963911E+00  3.0375588978E+00  2.4338010386E-02  9.0399664889E-01 -3.9703232223E+00
 -2.2963151853E+00  3.0136781272E+00  1.8251059740E-02  9.0694225532E-01 -4.0115219741E+00
 -2.2930203424E+00  2.9894146945E+00  1.3224758967E-02  9.0965889501E-01 -4.0493478524E+00
 -2.2906293724E+00  2.9648591034E+00  9.2055627543E-03  9.1215829344E-01 -4.0839304630E+00
 -2.2891553698E+00  2.9400984275E+00  6.1070741831E-03  9.1445166136E-01 -4.1154042436E+00
 -2.2886072537E+00  2.9152120294E+00  3.8161729950E-03  9.1654945440E-01 -4.1439033057E+00
 -2.2889904642E+00  2.8902692000E+00  2.2021122860E-03  9.1846140984E-01 -4.1695600522E+00
 -2.2903078261E+00  2.8653289133E+00  1.1271694336E-03  9.2019675817E-01 -4.1925065008E+00
 -2.2925603005E+00  2.8404412689E+00  4.5736878742E-04  9.2176449018E-01 -4.2128768169E+00
 -2.2957474601E+00  2.8156498309E+00  7.1951275564E-05  9.2317358395E-01 -4.2308096897E+00
 -2.2998676705E+00  2.7909940519E+00 -1.2952916091E-04  9.2443313985E-01 -4.2464496854E+00
 -2.3049180632E+00  2.7665112100E+00 -2.2336208211E-04  9.2555241616E-01 -4.2599473098E+00
 -2.3108944225E+00  2.7422376362E+00 -2.6154897775E-04  9.2654078740E-01 -4.2714579728E+00
 -2.3177910744E+00  2.7182093126E+00 -2.7512016246E-04  9.2740765702E-01 -4.2811402542E+00
 -2.3256008141E+00  2.6944620638E+00 -2.7973732604E-04  9.2816235085E-01 -4.2891538469E+00
 -2.3343148654E+00  2.6710315546E+00 -2.8177756231E-04  9.2881400683E-01 -4.2956574231E+00
 -2.3439228594E+00  2.6479532207E+00 -2.8320199667E-04  9.2937146787E-01 -4.3008065446E+00
 -2.3544128241E+00  2.6252621804E+00 -2.8442480303E-04  9.2984318039E-01 -4.3047516645E+00
 -2.3660249612E+00  2.6032445692E+00 -2.8543751073E-04  9.3082839704E-01 -4.3076077181E+00
 -2.3661667709E+00  2.6010533275E+00 -2.8566497195E-04  9.2928012316E-01 -4.3077641239E+00
</Path of -GradDelSqRho>
<Path of -GradDelSqRho>
Starting CP# =     10
Ending CP# =     15
Number of Points =     24
 -2.7353755236E+00  3.4078582731E+00  4.2778950651E-01  7.6373319148E-01 -2.2779720885E+00
 -2.7552520527E+00  3.4077262809E+00  4.3883698040E-01  7.6195353261E-01 -2.2812830536E+00
 -2.7773136388E+00  3.4068242054E+00  4.5055877725E-01  7.6035402931E-01 -2.2925633827E+00
 -2.7995677024E+00  3.4051386017E+00  4.6182129137E-01  7.5911651057E-01 -2.3117687868E+00
 -2.8219846329E+00  3.4026797449E+00  4.7260855331E-01  7.5822456704E-01 -2.3387074182E+00
 -2.8445349951E+00  3.3994582482E+00  4.8290582214E-01  7.5765765134E-01 -2.3730651987E+00
 -2.8671895665E+00  3.3954848437E+00  4.9269938178E-01  7.5739138581E-01 -2.4144007583E+00
 -2.8899193238E+00  3.3907701581E+00  5.0197633199E-01  7.5739793060E-01 -2.4621431116E+00
 -2.9126953816E+00  3.3853244897E+00  5.1072437198E-01  7.5764641640E-01 -2.5155925469E+00
 -2.9354888806E+00  3.3791575941E+00  5.1893158040E-01  7.5810344753E-01 -2.5739250942E+00
 -2.9582708241E+00  3.3722784768E+00  5.2658619626E-01  7.5873368188E-01 -2.6362008035E+00
 -2.9810118584E+00  3.3646951926E+00  5.3367640547E-01  7.5950049451E-01 -2.7013759080E+00
 -3.0036819922E+00  3.3564146493E+00  5.4019014009E-01  7.6036673089E-01 -2.7683187925E+00
 -3.0262502447E+00  3.3474424112E+00  5.4611490149E-01  7.6129555310E-01 -2.8358295350E+00
 -3.0486842106E+00  3.3377824981E+00  5.5143762708E-01  7.6225137629E-01 -2.9026626520E+00
 -3.0709495238E+00  3.3274371723E+00  5.5614463633E-01  7.6320088294E-01 -2.9675525667E+00
 -3.0930091947E+00  3.3164067021E+00  5.6022171888E-01  7.6411408452E-01 -3.0292412178E+00
 -3.1148227862E+00  3.3046890777E+00  5.6365447527E-01  7.6496537383E-01 -3.0865071404E+00
 -3.1363453687E+00  3.2922796160E+00  5.6642910349E-01  7.6573447000E-01 -3.1381952630E+00
 -3.1575261349E+00  3.2791702999E+00  5.6853397788E-01  7.6640710085E-01 -3.1832465681E+00
 -3.1783063656E+00  3.2653484347E+00  5.6996268222E-01  7.6697519342E-01 -3.2207266603E+00
 -3.1986158299E+00  3.2507934528E+00  5.7071995283E-01  7.6743626382E-01 -3.2498522034E+00
 -3.2183642878E+00  3.2354680118E+00  5.7083469841E-01  7.6779162417E-01 -3.2700141957E+00
 -3.2487782692E+00  3.2085912214E+00  5.7001643389E-01  7.6814320988E-01 -3.2826736452E+00
</Path of -GradDelSqRho>
<Path of -GradDelSqRho>
Starting CP# =     11
Ending CP# =      0
Number of Points =     50
 -2.7354798089E+00  3.4079574643E+00 -4.2808668615E-01  7.6373441730E-01 -2.2779787222E+00
 -2.7158670495E+00  3.4074314877E+00 -4.1672605486E-01  7.6581890551E-01 -2.2812519861E+00
 -2.6945052167E+00  3.4060805396E+00 -4.0381202661E-01  7.6848360044E-01 -2.2923674672E+00
 -2.6734487273E+00  3.4039140003E+00 -3.9051335873E-01  7.7153119313E-01 -2.3111631647E+00
 -2.6527264152E+00  3.4009260707E+00 -3.7685387645E-01  7.7495572358E-01 -2.3373650238E+00
 -2.6323664140E+00  3.3971122598E+00 -3.6285930985E-01  7.7874644315E-01 -2.3706316333E+00
 -2.6123959593E+00  3.3924694337E+00 -3.4855731033E-01  7.8288790985E-01 -2.4105636921E+00
 -2.5928411957E+00  3.3869958031E+00 -3.3397745564E-01  7.8736015138E-01 -2.4567126755E+00
 -2.5737270056E+00  3.3806908573E+00 -3.1915124433E-01  7.9213889837E-01 -2.5085886184E+00
 -2.5550768695E+00  3.3735552448E+00 -3.0411208791E-01  7.9719588940E-01 -2.5656670283E+00
 -2.5369127653E+00  3.3655906066E+00 -2.8889531196E-01  8.0249924786E-01 -2.6273950228E+00
 -2.5192551151E+00  3.3567993700E+00 -2.7353817760E-01  8.0801392909E-01 -2.6931968502E+00
 -2.5021227825E+00  3.3471845115E+00 -2.5807993600E-01  8.1370223451E-01 -2.7624789910E+00
 -2.4855331239E+00  3.3367493029E+00 -2.4256192761E-01  8.1952438735E-01 -2.8346350623E+00
 -2.4695020932E+00  3.3254970561E+00 -2.2702773721E-01  8.2543916264E-01 -2.9090507432E+00
 -2.4540443984E+00  3.3134308842E+00 -2.1152341351E-01  8.3140456213E-01 -2.9851089232E+00
 -2.4391737081E+00  3.3005534999E+00 -1.9609775916E-01  8.3737852298E-01 -3.0621952409E+00
 -2.4249029038E+00  3.2868670773E+00 -1.8080269177E-01  8.4331964741E-01 -3.1397041299E+00
 -2.4112443750E+00  3.2723732068E+00 -1.6569366935E-01  8.4918793916E-01 -3.2170454343E+00
 -2.3982103517E+00  3.2570729789E+00 -1.5083016206E-01  8.5494553098E-01 -3.2936515858E+00
 -2.3858132736E+00  3.2409672441E+00 -1.3627613521E-01  8.6055738644E-01 -3.3689852618E+00
 -2.3740661860E+00  3.2240570995E+00 -1.2210048308E-01  8.6599195709E-01 -3.4425473597E+00
 -2.3629831558E+00  3.2063446651E+00 -1.0837731764E-01  8.7122177396E-01 -3.5138850299E+00
 -2.3525796883E+00  3.1878342089E+00 -9.5185967677E-02  8.7622394846E-01 -3.5825994042E+00
 -2.3428731123E+00  3.1685336681E+00 -8.2610485269E-02  8.8098055339E-01 -3.6483525438E+00
 -2.3338828853E+00  3.1484565683E+00 -7.0738395860E-02  8.8547884926E-01 -3.7108730095E+00
 -2.3256307425E+00  3.1276242613E+00 -5.9658387513E-02  8.8971131763E-01 -3.7699593622E+00
 -2.3181405996E+00  3.1060682641E+00 -4.9456654452E-02  8.9367546412E-01 -3.8254808709E+00
 -2.3114381160E+00  3.0838323105E+00 -4.0211744346E-02  8.9737336546E-01 -3.8773748059E+00
 -2.3055498620E+00  3.0609735617E+00 -3.1988057302E-02  9.0081096092E-01 -3.9256400046E+00
 -2.3005021208E+00  3.0375623759E+00 -2.4828604646E-02  9.0399713215E-01 -3.9703269547E+00
 -2.2963194760E+00  3.0136802028E+00 -1.8748148258E-02  9.0694266671E-01 -4.0115253703E+00
 -2.2930234592E+00  2.9894156183E+00 -1.3728180997E-02  9.0965924334E-01 -4.0493509390E+00
 -2.2906315668E+00  2.9648591120E+00 -9.7151290891E-03  9.1215858754E-01 -4.0839332633E+00
 -2.2891568714E+00  2.9400977358E+00 -6.6225710242E-03  9.1445190971E-01 -4.1154067774E+00
 -2.2886082637E+00  2.9152108247E+00 -4.3373669567E-03  9.1654966476E-01 -4.1439055893E+00
 -2.2889911512E+00  2.8902676382E+00 -2.7287556507E-03  9.1846158907E-01 -4.1695620997E+00
 -2.2903083245E+00  2.8653271183E+00 -1.6590048813E-03  9.2019691204E-01 -4.1925083247E+00
 -2.2925607111E+00  2.8404393338E+00 -9.9413310041E-04  9.2176462337E-01 -4.2128784292E+00
 -2.2957478538E+00  2.8156478216E+00 -6.1337782951E-04  9.2317370008E-01 -4.2308111026E+00
 -2.2998680930E+00  2.7909920119E+00 -4.1629093519E-04  9.2443324159E-01 -4.2464509113E+00
 -2.3049185410E+00  2.7665091659E+00 -3.2658116169E-04  9.2555250545E-01 -4.2599483616E+00
 -2.3108949690E+00  2.7422356033E+00 -2.9224503087E-04  9.2654086564E-01 -4.2714588638E+00
 -2.3177916953E+00  2.7182072993E+00 -2.8224958901E-04  9.2740772528E-01 -4.2811409978E+00
 -2.3256015109E+00  2.6944600750E+00 -2.8092980496E-04  9.2816241001E-01 -4.2891544565E+00
 -2.3343156377E+00  2.6710295939E+00 -2.8190473288E-04  9.2881405767E-01 -4.2956579121E+00
 -2.3439237066E+00  2.6479512912E+00 -2.8320919443E-04  9.2937151113E-01 -4.3008069259E+00
 -2.3544137451E+00  2.6252602850E+00 -2.8442504674E-04  9.2984321676E-01 -4.3047519503E+00
 -2.3659663647E+00  2.6031522610E+00 -2.8545513436E-04  9.3066431884E-01 -4.3076218631E+00
 -2.3662773124E+00  2.6008796159E+00 -2.8567064649E-04  9.2930886125E-01 -4.3077858800E+00
</Path of -GradDelSqRho>
<Path of -GradDelSqRho>
Starting CP# =     11
Ending CP# =     16
Number of Points =     24
 -2.7354798089E+00  3.4079574643E+00 -4.2808668615E-01  7.6373441730E-01 -2.2779787222E+00
 -2.7553590816E+00  3.4078282177E+00 -4.3912924684E-01  7.6195470076E-01 -2.2812897161E+00
 -2.7774235915E+00  3.4069290725E+00 -4.5084576448E-01  7.6035513515E-01 -2.2925701521E+00
 -2.7996804745E+00  3.4052463023E+00 -4.6210312979E-01  7.5911755628E-01 -2.3117757514E+00
 -2.8221001164E+00  3.4027901788E+00 -4.7288537832E-01  7.5822555539E-01 -2.3387146755E+00
 -2.8446530786E+00  3.3995713110E+00 -4.8317777400E-01  7.5765858558E-01 -2.3730728544E+00
 -2.8673101354E+00  3.3956004280E+00 -4.9296660566E-01  7.5739226954E-01 -2.4144089252E+00
 -2.8900422604E+00  3.3908881529E+00 -5.0223897794E-01  7.5739876764E-01 -2.4621519081E+00
 -2.9128205655E+00  3.3854447811E+00 -5.1098259503E-01  7.5764721062E-01 -2.5156020950E+00
 -2.9356161885E+00  3.3792800650E+00 -5.1918554078E-01  7.5810420269E-01 -2.5739355175E+00
 -2.9584001299E+00  3.3724030072E+00 -5.2683605961E-01  7.5873440145E-01 -2.6362122243E+00
 -2.9811430334E+00  3.3648216593E+00 -5.3392234325E-01  7.5950118149E-01 -2.7013884445E+00
 -3.0038149048E+00  3.3565429262E+00 -5.4043233005E-01  7.6036738757E-01 -2.7683325557E+00
 -3.0263847605E+00  3.3475723688E+00 -5.4635352826E-01  7.6129618086E-01 -2.8358446246E+00
 -3.0488201923E+00  3.3379140035E+00 -5.5167288296E-01  7.6225197543E-01 -2.9026791530E+00
 -3.0710868310E+00  3.3275700888E+00 -5.5637672218E-01  7.6320145241E-01 -2.9675705453E+00
 -3.0931476839E+00  3.3165408890E+00 -5.6045084526E-01  7.6411462183E-01 -3.0292607170E+00
 -3.1149623106E+00  3.3048243901E+00 -5.6388086374E-01  7.6496587498E-01 -3.0865281760E+00
 -3.1364857786E+00  3.2924159045E+00 -5.6665298827E-01  7.6573492947E-01 -3.1382178194E+00
 -3.1576672775E+00  3.2793074107E+00 -5.6875560789E-01  7.6640751182E-01 -3.1832705949E+00
 -3.1784480868E+00  3.2654862099E+00 -5.7018232388E-01  7.6697554817E-01 -3.2207520691E+00
 -3.1987579762E+00  3.2509317328E+00 -5.7093789445E-01  7.6743655434E-01 -3.2498788660E+00
 -3.2185067117E+00  3.2356066393E+00 -5.7105125897E-01  7.6779184299E-01 -3.2700419436E+00
 -3.2489220327E+00  3.2087290516E+00 -5.7023158751E-01  7.6814330870E-01 -3.2827026960E+00
</Path of -GradDelSqRho>
<Path of -GradDelSqRho>
Starting CP# =     12
Ending CP# =     15
Number of Points =     24
 -3.4346263051E+00  2.7017382608E+00  4.2455532132E-01  7.6819227373E-01 -2.3260241996E+00
 -3.4347374553E+00  2.7213488508E+00  4.3558571093E-01  7.6637516119E-01 -2.3292271544E+00
 -3.4341132474E+00  2.7433587642E+00  4.4742219471E-01  7.6469840348E-01 -2.3402956517E+00
 -3.4327107544E+00  2.7655731895E+00  4.5880119138E-01  7.6337003622E-01 -2.3591863813E+00
 -3.4305397092E+00  2.7879626272E+00  4.6970668544E-01  7.6237365288E-01 -2.3856982566E+00
 -3.4276101238E+00  2.8104977256E+00  4.8012387532E-01  7.6168873941E-01 -2.4195048681E+00
 -3.4239320754E+00  2.8331493182E+00  4.9003896444E-01  7.6129099106E-01 -2.4601498782E+00
 -3.4195154825E+00  2.8558884084E+00  4.9943894821E-01  7.6115269113E-01 -2.5070453171E+00
 -3.4143698848E+00  2.8786861070E+00  5.0831139455E-01  7.6124315622E-01 -2.5594732338E+00
 -3.4085042269E+00  2.9015135180E+00  5.1664422158E-01  7.6152925366E-01 -2.6165910423E+00
 -3.4019266497E+00  2.9243415710E+00  5.2442547670E-01  7.6197599764E-01 -2.6774407541E+00
 -3.3946442846E+00  2.9471407967E+00  5.3164312254E-01  7.6254723070E-01 -2.7409621376E+00
 -3.3866630503E+00  2.9698810381E+00  5.3828483725E-01  7.6320639589E-01 -2.8060096767E+00
 -3.3779874452E+00  2.9925310875E+00  5.4433784195E-01  7.6391740199E-01 -2.8713730583E+00
 -3.3686203314E+00  3.0150582349E+00  5.4978877808E-01  7.6464557740E-01 -2.9358007775E+00
 -3.3585627003E+00  3.0374277077E+00  5.5462367561E-01  7.6535869699E-01 -2.9980263444E+00
 -3.3478134051E+00  3.0596019724E+00  5.5882808507E-01  7.6602804735E-01 -3.0567964742E+00
 -3.3363688240E+00  3.0815398556E+00  5.6238750250E-01  7.6662946572E-01 -3.1109005652E+00
 -3.3242223704E+00  3.1031954067E+00  5.6528831737E-01  7.6714424369E-01 -3.1592006756E+00
 -3.3113636273E+00  3.1245163351E+00  5.6751970932E-01  7.6755972369E-01 -3.2006611238E+00
 -3.2977765090E+00  3.1454415735E+00  5.6907735522E-01  7.6786933674E-01 -3.2343767356E+00
 -3.2834346556E+00  3.1658965391E+00  5.6997103510E-01  7.6807174139E-01 -3.2595987005E+00
 -3.2682873592E+00  3.1857803010E+00  5.7024318459E-01  7.6816860704E-01 -3.2757570627E+00
 -3.2487782692E+00  3.2085912214E+00  5.7001643389E-01  7.6814320988E-01 -3.2826736452E+00
</Path of -GradDelSqRho>
<Path of -GradDelSqRho>
Starting CP# =     12
Ending CP# =      0
Number of Points =     56
 -3.4346263051E+00  2.7017382608E+00  4.2455532132E-01  7.6819227373E-01 -2.3260241996E+00
 -3.4338797353E+00  2.6824048825E+00  4.1321951321E-01  7.7029582110E-01 -2.3291889241E+00
 -3.4322867786E+00  2.6611249879E+00  4.0019821803E-01  7.7299242366E-01 -2.3400963916E+00
 -3.4298851657E+00  2.6401613318E+00  3.8679366497E-01  7.7605854917E-01 -2.3585898743E+00
 -3.4266692971E+00  2.6195425147E+00  3.7302971143E-01  7.7948838983E-01 -2.3843901834E+00
 -3.4226348062E+00  2.5992964102E+00  3.5893214934E-01  7.8327134877E-01 -2.4171480685E+00
 -3.4177786069E+00  2.5794499651E+00  3.4452873163E-01  7.8739213260E-01 -2.4564542153E+00
 -3.4120988815E+00  2.5600290051E+00  3.2984918839E-01  7.9183091291E-01 -2.5018485042E+00
 -3.4055950114E+00  2.5410580609E+00  3.1492523296E-01  7.9656356010E-01 -2.5528284209E+00
 -3.3982674563E+00  2.5225602258E+00  2.9979056682E-01  8.0156195094E-01 -2.6088566062E+00
 -3.3901175827E+00  2.5045570544E+00  2.8448089459E-01  8.0679435070E-01 -2.6693676196E+00
 -3.3811474523E+00  2.4870685076E+00  2.6903396165E-01  8.1222586826E-01 -2.7337740568E+00
 -3.3713595775E+00  2.4701129508E+00  2.5348962789E-01  8.1781898108E-01 -2.8014722094E+00
