 AIMInt (Version 19.02.13, Professional)
 Portions Copyright (c) 1997-2019 by Todd A. Keith
 AIMInt is a component of the AIMAll package ( http://aim.tkgristmill.com )

 TP:  64-bit Linux

 Licensed To:  Research Group of Fernando Cortes Guzman, UNAM, fercor@unam.mx

 AIMInt is a heavily modified and extended version of the PROAIMV program
 developed by members of R.F.W. Bader's research group

 Much of the Quantum Theory of Atoms in Molecules (QTAIM) is described in the book:
   "Atoms in Molecules - A Quantum Theory"
   R.F.W. Bader, Oxford University Press, Oxford, 1990

 For additional references see:  http://aim.tkgristmill.com/references.html

 Current Directory:  /home/scratch/M_H2O_4_cuadrado_plano/Opt

 Inp File:  Sc2_cuadrado_plano_cc-pvtz-def2-tzv_5_atomicfiles/sc1.inp
 Wfx File:  Sc2_cuadrado_plano_cc-pvtz-def2-tzv_5.wfx
 Out File:  Sc2_cuadrado_plano_cc-pvtz-def2-tzv_5_atomicfiles/sc1.int

 Wfx Title:   Sc2_cuadrado_plano_cc-pvtz-def2-tzv_5                                         
 Job Title:   Sc2_cuadrado_plano_cc-pvtz-def2-tzv_5                                         
 
<Atom>
Sc1     
</Atom>
<Nuclei of Molecule>
    13
Sc1       21.0          -4.6571547084E-05  -2.2718081830E-04   9.4288833671E-05
O2         8.0           2.9070643783E+00   2.9360901520E+00  -5.4980633565E-05
H3         1.0           3.6958121925E+00   3.7181229307E+00  -1.5013680968E+00
O4         8.0           2.9348802329E+00  -2.9074042723E+00  -2.6383316577E-04
H5         1.0           3.7310378654E+00  -3.6820783277E+00  -1.5014822825E+00
O6         8.0          -2.9063852862E+00  -2.9358092222E+00  -4.3604482245E-05
H7         1.0          -3.6947377275E+00  -3.7178449213E+00  -1.5015659296E+00
O8         8.0          -2.9354789880E+00   2.9076953753E+00  -1.8299068181E-04
H9         1.0          -3.7311841912E+00   3.6812168402E+00   1.5018855295E+00
H10        1.0          -3.6942627830E+00  -3.7170445589E+00   1.5021574707E+00
H11        1.0           3.6950596039E+00   3.7167764662E+00   1.5023733262E+00
H12        1.0           3.7301865540E+00  -3.6805366455E+00   1.5022235240E+00
H13        1.0          -3.7315762073E+00   3.6815827502E+00  -1.5018403353E+00
</Nuclei of Molecule>
<Total Number of CPs of DelSqRho>
    86
</Total Number of CPs of DelSqRho>
<Number of (3,+3) CPs of DelSqRho>
    13
</Number of (3,+3) CPs of DelSqRho>
<Number of (3,+1) CPs of DelSqRho>
    29
</Number of (3,+1) CPs of DelSqRho>
<Number of (3,-1) CPs of DelSqRho>
    32
</Number of (3,-1) CPs of DelSqRho>
<Number of (3,-3) CPs of DelSqRho>
    12
</Number of (3,-3) CPs of DelSqRho>
<Number of Degenerate CPs of DelSqRho>
     0
</Number of Degenerate CPs of DelSqRho>
<CP of DelSqRho>
CP# = 1       
Type = (3,+3)
Coords = -4.65715470634192E-05 -2.27180817975712E-04  9.42888335288162E-05
DistFromNuc =  3.5572516988E-13
Rho =  6.1350390297E+03
DelSqRho = -2.4370718207E+09
GradDelSqRho =  9.7647362622E-06  3.1680095162E-05  8.8912245246E-05
HessDelSqRho_EigVals =  1.5689619411E+16  1.5689619425E+16  1.5689619445E+16
HessDelSqRho_EigVec1 = -4.8065661133E-03  9.9998844802E-01  2.7341792462E-05
HessDelSqRho_EigVec2 =  9.9998844675E-01  4.8065676716E-03 -5.7215813502E-05
HessDelSqRho_EigVec3 =  5.7346572722E-05 -2.7066464985E-05  9.9999999799E-01
</CP of DelSqRho>
<CP of DelSqRho>
CP# = 2       
Type = (3,+1)
Coords = -3.64612990809100E-05 -2.12776530672762E-04  2.01096304633154E-01
DistFromNuc =  2.0100201657E-01
Rho =  4.9091070114E+01
DelSqRho = -2.0595081603E+03
GradDelSqRho =  1.1102230246E-15 -4.4408920985E-16  1.4551915228E-11
HessDelSqRho_EigVals = -4.8604935763E+03  1.3390746890E+03  2.4277983495E+06
HessDelSqRho_EigVec1 =  9.9998854270E-01  4.7866375447E-03 -5.0683633844E-05
HessDelSqRho_EigVec2 = -4.7866411614E-03  9.9998854141E-01 -7.1480179089E-05
HessDelSqRho_EigVec3 =  5.0340903372E-05  7.1721964487E-05  9.9999999616E-01
</CP of DelSqRho>
<CP of DelSqRho>
CP# = 3       
Type = (3,+1)
Coords = -6.43142948373055E-05 -2.00314815687077E-04 -2.00907871442443E-01
DistFromNuc =  2.0100216285E-01
Rho =  4.9090915832E+01
DelSqRho = -2.0594823697E+03
GradDelSqRho =  8.4376949872E-15 -8.8817841970E-16  6.5483618528E-11
HessDelSqRho_EigVals = -4.8609854802E+03  1.3355619754E+03  2.4277816086E+06
HessDelSqRho_EigVec1 =  9.9998856166E-01  4.7821415607E-03 -8.7633595132E-05
HessDelSqRho_EigVec2 = -4.7821297762E-03  9.9998855655E-01  1.3419469289E-04
HessDelSqRho_EigVec3 =  8.8274330319E-05 -1.3377408270E-04  9.9999998716E-01
</CP of DelSqRho>
<CP of DelSqRho>
CP# = 4       
Type = (3,-1)
Coords =  2.00741575224903E-01  1.14903734264786E-03  6.44995278520768E-05
DistFromNuc =  2.0079286528E-01
Rho =  4.9186854308E+01
DelSqRho = -2.0618523655E+03
GradDelSqRho =  0.0000000000E+00 -2.8421709430E-13 -3.5527136788E-15
HessDelSqRho_EigVals = -4.6359615555E+03 -4.5587384249E+02  2.4432977046E+06
HessDelSqRho_EigVec1 =  1.4793542103E-04 -2.7102481748E-05  9.9999998869E-01
HessDelSqRho_EigVec2 = -6.8531134322E-03  9.9997651675E-01  2.8115663832E-05
HessDelSqRho_EigVec3 =  9.9997650620E-01  6.8531175140E-03 -1.4774621064E-04
</CP of DelSqRho>
<CP of DelSqRho>
CP# = 5       
Type = (3,-1)
Coords = -2.00838706365320E-01 -7.63809817628576E-04  9.33296447744320E-05
DistFromNuc =  2.0079285191E-01
Rho =  4.9186867273E+01
DelSqRho = -2.0618540650E+03
GradDelSqRho = -2.1827872843E-11  0.0000000000E+00  1.2212453271E-15
HessDelSqRho_EigVals = -4.6354734191E+03 -4.5627521355E+02  2.4432991790E+06
HessDelSqRho_EigVec1 = -4.1274419993E-06 -3.4563086027E-05  9.9999999939E-01
HessDelSqRho_EigVec2 = -2.6734248522E-03  9.9999642580E-01  3.4551928107E-05
HessDelSqRho_EigVec3 =  9.9999642638E-01  2.6734247080E-03  4.2198290601E-06
</CP of DelSqRho>
<CP of DelSqRho>
CP# = 6       
Type = (3,-1)
Coords = -6.08602816671781E-04  1.19269310758723E-01  1.61617978539560E-01
DistFromNuc =  2.0092194931E-01
Rho =  4.9099316273E+01
DelSqRho = -2.0547250623E+03
GradDelSqRho =  9.9475983006E-14 -3.6379788071E-12 -1.4551915228E-11
HessDelSqRho_EigVals = -3.8593575727E+03 -1.7321523644E+03  2.4329526803E+06
HessDelSqRho_EigVec1 =  9.9998877846E-01  4.7373318143E-03 -2.5146645877E-05
HessDelSqRho_EigVec2 = -3.8204244203E-03  8.0328012237E-01 -5.9558916156E-01
HessDelSqRho_EigVec3 = -2.8013036825E-03  5.9558257420E-01  8.0328920695E-01
</CP of DelSqRho>
<CP of DelSqRho>
CP# = 7       
Type = (3,-1)
Coords =  5.36445091355498E-04 -1.19676130022032E-01  1.61653070479396E-01
DistFromNuc =  2.0092195326E-01
Rho =  4.9099373881E+01
DelSqRho = -2.0547268502E+03
GradDelSqRho =  8.5265128291E-14  0.0000000000E+00  1.8189894035E-11
HessDelSqRho_EigVals = -3.8628998603E+03 -1.7327908941E+03  2.4329548779E+06
HessDelSqRho_EigVec1 =  9.9998805930E-01  4.8868423352E-03  4.6299270403E-06
HessDelSqRho_EigVec2 = -3.9291567602E-03  8.0345407720E-01  5.9535376672E-01
HessDelSqRho_EigVec3 =  2.9056800579E-03 -5.9534667598E-01  8.0346368457E-01
</CP of DelSqRho>
<CP of DelSqRho>
CP# = 8       
Type = (3,-1)
Coords = -6.29844934424362E-04  1.19166552386119E-01 -1.61505541997863E-01
DistFromNuc =  2.0092214677E-01
Rho =  4.9099221322E+01
DelSqRho = -2.0547211256E+03
GradDelSqRho = -5.6843418861E-14 -1.0913936421E-11 -7.2759576142E-12
HessDelSqRho_EigVals = -3.8612852963E+03 -1.7290838350E+03  2.4329373910E+06
HessDelSqRho_EigVec1 =  9.9998881072E-01  4.7291779461E-03 -1.1541089043E-04
HessDelSqRho_EigVec2 = -3.7320088111E-03  8.0365882802E-01  5.9507861686E-01
HessDelSqRho_EigVec3 =  2.9069836520E-03 -5.9507152765E-01  8.0366748499E-01
</CP of DelSqRho>
<CP of DelSqRho>
CP# = 9       
Type = (3,-1)
Coords =  5.12744911264096E-04 -1.19557987587701E-01 -1.61552109354376E-01
DistFromNuc =  2.0092215489E-01
Rho =  4.9099273741E+01
DelSqRho = -2.0547223014E+03
GradDelSqRho =  8.5265128291E-14  7.2759576142E-12  3.6379788071E-12
HessDelSqRho_EigVals = -3.8647730103E+03 -1.7297971948E+03  2.4329391526E+06
HessDelSqRho_EigVec1 =  9.9998811238E-01  4.8740119754E-03 -1.3822065812E-04
HessDelSqRho_EigVec2 = -4.0004220781E-03  8.0388920823E-01 -5.9476561561E-01
HessDelSqRho_EigVec3 = -2.7877806376E-03  5.9475909820E-01  8.0389915001E-01
</CP of DelSqRho>
<CP of DelSqRho>
CP# = 10      
Type = (3,+3)
Coords =  1.43748369897701E-01  4.27002603320393E-04  1.40399842822233E-01
DistFromNuc =  2.0090560376E-01
Rho =  4.9196722988E+01
DelSqRho = -2.0846547921E+03
GradDelSqRho = -7.2759576142E-12  2.1316282073E-13  3.6379788071E-12
HessDelSqRho_EigVals =  2.7938549286E+03  4.7456401696E+03  2.4358269513E+06
HessDelSqRho_EigVec1 = -5.1708101787E-03  9.9998642708E-01  6.3904373639E-04
HessDelSqRho_EigVec2 = -6.9760366261E-01 -4.0650884516E-03  7.1647233370E-01
HessDelSqRho_EigVec3 =  7.1646520685E-01  3.2589431848E-03  6.9761521390E-01
</CP of DelSqRho>
<CP of DelSqRho>
CP# = 11      
Type = (3,+3)
Coords = -1.43824758193317E-01 -9.50418645787360E-04  1.40416676185840E-01
DistFromNuc =  2.0090560575E-01
Rho =  4.9196719090E+01
DelSqRho = -2.0846526234E+03
GradDelSqRho =  1.4551915228E-11  1.9895196601E-13 -2.5465851650E-11
HessDelSqRho_EigVals =  2.7932611857E+03  4.7452479648E+03  2.4358265864E+06
HessDelSqRho_EigVec1 = -4.3903948248E-03  9.9999014581E-01  6.5781430598E-04
HessDelSqRho_EigVec2 =  6.9769448964E-01  2.5919277457E-03  7.1639073210E-01
HessDelSqRho_EigVec3 =  7.1638196764E-01  3.6041915792E-03 -6.9769899401E-01
</CP of DelSqRho>
<CP of DelSqRho>
CP# = 12      
Type = (3,+3)
Coords =  1.43741467441145E-01  4.34652359429631E-04 -1.40218434765858E-01
DistFromNuc =  2.0090569575E-01
Rho =  4.9196616286E+01
DelSqRho = -2.0846355123E+03
GradDelSqRho =  0.0000000000E+00 -1.4210854715E-14 -3.6379788071E-12
HessDelSqRho_EigVals =  2.7911095397E+03  4.7449728279E+03  2.4358157646E+06
HessDelSqRho_EigVec1 = -5.1702489664E-03  9.9998646385E-01 -5.8364069199E-04
HessDelSqRho_EigVec2 =  6.9763886345E-01  4.0251636335E-03  7.1643828364E-01
HessDelSqRho_EigVec3 =  7.1643093508E-01  3.2969938664E-03 -6.9765023120E-01
</CP of DelSqRho>
<CP of DelSqRho>
CP# = 13      
Type = (3,+3)
Coords = -1.43857441485196E-01 -9.40879167220415E-04 -1.40194769205185E-01
DistFromNuc =  2.0090568803E-01
Rho =  4.9196619254E+01
DelSqRho = -2.0846338512E+03
GradDelSqRho =  7.2759576142E-12  9.9475983006E-14  0.0000000000E+00
HessDelSqRho_EigVals =  2.7905675896E+03  4.7446313294E+03  2.4358161154E+06
HessDelSqRho_EigVec1 = -4.3907807529E-03  9.9999018732E-01 -5.8847179740E-04
HessDelSqRho_EigVec2 = -6.9752750759E-01 -2.6410449570E-03  7.1655313902E-01
HessDelSqRho_EigVec3 =  7.1654455353E-01  3.5567029973E-03  6.9753225923E-01
</CP of DelSqRho>
<CP of DelSqRho>
CP# = 14      
Type = (3,-3)
Coords =  3.62220870474999E-01  1.53360656216719E-03  6.89157861980670E-05
DistFromNuc =  3.6227172201E-01
Rho =  1.1023099105E+01
DelSqRho =  5.5194968043E+02
GradDelSqRho = -3.3537617128E-12  1.6209256160E-14  7.2858385991E-17
HessDelSqRho_EigVals = -1.0297941414E+05 -1.5366006646E+03 -1.8930622210E+02
HessDelSqRho_EigVec1 =  9.9998817599E-01  4.8623959325E-03 -7.0626680058E-05
HessDelSqRho_EigVec2 =  7.0761520212E-05 -2.7559185795E-05  9.9999999712E-01
HessDelSqRho_EigVec3 = -4.8623939720E-03  9.9998817810E-01  2.7902930463E-05
</CP of DelSqRho>
<CP of DelSqRho>
CP# = 15      
Type = (3,-3)
Coords = -3.62314186666423E-01 -1.95247147328390E-03  1.19855971635853E-04
DistFromNuc =  3.6227172433E-01
Rho =  1.1023099084E+01
DelSqRho =  5.5194990825E+02
GradDelSqRho = -7.9509732132E-12  5.4956039719E-15 -8.0144224590E-16
HessDelSqRho_EigVals = -1.0297945786E+05 -1.5365904816E+03 -1.8932212017E+02
HessDelSqRho_EigVec1 =  9.9998866664E-01  4.7604302115E-03 -6.9910603379E-05
HessDelSqRho_EigVec2 =  7.0048803887E-05 -2.8864370300E-05  9.9999999713E-01
HessDelSqRho_EigVec3 = -4.7604281799E-03  9.9998866867E-01  2.9197505613E-05
</CP of DelSqRho>
<CP of DelSqRho>
CP# = 16      
Type = (3,+3)
Coords = -1.04531221151330E-03  2.00557201095140E-01  6.58863625539191E-05
DistFromNuc =  2.0078686787E-01
Rho =  4.9173014777E+01
DelSqRho = -2.0706993383E+03
GradDelSqRho = -3.4106051316E-13  0.0000000000E+00  3.5527136788E-15
HessDelSqRho_EigVals =  4.2382610243E+02  2.4514497337E+03  2.4424820322E+06
HessDelSqRho_EigVec1 =  9.9998762660E-01  4.9741943905E-03 -6.3538143623E-05
HessDelSqRho_EigVec2 =  6.2834402420E-05  1.4163457635E-04  9.9999998800E-01
HessDelSqRho_EigVec3 = -4.9742033300E-03  9.9998761859E-01 -1.4132027331E-04
</CP of DelSqRho>
<CP of DelSqRho>
CP# = 17      
Type = (3,+3)
Coords =  8.26541035451866E-04 -2.01011944414876E-01  5.69791838134690E-05
DistFromNuc =  2.0078666542E-01
Rho =  4.9173232679E+01
DelSqRho = -2.0707267816E+03
GradDelSqRho =  2.8421709430E-13 -2.9103830457E-11 -2.3980817332E-14
HessDelSqRho_EigVals =  4.2205259565E+02  2.4540509776E+03  2.4425046858E+06
HessDelSqRho_EigVec1 =  9.9999054287E-01  4.3483538544E-03 -7.7402373086E-05
HessDelSqRho_EigVec2 =  7.8208988291E-05 -1.8532924543E-04  9.9999997977E-01
HessDelSqRho_EigVec3 = -4.3483394215E-03  9.9999052869E-01  1.8566757310E-04
</CP of DelSqRho>
<CP of DelSqRho>
CP# = 18      
Type = (3,+1)
Coords = -1.77052150404458E-03  3.61973915775358E-01  9.06161508190936E-05
DistFromNuc =  3.6220519929E-01
Rho =  1.1059758197E+01
DelSqRho =  5.3993588092E+02
GradDelSqRho = -5.0126569562E-14 -1.9326762413E-12  2.8351886810E-17
HessDelSqRho_EigVals = -1.0271363400E+05  1.7689192272E+02  5.5488823052E+02
HessDelSqRho_EigVec1 = -4.7593627476E-03  9.9998867413E-01 -8.4824994321E-06
HessDelSqRho_EigVec2 =  9.9998867151E-01  4.7593621157E-03 -7.3020773766E-05
HessDelSqRho_EigVec3 =  7.2979575456E-05  8.8299356886E-06  9.9999999730E-01
</CP of DelSqRho>
<CP of DelSqRho>
CP# = 19      
Type = (3,+1)
Coords =  1.66639541081181E-03 -3.62428430128265E-01  7.17882870063225E-05
DistFromNuc =  3.6220530057E-01
Rho =  1.1059757831E+01
DelSqRho =  5.3993848033E+02
GradDelSqRho =  4.7628567756E-14 -3.5527136788E-13 -7.3725747729E-17
HessDelSqRho_EigVals = -1.0271415907E+05  1.7679252789E+02  5.5492597149E+02
HessDelSqRho_EigVec1 = -4.7297197748E-03  9.9998881298E-01  6.0476120575E-05
HessDelSqRho_EigVec2 =  9.9998881175E-01  4.7297244812E-03 -7.7918934569E-05
HessDelSqRho_EigVec3 =  7.8204098276E-05 -6.0106909228E-05  9.9999999514E-01
</CP of DelSqRho>
<CP of DelSqRho>
CP# = 20      
Type = (3,-1)
Coords = -2.21219659151364E-05 -2.19810303190299E-04  3.63017469120096E-01
DistFromNuc =  3.6292318118E-01
Rho =  1.1019976336E+01
DelSqRho =  5.4065080209E+02
GradDelSqRho =  2.1510571102E-16  1.1796119637E-16 -3.3537617128E-12
HessDelSqRho_EigVals = -1.0122608426E+05 -1.1864845012E+03  5.3034533623E+02
HessDelSqRho_EigVec1 =  6.7089546430E-05  1.9354467513E-05  9.9999999756E-01
HessDelSqRho_EigVec2 =  9.9998857223E-01  4.7802617917E-03 -6.7181299331E-05
HessDelSqRho_EigVec3 = -4.7802630803E-03  9.9998857430E-01 -1.9033540739E-05
</CP of DelSqRho>
<CP of DelSqRho>
CP# = 21      
Type = (3,-1)
Coords = -7.34884774974445E-05 -2.02070718163274E-04 -3.62828506741159E-01
DistFromNuc =  3.6292279744E-01
Rho =  1.1020011967E+01
DelSqRho =  5.4065076548E+02
GradDelSqRho = -7.3829831138E-15  3.8645388972E-13 -4.2419401325E-12
HessDelSqRho_EigVals = -1.0122628426E+05 -1.1864900144E+03  5.3027016236E+02
HessDelSqRho_EigVec1 =  7.4520058884E-05 -6.8209663348E-05  9.9999999490E-01
HessDelSqRho_EigVec2 =  9.9998857611E-01  4.7793449394E-03 -7.4193210444E-05
HessDelSqRho_EigVec3 = -4.7793398543E-03  9.9998857654E-01  6.8565041195E-05
</CP of DelSqRho>
<CP of DelSqRho>
CP# = 22      
Type = (3,+1)
Coords = -1.16529660295535E-01  1.55062665942024E-01  5.14627788949994E-02
DistFromNuc =  2.0080330735E-01
Rho =  4.9173726725E+01
DelSqRho = -2.0676626061E+03
GradDelSqRho = -7.2759576142E-12 -7.2759576142E-12 -1.8189894035E-11
HessDelSqRho_EigVals = -1.4586473995E+03  1.5845836726E+03  2.4417813299E+06
HessDelSqRho_EigVec1 = -4.6823846974E-01 -5.7315766191E-01  6.7249017097E-01
HessDelSqRho_EigVec2 =  6.6648463472E-01  2.7059060067E-01  6.9467903272E-01
HessDelSqRho_EigVec3 = -5.8013012948E-01  7.7347981319E-01  2.5529984616E-01
</CP of DelSqRho>
<CP of DelSqRho>
CP# = 23      
Type = (3,+1)
Coords =  1.16509892455747E-01 -1.55480604214467E-01  5.14056403860026E-02
DistFromNuc =  2.0080311147E-01
Rho =  4.9173939000E+01
DelSqRho = -2.0676911865E+03
GradDelSqRho =  7.2759576142E-12 -1.0913936421E-11 -9.0949470177E-12
HessDelSqRho_EigVals = -1.4574090567E+03  1.5850731753E+03  2.4418034088E+06
HessDelSqRho_EigVec1 =  4.6807668488E-01  5.7317610031E-01  6.7258707622E-01
HessDelSqRho_EigVec2 =  6.6627970551E-01  2.7106737878E-01 -6.9468973664E-01
HessDelSqRho_EigVec3 = -5.8049596992E-01  7.7329918802E-01 -2.5501528328E-01
</CP of DelSqRho>
<CP of DelSqRho>
CP# = 24      
Type = (3,+1)
Coords = -1.15121215582343E-01 -1.56576437826660E-01  5.14228093085100E-02
DistFromNuc =  2.0080308982E-01
Rho =  4.9173966517E+01
DelSqRho = -2.0676962864E+03
GradDelSqRho = -1.0913936421E-11 -2.1827872843E-11  2.0008883439E-11
HessDelSqRho_EigVals = -1.4570087828E+03  1.5855442127E+03  2.4418061246E+06
HessDelSqRho_EigVec1 = -4.7332105569E-01  5.6869893660E-01  6.7271739813E-01
HessDelSqRho_EigVec2 =  6.6895882636E-01 -2.6480018536E-01  6.9453218101E-01
HessDelSqRho_EigVec3 =  5.7311540450E-01  7.7875694626E-01 -2.5510066990E-01
</CP of DelSqRho>
<CP of DelSqRho>
CP# = 25      
Type = (3,-3)
Coords = -1.27902300827650E-03  2.53500034619314E-01 -2.58672152441621E-01
DistFromNuc =  3.6240735357E-01
Rho =  1.1001219715E+01
DelSqRho =  5.4921186258E+02
GradDelSqRho =  2.9420910153E-15  1.4566126083E-12 -1.4921397451E-13
HessDelSqRho_EigVals = -1.0253274922E+05 -7.9191345679E+02 -5.4292060177E+02
HessDelSqRho_EigVec1 =  3.4075572453E-03 -7.0155378187E-01  7.1260836348E-01
HessDelSqRho_EigVec2 =  9.9998848243E-01  4.7991404507E-03 -5.7062010089E-05
HessDelSqRho_EigVec3 = -3.3798755537E-03  7.1260035041E-01  7.0156205502E-01
</CP of DelSqRho>
<CP of DelSqRho>
CP# = 26      
Type = (3,+1)
Coords =  1.16490369263194E-01 -1.55472071184059E-01 -5.12873014602871E-02
DistFromNuc =  2.0080314335E-01
Rho =  4.9173922032E+01
DelSqRho = -2.0676931958E+03
GradDelSqRho =  1.8189894035E-11  3.6379788071E-12 -9.0949470177E-12
HessDelSqRho_EigVals = -1.4563565757E+03  1.5857398975E+03  2.4418011507E+06
HessDelSqRho_EigVec1 = -4.6809373799E-01 -5.7339844418E-01  6.7238566066E-01
HessDelSqRho_EigVec2 =  6.6635250376E-01  2.7071723063E-01  6.9475644781E-01
HessDelSqRho_EigVec3 = -5.8039865023E-01  7.7325701112E-01  2.5536444851E-01
</CP of DelSqRho>
<CP of DelSqRho>
CP# = 27      
Type = (3,+1)
Coords = -1.15117844627290E-01 -1.56566662285054E-01 -5.12716678780616E-02
DistFromNuc =  2.0080311965E-01
Rho =  4.9173950698E+01
DelSqRho = -2.0676980907E+03
GradDelSqRho =  3.6379788071E-12 -8.0035533756E-11  1.4551915228E-11
HessDelSqRho_EigVals = -1.4560303875E+03  1.5861584846E+03  2.4418039849E+06
HessDelSqRho_EigVec1 =  4.7351843582E-01 -5.6892226083E-01  6.7238958356E-01
HessDelSqRho_EigVec2 =  6.6883370627E-01 -2.6446252108E-01 -6.9478129530E-01
HessDelSqRho_EigVec3 =  5.7309838972E-01  7.7870856942E-01  2.5528650497E-01
</CP of DelSqRho>
<CP of DelSqRho>
CP# = 28      
Type = (3,-3)
Coords = -1.24223600084436E-03  2.53493927526740E-01  2.58866469006422E-01
DistFromNuc =  3.6240705245E-01
Rho =  1.1001253384E+01
DelSqRho =  5.4921365047E+02
GradDelSqRho =  1.1185496973E-14 -4.5439207952E-12 -6.3735683398E-12
HessDelSqRho_EigVals = -1.0253339605E+05 -7.9190811350E+02 -5.4298931600E+02
HessDelSqRho_EigVec1 = -3.3062397922E-03  7.0153915301E-01  7.1262324237E-01
HessDelSqRho_EigVec2 =  9.9998850870E-01  4.7933478001E-03 -7.9311694120E-05
HessDelSqRho_EigVec3 = -3.4714913099E-03  7.1261479118E-01 -7.0154693937E-01
</CP of DelSqRho>
<CP of DelSqRho>
CP# = 29      
Type = (3,-3)
Coords =  1.18568815340547E-03 -2.53963409766344E-01  2.58851043412135E-01
DistFromNuc =  3.6240674716E-01
Rho =  1.1001291964E+01
DelSqRho =  5.4921684931E+02
GradDelSqRho = -1.8096635301E-14  4.0998315853E-12 -5.0732751333E-12
HessDelSqRho_EigVals = -1.0253428884E+05 -7.9200487787E+02 -5.4305874023E+02
HessDelSqRho_EigVec1 =  3.4070718611E-03 -7.0158051581E-01  7.1258204559E-01
HessDelSqRho_EigVec2 =  9.9998831650E-01  4.8338781759E-03 -2.2000709412E-05
HessDelSqRho_EigVec3 = -3.4290995297E-03  7.1257379509E-01  7.0158878827E-01
</CP of DelSqRho>
<CP of DelSqRho>
CP# = 30      
Type = (3,-3)
Coords =  1.14804958866536E-03 -2.53943569589001E-01 -2.58682510782445E-01
DistFromNuc =  3.6240704335E-01
Rho =  1.1001257746E+01
DelSqRho =  5.4921497421E+02
GradDelSqRho = -3.9912517735E-14  1.6164847239E-12  3.5598191062E-12
HessDelSqRho_EigVals = -1.0253363851E+05 -7.9199068961E+02 -5.4298737064E+02
HessDelSqRho_EigVec1 = -3.3033113263E-03  7.0152369868E-01  7.1263846958E-01
HessDelSqRho_EigVec2 =  9.9998839168E-01  4.8171679239E-03 -1.0676448433E-04
HessDelSqRho_EigVec3 = -3.5077969929E-03  7.1262984437E-01 -7.0153146777E-01
</CP of DelSqRho>
<CP of DelSqRho>
CP# = 31      
Type = (3,+1)
Coords =  2.39952001531123E-01  9.16003881579247E-04  2.72497427981835E-01
DistFromNuc =  3.6304833310E-01
Rho =  1.1115076752E+01
DelSqRho =  5.2358214195E+02
GradDelSqRho =  1.0231815395E-12  2.2093438190E-14 -2.0605739337E-12
HessDelSqRho_EigVals = -1.0054846567E+05  8.8343885713E+02  1.3349864579E+03
HessDelSqRho_EigVec1 =  6.6197355354E-01  3.1533870204E-03  7.4952056047E-01
HessDelSqRho_EigVec2 = -4.8468570461E-03  9.9998825121E-01  7.3568642795E-05
HessDelSqRho_EigVec3 =  7.4951152252E-01  3.6815195056E-03 -6.6198106017E-01
</CP of DelSqRho>
<CP of DelSqRho>
CP# = 32      
Type = (3,+1)
Coords = -2.40006690529117E-01 -1.37705119174602E-03  2.72531172910173E-01
DistFromNuc =  3.6304825672E-01
Rho =  1.1115083742E+01
DelSqRho =  5.2358254782E+02
GradDelSqRho = -2.1316282073E-13 -2.6284530108E-14  3.3679725675E-12
HessDelSqRho_EigVals = -1.0054858979E+05  8.8341999606E+02  1.3349752200E+03
HessDelSqRho_EigVec1 = -6.6186775880E-01 -3.1712999465E-03  7.4961390910E-01
HessDelSqRho_EigVec2 = -4.7314958111E-03  9.9998880501E-01  5.2880442943E-05
HessDelSqRho_EigVec3 =  7.4960568489E-01  3.5117952106E-03  6.6187535419E-01
</CP of DelSqRho>
<CP of DelSqRho>
CP# = 33      
Type = (3,+1)
Coords =  2.39913358401145E-01  9.30344886222097E-04 -2.72342435590952E-01
DistFromNuc =  3.6304803630E-01
Rho =  1.1115103766E+01
DelSqRho =  5.2358203464E+02
GradDelSqRho = -5.0874859880E-12 -4.6421200217E-14  7.3043793236E-12
HessDelSqRho_EigVals = -1.0054860765E+05  8.8338119120E+02  1.3349925500E+03
HessDelSqRho_EigVec1 = -6.6186729624E-01 -3.1928767964E-03  7.4961422592E-01
HessDelSqRho_EigVec2 = -4.8398337824E-03  9.9998828784E-01 -1.3991595319E-05
HessDelSqRho_EigVec3 =  7.4960540165E-01  3.6372688337E-03  6.6187499733E-01
</CP of DelSqRho>
<CP of DelSqRho>
CP# = 34      
Type = (3,+1)
Coords = -2.40044924620167E-01 -1.36203935397464E-03 -2.72308544248389E-01
DistFromNuc =  3.6304793189E-01
Rho =  1.1115116163E+01
DelSqRho =  5.2358249833E+02
GradDelSqRho =  2.9700686355E-12  1.0491607583E-14  1.0373923942E-12
HessDelSqRho_EigVals = -1.0054878732E+05  8.8336826780E+02  1.3349798038E+03
HessDelSqRho_EigVec1 =  6.6197309799E-01  3.1300301897E-03  7.4952106071E-01
HessDelSqRho_EigVec2 = -4.7394545421E-03  9.9998876867E-01  9.8681292240E-06
HessDelSqRho_EigVec3 =  7.4951261171E-01  3.5588534317E-03 -6.6198049779E-01
</CP of DelSqRho>
<CP of DelSqRho>
CP# = 35      
Type = (3,-1)
Coords =  1.75136342246574E-01  2.96676267008984E-01  1.11491238503879E-01
DistFromNuc =  3.6228440625E-01
Rho =  1.1046675046E+01
DelSqRho =  5.4303558671E+02
GradDelSqRho = -1.8332002583E-12 -3.6948222260E-12  2.0162482794E-12
HessDelSqRho_EigVals = -1.0264903643E+05 -4.7216241268E+02  4.6126692738E+02
HessDelSqRho_EigVec1 =  4.8314899525E-01  8.2014794405E-01  3.0647087670E-01
HessDelSqRho_EigVec2 =  4.9153596405E-01 -5.4375359988E-01  6.8023850131E-01
HessDelSqRho_EigVec3 = -7.2454085078E-01  1.7801509061E-01  6.6584621578E-01
</CP of DelSqRho>
<CP of DelSqRho>
CP# = 36      
Type = (3,-1)
Coords = -1.78045040230229E-01  2.94988922076359E-01  1.11512517861887E-01
DistFromNuc =  3.6228445181E-01
Rho =  1.1046668624E+01
DelSqRho =  5.4303569632E+02
GradDelSqRho = -3.2613911571E-12  4.2774672693E-12  2.7921276402E-12
HessDelSqRho_EigVals = -1.0264899716E+05 -4.7214895448E+02  4.6124188755E+02
HessDelSqRho_EigVec1 = -4.9092656993E-01  8.1549405247E-01  3.0652985716E-01
HessDelSqRho_EigVec2 =  4.8622988878E-01  5.4842373315E-01 -6.8030280329E-01
HessDelSqRho_EigVec3 =  7.2289113855E-01  1.8493474338E-01  6.6575336462E-01
</CP of DelSqRho>
<CP of DelSqRho>
CP# = 37      
Type = (3,-1)
Coords =  1.77980856813536E-01 -2.95450927552106E-01  1.11446516186885E-01
DistFromNuc =  3.6228461797E-01
Rho =  1.1046660776E+01
DelSqRho =  5.4303727444E+02
GradDelSqRho = -1.7550405573E-12  2.8279600883E-12 -3.9705461141E-12
HessDelSqRho_EigVals = -1.0264931216E+05 -4.7207495794E+02  4.6119685401E+02
HessDelSqRho_EigVec1 = -4.9100430548E-01  8.1551510621E-01 -3.0634928357E-01
HessDelSqRho_EigVec2 =  4.8633301351E-01  5.4835922144E-01  6.8028109208E-01
HessDelSqRho_EigVec3 = -7.2276896168E-01 -1.8503317489E-01  6.6585865784E-01
</CP of DelSqRho>
<CP of DelSqRho>
CP# = 38      
Type = (3,-1)
Coords = -1.75230548804147E-01 -2.97136150608517E-01  1.11475878053269E-01
DistFromNuc =  3.6228472318E-01
Rho =  1.1046652543E+01
DelSqRho =  5.4303675070E+02
GradDelSqRho = -1.2008172234E-12 -2.5579538487E-13  2.8821389719E-13
HessDelSqRho_EigVals = -1.0264917624E+05 -4.7206697662E+02  4.6124798434E+02
HessDelSqRho_EigVec1 =  4.8314956606E-01  8.2016270208E-01 -3.0643047975E-01
HessDelSqRho_EigVec2 =  4.9143184377E-01 -5.4369493820E-01 -6.8036060814E-01
HessDelSqRho_EigVec3 =  7.2461109552E-01 -1.7812623694E-01  6.6574004234E-01
</CP of DelSqRho>
<CP of DelSqRho>
CP# = 39      
Type = (3,-1)
Coords =  1.75105278838600E-01  2.96688881913612E-01 -1.11318536511020E-01
DistFromNuc =  3.6228460725E-01
Rho =  1.1046651511E+01
DelSqRho =  5.4303442179E+02
GradDelSqRho =  7.1054273576E-15 -3.4106051316E-13  5.8930638147E-13
HessDelSqRho_EigVals = -1.0264865689E+05 -4.7208169390E+02  4.6128286068E+02
HessDelSqRho_EigVec1 =  4.8306424778E-01  8.2018197518E-01 -3.0651339304E-01
HessDelSqRho_EigVec2 =  4.9149457102E-01 -5.4371410584E-01 -6.8029997631E-01
HessDelSqRho_EigVec3 =  7.2462543371E-01 -1.7797892770E-01  6.6576383359E-01
</CP of DelSqRho>
<CP of DelSqRho>
CP# = 40      
Type = (3,-1)
Coords = -1.78045977329359E-01  2.95001361000014E-01 -1.11290122687437E-01
DistFromNuc =  3.6228464982E-01
Rho =  1.1046646009E+01
DelSqRho =  5.4303457876E+02
GradDelSqRho =  9.1660012913E-13 -5.2153836805E-12  1.5503709427E-12
HessDelSqRho_EigVals = -1.0264862959E+05 -4.7207281922E+02  4.6125492565E+02
HessDelSqRho_EigVec1 = -4.9092987744E-01  8.1552758107E-01 -3.0643534382E-01
HessDelSqRho_EigVec2 =  4.8637891289E-01  5.4838555887E-01  6.8022704439E-01
HessDelSqRho_EigVec3 = -7.2278863337E-01 -1.8490009014E-01  6.6587427352E-01
</CP of DelSqRho>
<CP of DelSqRho>
CP# = 41      
Type = (3,-1)
Coords =  1.77949674554385E-01 -2.95451837601499E-01 -1.11306033363974E-01
DistFromNuc =  3.6228482356E-01
Rho =  1.1046635737E+01
DelSqRho =  5.4303615127E+02
GradDelSqRho = -3.4319214137E-12  3.2116531656E-12  1.9104162696E-13
HessDelSqRho_EigVals = -1.0264892349E+05 -4.7199828892E+02  4.6120749772E+02
HessDelSqRho_EigVec1 = -4.9091920469E-01  8.1551693936E-01  3.0648075972E-01
HessDelSqRho_EigVec2 =  4.8628757137E-01  5.4839187412E-01 -6.8028725575E-01
HessDelSqRho_EigVec3 =  7.2285733890E-01  1.8492829423E-01  6.6579185455E-01
</CP of DelSqRho>
<CP of DelSqRho>
CP# = 42      
Type = (3,-1)
Coords = -1.75232492470251E-01 -2.97135567144426E-01 -1.11286416949939E-01
DistFromNuc =  3.6228491327E-01
Rho =  1.1046629359E+01
DelSqRho =  5.4303579106E+02
GradDelSqRho =  3.2613911571E-12  2.7426949600E-12  2.3933632853E-13
HessDelSqRho_EigVals = -1.0264881854E+05 -4.7200431007E+02  4.6125015560E+02
HessDelSqRho_EigVec1 =  4.8315568124E-01  8.2016040419E-01  3.0642698819E-01
HessDelSqRho_EigVec2 =  4.9157163705E-01 -5.4373106024E-01  6.8023074010E-01
HessDelSqRho_EigVec3 = -7.2451218992E-01  1.7802653041E-01  6.6587434335E-01
</CP of DelSqRho>
<CP of DelSqRho>
CP# = 43      
Type = (3,-1)
Coords =  8.47534638696209E-01  3.70561914852291E-03  3.92765689977742E-05
DistFromNuc =  8.4759033613E-01
Rho =  9.1073432221E-01
DelSqRho = -3.6511167073E+00
GradDelSqRho = -3.4638958368E-14 -3.7123082386E-16  3.5128150389E-17
HessDelSqRho_EigVals = -5.1763330147E+01 -9.5350916127E+00  5.3812745266E+02
HessDelSqRho_EigVec1 =  6.5783339607E-05 -2.9580992596E-05  9.9999999740E-01
HessDelSqRho_EigVec2 = -4.6395856649E-03  9.9998923662E-01  2.9885881722E-05
HessDelSqRho_EigVec3 =  9.9998923490E-01  4.6395876189E-03 -6.5645388006E-05
</CP of DelSqRho>
<CP of DelSqRho>
CP# = 44      
Type = (3,-1)
Coords = -8.47626411823801E-01 -4.42445474909933E-03  1.60434934622243E-04
DistFromNuc =  8.4759023539E-01
Rho =  9.1073453776E-01
DelSqRho = -3.6511243693E+00
GradDelSqRho = -5.3290705182E-14 -2.0122792321E-16  5.4210108624E-18
HessDelSqRho_EigVals = -5.1764441359E+01 -9.5340518622E+00  5.3812855822E+02
HessDelSqRho_EigVec1 =  7.7217863528E-05 -2.7688317089E-05  9.9999999664E-01
HessDelSqRho_EigVec2 = -4.9509141116E-03  9.9998774376E-01  2.8070276838E-05
HessDelSqRho_EigVec3 =  9.9998774117E-01  4.9509162624E-03 -7.7079834647E-05
</CP of DelSqRho>
<CP of DelSqRho>
CP# = 45      
Type = (3,+3)
Coords = -3.96045215448990E-03  8.25652804824051E-01  1.55598430431434E-04
DistFromNuc =  8.2588926189E-01
Rho =  1.0188226968E+00
DelSqRho = -7.0736340719E+00
GradDelSqRho = -3.6694605687E-14  8.8995477654E-13  6.0281640790E-17
HessDelSqRho_EigVals =  9.9310595037E+00  3.1640855052E+01  7.1671743122E+02
HessDelSqRho_EigVec1 =  9.9998877123E-01  4.7384052918E-03 -7.0146355826E-05
HessDelSqRho_EigVec2 =  7.0504780011E-05 -7.5475366853E-05  9.9999999467E-01
HessDelSqRho_EigVec3 = -4.7383999722E-03  9.9998877085E-01  7.5808599580E-05
</CP of DelSqRho>
<CP of DelSqRho>
CP# = 46      
Type = (3,+3)
Coords =  3.91627585100611E-03 -8.26106050089344E-01  1.13046246868841E-04
DistFromNuc =  8.2588837697E-01
Rho =  1.0188098868E+00
DelSqRho = -7.0736279404E+00
GradDelSqRho =  3.2147895457E-14 -3.5971225998E-13  2.0599841277E-18
HessDelSqRho_EigVals =  9.9367559939E+00  3.1635744625E+01  7.1673042613E+02
HessDelSqRho_EigVec1 =  9.9998848760E-01  4.7979092685E-03 -6.8874027680E-05
HessDelSqRho_EigVec2 =  6.8756917552E-05  2.4573516337E-05  9.9999999733E-01
HessDelSqRho_EigVec3 = -4.7979109482E-03  9.9998848967E-01 -2.4243343985E-05
</CP of DelSqRho>
<CP of DelSqRho>
CP# = 47      
Type = (3,+1)
Coords =  1.75673615249032E-05 -3.27780201756197E-04  8.46237987216726E-01
DistFromNuc =  8.4614370679E-01
Rho =  9.3883888652E-01
DelSqRho = -4.3186179753E+00
GradDelSqRho = -1.5829351718E-17  5.4210108624E-18  1.6875389974E-14
HessDelSqRho_EigVals = -4.8767897673E+01  1.3099777537E+01  5.4257803989E+02
HessDelSqRho_EigVec1 =  9.9998858103E-01  4.7783028604E-03 -7.4998957268E-05
HessDelSqRho_EigVec2 = -4.7782937026E-03  9.9998857647E-01  1.2181380313E-04
HessDelSqRho_EigVec3 =  7.5580163760E-05 -1.2145404510E-04  9.9999998977E-01
</CP of DelSqRho>
<CP of DelSqRho>
CP# = 48      
Type = (3,+1)
Coords = -1.00421702753902E-04 -2.87578440932560E-04 -8.46045553784575E-01
DistFromNuc =  8.4613984649E-01
Rho =  9.3887881710E-01
DelSqRho = -4.3192218842E+00
GradDelSqRho =  3.4043948216E-17 -4.1416522989E-17  2.9309887850E-14
HessDelSqRho_EigVals = -4.8768501184E+01  1.3108166489E+01  5.4260798076E+02
HessDelSqRho_EigVec1 =  9.9998857079E-01  4.7806006345E-03 -6.4460718617E-05
HessDelSqRho_EigVec2 = -4.7806053786E-03  9.9998857013E-01 -7.3643372023E-05
HessDelSqRho_EigVec3 =  6.4107922288E-05  7.3950691595E-05  9.9999999521E-01
</CP of DelSqRho>
<CP of DelSqRho>
CP# = 49      
Type = (3,-1)
Coords = -2.29862346542261E-03  4.81660173807519E-01  7.00564554228670E-01
DistFromNuc =  8.5022296310E-01
Rho =  8.9695241998E-01
DelSqRho = -3.5708440551E+00
GradDelSqRho = -1.1449174941E-16  1.9095836024E-14  1.6038385897E-14
HessDelSqRho_EigVals = -3.8000053184E+01 -1.7387663308E+01  5.1737982675E+02
HessDelSqRho_EigVec1 =  9.9998849733E-01  4.7956348999E-03 -8.4255321435E-05
HessDelSqRho_EigVec2 = -3.9866265740E-03  8.2126995888E-01 -5.7052586396E-01
HessDelSqRho_EigVec3 = -2.6668373801E-03  5.7051963728E-01  8.2127963049E-01
</CP of DelSqRho>
<CP of DelSqRho>
CP# = 50      
Type = (3,-1)
Coords =  2.30728672166683E-03 -4.82146989222675E-01  7.00534280656229E-01
DistFromNuc =  8.5021669269E-01
Rho =  8.9697963633E-01
DelSqRho = -3.5714836283E+00
GradDelSqRho =  2.2551405188E-17 -1.0214051827E-14 -8.5886159296E-15
HessDelSqRho_EigVals = -3.7995426806E+01 -1.7382877186E+01  5.1742722820E+02
HessDelSqRho_EigVec1 =  9.9998863834E-01  4.7661970471E-03 -8.0922894683E-05
HessDelSqRho_EigVec2 = -3.8680633485E-03  8.2123997912E-01  5.7056983340E-01
HessDelSqRho_EigVec3 =  2.7859053714E-03 -5.7056303776E-01  8.2124908442E-01
</CP of DelSqRho>
<CP of DelSqRho>
CP# = 51      
Type = (3,-1)
Coords = -2.39800125458175E-03  4.81796795121965E-01 -7.00284173587486E-01
DistFromNuc =  8.5022504858E-01
Rho =  8.9694558155E-01
DelSqRho = -3.5706574023E+00
GradDelSqRho =  2.6020852140E-17 -1.6431300764E-14  1.2732870314E-14
HessDelSqRho_EigVals = -3.7996612055E+01 -1.7395282905E+01  5.1736640176E+02
HessDelSqRho_EigVec1 =  9.9998848572E-01  4.7984780044E-03 -5.5185284684E-05
HessDelSqRho_EigVec2 = -3.9088728142E-03  8.2116061573E-01  5.7068376873E-01
HessDelSqRho_EigVec3 =  2.7837294941E-03 -5.7067698200E-01  8.2116991729E-01
</CP of DelSqRho>
<CP of DelSqRho>
CP# = 52      
Type = (3,-1)
Coords =  2.21104531592876E-03 -4.82212753965985E-01 -7.00303126007404E-01
DistFromNuc =  8.5021863557E-01
Rho =  8.9697292198E-01
DelSqRho = -3.5713187416E+00
GradDelSqRho =  1.0234868508E-16 -2.5757174171E-14 -3.7677326536E-14
HessDelSqRho_EigVals = -3.7991358990E+01 -1.7390320106E+01  5.1741475434E+02
HessDelSqRho_EigVec1 =  9.9998863166E-01  4.7679315030E-03 -5.8125682536E-05
HessDelSqRho_EigVec2 = -3.9485834987E-03  8.2118829835E-01 -5.7064366056E-01
HessDelSqRho_EigVec3 = -2.6730577559E-03  5.7063740280E-01  8.2119778938E-01
</CP of DelSqRho>
<CP of DelSqRho>
CP# = 53      
Type = (3,+3)
Coords =  5.68292251343038E-01  2.47529101322848E-03  5.88978674167281E-01
DistFromNuc =  8.1841379525E-01
Rho =  1.1162194962E+00
DelSqRho = -8.7666315899E+00
GradDelSqRho = -2.6645352591E-15  1.6653345369E-16 -7.9936057773E-15
HessDelSqRho_EigVals =  3.2686467493E+01  6.0053945263E+01  7.7709711747E+02
HessDelSqRho_EigVec1 = -4.6992503543E-03  9.9998895707E-01 -5.2805222895E-05
HessDelSqRho_EigVec2 =  7.1746876675E-01  3.3348189781E-03 -6.9658269267E-01
HessDelSqRho_EigVec3 =  6.9657482426E-01  3.3113025635E-03  7.1747651494E-01
</CP of DelSqRho>
<CP of DelSqRho>
CP# = 54      
Type = (3,+3)
Coords = -5.68299699010723E-01 -2.95215934025498E-03  5.89060268971165E-01
DistFromNuc =  8.1841307916E-01
Rho =  1.1162240317E+00
DelSqRho = -8.7667551814E+00
GradDelSqRho = -5.6843418861E-14 -6.0368376964E-16  5.7731597281E-14
HessDelSqRho_EigVals =  3.2688156803E+01  6.0055130984E+01  7.7710503392E+02
HessDelSqRho_EigVec1 = -4.8690036735E-03  9.9998814383E-01 -7.0750555163E-05
HessDelSqRho_EigVec2 =  7.1756853642E-01  3.5431621161E-03  6.9647888808E-01
HessDelSqRho_EigVec3 = -6.9647088119E-01 -3.3403898922E-03  7.1757728048E-01
</CP of DelSqRho>
<CP of DelSqRho>
CP# = 55      
Type = (3,+3)
Coords =  5.68199750511873E-01  2.50912729343778E-03 -5.88876167536653E-01
DistFromNuc =  8.1841161306E-01
Rho =  1.1162459247E+00
DelSqRho = -8.7670727121E+00
GradDelSqRho =  7.7271522514E-14  1.9775847626E-16 -6.0396132540E-14
HessDelSqRho_EigVals =  3.2693807911E+01  6.0055320876E+01  7.7711930564E+02
HessDelSqRho_EigVec1 = -4.6956407236E-03  9.9998896889E-01  1.1428016171E-04
HessDelSqRho_EigVec2 =  7.1757553785E-01  3.2899201717E-03  6.9647291684E-01
HessDelSqRho_EigVec3 = -6.9646485800E-01 -3.3523912397E-03  7.1758307048E-01
</CP of DelSqRho>
<CP of DelSqRho>
CP# = 56      
Type = (3,+3)
Coords = -5.68373500005444E-01 -2.92131901780613E-03 -5.88796866609114E-01
DistFromNuc =  8.1841037930E-01
Rho =  1.1162561954E+00
DelSqRho = -8.7672807318E+00
GradDelSqRho =  3.1086244690E-14  3.0184188482E-16  2.2204460493E-14
HessDelSqRho_EigVals =  3.2696033621E+01  6.0057283246E+01  7.7713270191E+02
HessDelSqRho_EigVec1 = -4.8742999582E-03  9.9998811219E-01  1.2917511678E-04
HessDelSqRho_EigVec2 =  7.1747819064E-01  3.5872262937E-03 -6.9657173196E-01
HessDelSqRho_EigVec3 =  6.9656391462E-01  3.3026192349E-03  7.1748714661E-01
</CP of DelSqRho>
<CP of DelSqRho>
CP# = 57      
Type = (3,+1)
Coords =  4.69732784160882E-01  6.19629860291610E-01  2.99239993824359E-01
DistFromNuc =  8.3330879467E-01
Rho =  9.8510290038E-01
DelSqRho = -5.8482502839E+00
GradDelSqRho =  2.7755575616E-15  7.9936057773E-15  8.4376949872E-15
HessDelSqRho_EigVals = -2.1678941574E+01  2.4586271830E+01  6.4926910697E+02
HessDelSqRho_EigVec1 =  4.2837921335E-01 -6.3360966476E-01  6.4422825326E-01
HessDelSqRho_EigVec2 =  7.0606939113E-01 -2.1019264868E-01 -6.7622855999E-01
HessDelSqRho_EigVec3 =  5.6387699410E-01  7.4455210910E-01  3.5733022872E-01
</CP of DelSqRho>
<CP of DelSqRho>
CP# = 58      
Type = (3,+1)
Coords = -4.75678112476773E-01  6.15124137726517E-01  2.99296544050639E-01
DistFromNuc =  8.3330942482E-01
Rho =  9.8509771690E-01
DelSqRho = -5.8481578356E+00
GradDelSqRho = -3.6359804056E-15 -1.1102230246E-15  5.7731597281E-15
HessDelSqRho_EigVals = -2.1679071909E+01  2.4584484470E+01  6.4926380473E+02
HessDelSqRho_EigVec1 = -4.2223468665E-01 -6.3766237042E-01  6.4428609385E-01
HessDelSqRho_EigVec2 =  7.0411870884E-01  2.1692145581E-01  6.7613750515E-01
HessDelSqRho_EigVec3 = -5.7090692171E-01  7.3914260015E-01  3.5739824201E-01
</CP of DelSqRho>
<CP of DelSqRho>
CP# = 59      
Type = (3,+1)
Coords =  4.75576326143053E-01 -6.15605756344499E-01  2.99257051503736E-01
DistFromNuc =  8.3331044071E-01
Rho =  9.8507772348E-01
DelSqRho = -5.8479376053E+00
GradDelSqRho = -4.6462833581E-14  5.3512749787E-14 -2.4868995752E-14
HessDelSqRho_EigVals = -2.1681573311E+01  2.4584863524E+01  6.4925717510E+02
HessDelSqRho_EigVec1 =  4.2234829517E-01  6.3764589393E-01  6.4422793445E-01
HessDelSqRho_EigVec2 =  7.0406113725E-01  2.1685890842E-01 -6.7621751593E-01
HessDelSqRho_EigVec3 = -5.7089388907E-01  7.3917516720E-01 -3.5735170298E-01
</CP of DelSqRho>
<CP of DelSqRho>
CP# = 60      
Type = (3,+1)
Coords = -4.69713458051989E-01 -6.20129726711293E-01  2.99328662359090E-01
DistFromNuc =  8.3331108296E-01
Rho =  9.8507086488E-01
DelSqRho = -5.8478250124E+00
GradDelSqRho = -1.2240208846E-14 -1.6875389974E-14  8.8817841970E-16
HessDelSqRho_EigVals = -2.1682618543E+01  2.4584550763E+01  6.4925142612E+02
HessDelSqRho_EigVec1 = -4.2834400484E-01  6.3357770574E-01  6.4428309330E-01
HessDelSqRho_EigVec2 =  7.0620102148E-01 -2.1010115762E-01  6.7611953147E-01
HessDelSqRho_EigVec3 =  5.6373888529E-01  7.4460512646E-01 -3.5743765170E-01
</CP of DelSqRho>
<CP of DelSqRho>
CP# = 61      
Type = (3,+1)
Coords =  4.69712345227385E-01  6.19651463985637E-01 -2.99044957596305E-01
DistFromNuc =  8.3331102412E-01
Rho =  9.8509147767E-01
DelSqRho = -5.8479692467E+00
GradDelSqRho =  1.8651746814E-14  3.9968028887E-15 -8.8817841970E-16
HessDelSqRho_EigVals = -2.1682339720E+01  2.4584427630E+01  6.4924923762E+02
HessDelSqRho_EigVec1 = -4.2825151662E-01  6.3354279262E-01  6.4437890130E-01
HessDelSqRho_EigVec2 =  7.0616629108E-01 -2.1031183012E-01  6.7609030717E-01
HessDelSqRho_EigVec3 =  5.6385264729E-01  7.4457535820E-01 -3.5732020389E-01
</CP of DelSqRho>
<CP of DelSqRho>
CP# = 62      
Type = (3,+1)
Coords = -4.75742010553926E-01  6.15146434698587E-01 -2.98966440620289E-01
DistFromNuc =  8.3331156074E-01
Rho =  9.8508754590E-01
DelSqRho = -5.8478858896E+00
GradDelSqRho =  4.2743586448E-14 -4.7295500849E-14  2.8421709430E-14
HessDelSqRho_EigVals = -2.1682524929E+01  2.4582713765E+01  6.4924479207E+02
HessDelSqRho_EigVec1 =  4.2229181319E-01  6.3759423229E-01  6.4431608661E-01
HessDelSqRho_EigVec2 =  7.0402243469E-01  2.1703998726E-01 -6.7619971561E-01
HessDelSqRho_EigVec3 = -5.7098339377E-01  7.3916658399E-01 -3.5722643401E-01
</CP of DelSqRho>
<CP of DelSqRho>
CP# = 63      
Type = (3,+1)
