AIMSum (Version 19.02.13, Professional)
Copyright (c) 1997-2019 by Todd A. Keith
AIMSum is a component of the AIMAll package ( http://aim.tkgristmill.com )

TP:  64-bit Linux

Licensed To:  Research Group of Fernando Cortes Guzman, UNAM, fercor@unam.mx

Much of the Quantum Theory of Atoms in Molecules (QTAIM) is described in the book:
  "Atoms in Molecules - A Quantum Theory"
  R.F.W. Bader, Oxford University Press, Oxford, 1990

For additional references see:  http://aim.tkgristmill.com/references.html

Wfx File:  /home/scratch/M_H2O_4_cuadrado_plano/Opt/Cr3_cuadrado_plano_cc pvtz-def2tzv_5.wfx
Sum File:  /home/scratch/M_H2O_4_cuadrado_plano/Opt/Cr3_cuadrado_plano_cc pvtz-def2tzv_5.sum

SumViz File:  /home/scratch/M_H2O_4_cuadrado_plano/Opt/Cr3_cuadrado_plano_cc pvtz-def2tzv_5.sumviz

Wfx Title:   Cr3_cuadrado_plano_cc pvtz-def2tzv_5                                          
 
Total memory allocated for AIMSum =        0.943 Megabytes

Atomic units (a.u.) used throughout, except where stated otherwise

Model:  Unrestricted SCF
 
Unrestricted, single-determinant wavefunction.
  Number of electrons (from MO Occs)                   =          61.0000000000
  Number of Alpha electrons (from MO Occs)             =          32.0000000000
  Number of Beta electrons (from MO Occs)              =          29.0000000000
  Number of electron pairs (N*(N-1)/2)                 =        1830.0000000000
  Number of electron pairs (from Muller 2EDM)          =        1830.0000000000
 
Nuclear Charges and Cartesian Coordinates:
-------------------------------------------------------------------------------
Atom      Charge                X                  Y                  Z
-------------------------------------------------------------------------------
Cr1       24.0           8.0398766641E-04  -2.0795321787E-03   4.6098276725E-05
O2         8.0          -3.7038329039E+00  -2.5206971704E-01   4.4526509545E-05
H3         1.0          -4.8126522075E+00  -3.3757098770E-01   1.5099601724E+00
O4         8.0           2.6587731972E-01  -3.7056339810E+00   6.1223316727E-05
H5         1.0          -1.1639497983E+00  -4.9262668376E+00  -7.9607366406E-04
O6         8.0           3.7034178784E+00   2.6297699003E-01   2.3425431894E-05
H7         1.0           4.8122982145E+00   3.4438149802E-01   1.5101707881E+00
O8         8.0          -2.6728518580E-01   3.7003497653E+00   2.0207716662E-05
H9         1.0           1.1617854845E+00   4.9218282747E+00  -4.5806164146E-04
H10        1.0          -4.8122743954E+00  -3.3541589400E-01  -1.5102651545E+00
H11        1.0           1.8549956447E+00  -4.7102122068E+00  -7.8913068401E-04
H12        1.0           4.8123901076E+00   3.4476670008E-01  -1.5100305426E+00
H13        1.0          -1.8573056220E+00   4.7034137669E+00  -9.3419796202E-05
 
Some Atomic Properties:
----------------------
  q(A) = Net Charge of Atom A
  L(A) = Lagrangian of Atom A = -(1/4) Times Atomic Integral of the Laplacian of the Electron Density
  K(A) = Electronic Kinetic Energy of Atom A (Hamiltonian Form)
  K_Scaled(A) = K(A) * E(Mol)/K(Mol) = Approximation to Virial-Based Total Energy of Atom A.
  |Mu_Intra(A)| = Magnitude of Intraatomic Dipole Moment of Atom A
--------------------------------------------------------------------------------------------------
Atom A          q(A)              L(A)              K(A)          K_Scaled(A)      |Mu_Intra(A)|
--------------------------------------------------------------------------------------------------
Cr1       1.9060511050E+00 -3.8901940374E-04  1.0426688063E+03 -1.0453003434E+03  1.4706521569E-03
O2       -1.1721324768E+00  1.8611840998E-05  7.5302795713E+01 -7.5492848491E+01  1.8343647724E-01
H3        7.0134366330E-01  1.1261914054E-05  2.9083077862E-01 -2.9156479118E-01  1.0378408772E-01
O4       -1.1156038397E+00 -7.5922048621E-05  7.5267539939E+01 -7.5457503737E+01  1.5773824141E-01
H5        7.1581150419E-01  1.4785468947E-05  2.7974458368E-01 -2.8045061637E-01  1.0040095030E-01
O6       -1.1720707758E+00  3.3488373233E-06  7.5302901408E+01 -7.5492954453E+01  1.8345199964E-01
H7        7.0137703483E-01  7.7062019276E-06  2.9079976323E-01 -2.9153369751E-01  1.0376916690E-01
O8       -1.1153123058E+00 -2.9253126814E-05  7.5268090257E+01 -7.5458055444E+01  1.5808944855E-01
H9        7.1574749210E-01  2.4008935656E-05  2.7979008520E-01 -2.8049623273E-01  1.0043711021E-01
H10       7.0131011486E-01  9.6143069586E-06  2.9085380471E-01 -2.9158787538E-01  1.0379539709E-01
H11       7.1590480375E-01  2.8692208921E-05  2.7967835526E-01 -2.8038422080E-01  1.0037281262E-01
H12       7.0137660318E-01  8.3652699197E-06  2.9080099401E-01 -2.9153493140E-01  1.0376933833E-01
H13       7.1585303287E-01  1.1077519717E-05  2.7970077114E-01 -2.8040669325E-01  1.0040723784E-01
--------------------------------------------------------------------------------------------------
Total     2.9996559560E+00 -3.5672207475E-04  1.3460923328E+03 -1.3494896646E+03
 
1st Largest |L(A)| = 3.8901940374E-04, atom Cr1     
2nd Largest |L(A)| = 7.5922048621E-05, atom O4      
 
Molecular charge q(Mol) from the wfx file:   3.0000000000E+00
Molecular energy E(Mol) from the wfx file:  -1.3494897354E+03
Molecular virial ratio (-V(Mol)/T(Mol)) from the wfx file:   2.0025238476E+00
Full molecular virial ratio ((-V(Mol)+W(Mol))/T(Mol)) from the wfx file:   2.0025236476E+00
Note.  K_Scaled(A) = (1+V(Mol)/T(Mol))*K(A) = (E(Mol)/T(Mol))*K(A)
       Only use K_Scaled(A) data with caution.
 
N_AIMInt(SumA)     =         61.000344
N_Analytic(Mol)    =         61.000000
 
G_AIMInt(SumA)     =       1346.092689
G_Analytic(Mol)    =       1346.092403
 
K_AIMInt(SumA)     =       1346.092333
K_Analytic(Mol)    =       1346.092403
 
L_AIMInt(SumA)     =         -0.000357
L_Analytic(Mol)    =          0.000000
 
VenT_AIMInt(SumA)  =      -3914.749858
VenT_Analytic(Mol) =      -3914.744308
 
Some Information About the Atomic Calculations:
----------------------------------------------
  Time(sec) = "Elapsed User Time", in Seconds, for Atom A by AIMInt and, if used, by TWOe
  NProc = Number of Processors Used for AIMInt Job
  BIM = Basin Integration Method
  OAQ = Angular Quadrature Outside of Beta Sphere
  ORQ = Multiple of Default for Radial Quadrature Outside of Beta Sphere
  IAQ = Multiple of Default for Angular Quadrature Inside of Beta Sphere
  IRQ = Multiple of Default for Radial Quadrature Inside of Beta Sphere
  MIR = Maximum Integration Radius
------------------------------------------------------------------------------------------------------
Atom A     Time(sec)   NProc      BIM          OAQ                     ORQ      IAQ      IRQ      MIR
------------------------------------------------------------------------------------------------------
Cr1           365        1     Proaim(5)    4500(GS4)                  1.00     1.00     1.00    13.00
O2            192        1     Proaim(5)    4500(GS4)                  1.00     1.00     1.00    13.00
H3             69        1     Proaim(5)    1800(GS4)                  1.00     1.00     1.00    13.00
O4            177        1     Proaim(5)    4500(GS4)                  1.00     1.00     1.00    13.00
H5             75        1     Proaim(5)    1800(GS4)                  1.00     1.00     1.00    13.00
O6            200        1     Proaim(5)    4500(GS4)                  1.00     1.00     1.00    13.00
H7             65        1     Proaim(5)    1800(GS4)                  1.00     1.00     1.00    13.00
O8            186        1     Proaim(5)    4500(GS4)                  1.00     1.00     1.00    13.00
H9             76        1     Proaim(5)    1800(GS4)                  1.00     1.00     1.00    13.00
H10            65        1     Proaim(5)    1800(GS4)                  1.00     1.00     1.00    13.00
H11            72        1     Proaim(5)    1800(GS4)                  1.00     1.00     1.00    13.00
H12            73        1     Proaim(5)    1800(GS4)                  1.00     1.00     1.00    13.00
H13            75        1     Proaim(5)    1800(GS4)                  1.00     1.00     1.00    13.00
------------------------------------------------------------------------------------------------------
Total        1690
Note:  Total wall clock time is less than total of atomic times if more than one atom
       was calculated at a time
 
Electron Density Critical Point Analysis of Molecular Structure:               
---------------------------------------------------------------                
  NACP = Nuclear Attractor Critical Point                                      
  NNACP = Non-Nuclear Attractor Critical Point                                 
  BCP = Bond Critical Point                                                    
  RCP = Ring Critical Point                                                    
  CCP = Cage Critical Point                                                    
  Rho = Electron Density                                                       
  GradRho = Gradient of Electron Density                                       
  HessRho_EigVals = Eigenvalues of the Hessian of Rho, Ascending Order         
  HessRho_EigVecs = Eigenvectors of the Hessian of Rho                         
  DelSqRho = Laplacian of Rho = Trace of Hessian of Rho                        
  Bond Ellipticity = (HessRho_EigVal(1) / HessRho_EigVal(2)) - 1               
  V = Virial Field = Potential Energy Density = Trace of Stress Tensor         
  G = Lagrangian Form of Kinetic Energy Density                                
  K = Hamiltonian Form of Kinetic Energy Density                               
  L = K - G = Lagrangian Density = (-1/4)DelSqRho                              
  Vnuc = Electrostatic Potential from Nuclei                                   
  Ven = Electron-nuclear attractive contribution to Virial Field V             
  Vrep = V - Ven = Repulsive contribution to Virial Field V                    
  DelSqV = Laplacian of V                                                      
  DelSqVen = Laplacian of Ven                                                  
  DelSqVrep = Laplacian of Vrep                                                
  DelSqG = Laplacian of G                                                      
  DelSqK = Laplacian of K                                                      
  Stress_EigVals = Eigenvalues of Stress Tensor, Ascending Order               
  Stress_EigVecs = Eigenvectors of Stress Tensor                               
  -DivStress = Ehrenfest Force Density = Minus Divergence of Stress Tensor     
  ESP = Total Electrostatic Potential                                          
  ESPe = Electrostatic Potential from Electrons                                
  ESPn = Electrostatic Potential from Nuclei                                   
  BP = Bond Path                                                               
  BPL = Bond Path Length                                                       
  GBL = Geometric Bond Length                                                  
  GBL_I = Distance Between Nuclear Attractors                                  
  GBL_II = Distance Between Nuclei                                             
  GBL_III = Sum of Distances Between BCP and Nuclear Attractors                
  GBL_IV = Sum of Distances Between BCP and Nuclei                             

CP# 1      Coords =  8.03987663360730E-04 -2.07953220636259E-03  4.60982774862202E-05
           Type = (3,-3) NACP Cr1
           Rho =  9.2648195904E+03     Rho at Nucleus =  9.2648195904E+03
           GradRho = -1.0960884977E-11 -2.6866459057E-10  5.7501711725E-12
           HessRho_EigVals = -2.1170336196E+09 -2.1170330433E+09 -2.1170329620E+09
           HessRho_EigVec1 =  1.9274598549E-05 -7.3366618890E-06  9.9999999979E-01
           HessRho_EigVec2 =  9.9649635225E-01  8.3636233802E-02 -1.8593456380E-05
           HessRho_EigVec3 = -8.3636233648E-02  9.9649635240E-01  8.9230116407E-06
           DelSqRho = -6.3510996249E+09
           Bond Ellipticity = NA
           V = -1.5880392219E+09
           G =  1.3215783904E+05
           K =  1.5879070641E+09
           L =  1.5877749062E+09
           Vnuc =  2.4000000102E+09
           Ven = -2.2235567112E+13
           Vrep =  2.2233979072E+13
           DelSqV =  6.8642362599E+16
           DelSqVen =  6.6706182415E+29
           DelSqVrep = -6.6706182415E+29
           DelSqG =  3.6286861337E+14
           DelSqK = -6.9005231213E+16
           Stress_EigVals = -5.2934644761E+08 -5.2934644630E+08 -5.2934632799E+08
           Stress_EigVec1 =  9.9895529595E-01 -4.5698095107E-02 -2.8215895601E-05
           Stress_EigVec2 =  4.5698096763E-02  9.9895529440E-01  6.1131478961E-05
           Stress_EigVec3 =  2.5392826157E-05 -6.2357027384E-05  9.9999999773E-01
           -DivStress =  6.9642544028E+04  6.3226340384E+05 -1.7360195069E+04
           ESP =  -1.0261123251E+02     ESP at Nucleus =  -1.0261123251E+02
           ESPe = -1.1281242669E+02     ESPe at Nucleus = -1.1281242669E+02
           ESPn =  1.0201194183E+01     ESPn at Nucleus =  1.0201194183E+01

CP# 2      Coords = -3.70383598752057E+00 -2.52069997371486E-01  4.45254347027861E-05
           Type = (3,-3) NACP O2
           Rho =  2.9716090105E+02     Rho at Nucleus =  2.9716089573E+02
           GradRho =  6.4293015356E-11  6.8733907455E-13 -3.6862873865E-18
           HessRho_EigVals = -1.1092505955E+06 -1.1092437195E+06 -1.1092178160E+06
           HessRho_EigVec1 = -1.6851806799E-04 -7.2307975545E-04  9.9999972438E-01
           HessRho_EigVec2 =  9.9748411246E-01  7.0890036460E-02  2.1935330616E-04
           HessRho_EigVec3 = -7.0890175531E-02  9.9748387450E-01  7.0931431612E-04
           DelSqRho = -3.3277121310E+06
           Bond Ellipticity = NA
           V = -8.3206430410E+05
           G =  6.8135675306E+01
           K =  8.3199616842E+05
           L =  8.3192803275E+05
           Vnuc =  2.5836729236E+06
           Ven = -7.6776657399E+08
           Vrep =  7.6693450968E+08
           DelSqV =  9.3039625253E+10
           DelSqVen =  8.5977197445E+12
           DelSqVrep = -8.5046801193E+12
           DelSqG =  3.1059462419E+09
           DelSqK = -9.6145571495E+10
           Stress_EigVals = -2.7735941388E+05 -2.7735316799E+05 -2.7735172223E+05
           Stress_EigVec1 = -7.1168396457E-02  9.9746406320E-01  7.0849978179E-04
           Stress_EigVec2 =  9.9746430603E-01  7.1168283555E-02  1.8334256723E-04
           Stress_EigVec3 = -1.3245490870E-04 -7.1975143968E-04  9.9999973221E-01
           -DivStress =  9.3896206841E+04  8.5368775297E+03  3.2718345013E+01
           ESP =  -2.1701832147E+01     ESP at Nucleus =  -2.1701832208E+01
           ESPe = -3.4246192093E+01     ESPe at Nucleus = -3.4246198481E+01
           ESPn =  1.2544359946E+01     ESPn at Nucleus =  1.2544366273E+01

CP# 3      Coords = -4.78025696375189E+00 -3.35090590973995E-01  1.46639250570874E+00
           Type = (3,-3) NACP H3
           Rho =  3.7430580248E-01     Rho at Nucleus =  3.6480067285E-01
           GradRho =  2.0001361678E-14  1.8244954159E-15 -2.9972552218E-14
           HessRho_EigVals = -7.3611389822E+00 -7.3503628250E+00 -5.6930057770E+00
           HessRho_EigVec1 =  7.9951459525E-01  6.1190982517E-02  5.9752161103E-01
           HessRho_EigVec2 = -7.6364624919E-02  9.9707995619E-01  7.0842653054E-05
           HessRho_EigVec3 = -5.9577248682E-01 -4.5686153442E-02  8.0185280403E-01
           DelSqRho = -2.0404507584E+01
           Bond Ellipticity = NA
           V = -5.1487202275E+00
           G =  2.3796665705E-02
           K =  5.1249235618E+00
           L =  5.1011268960E+00
           Vnuc =  3.2193826739E+01
           Ven = -1.2050336152E+01
           Vrep =  6.9016159250E+00
           DelSqV =  1.2265942178E+03
           DelSqVen =  6.5689918186E+02
           DelSqVrep =  5.6969503593E+02
           DelSqG =  9.4755933673E+01
           DelSqK = -1.3213501515E+03
           Stress_EigVals = -1.8620078804E+00 -1.8556317651E+00 -1.4310805820E+00
           Stress_EigVec1 = -7.1984674952E-02  9.9740038444E-01  3.2679799944E-03
           Stress_EigVec2 =  8.0116045141E-01  5.5869333312E-02  5.9583600822E-01
           Stress_EigVec3 = -5.9410448380E-01 -4.5509237704E-02  8.0309947803E-01
           -DivStress = -1.3741781177E+01 -1.0519161203E+00  1.8477551489E+01
           ESP =  -3.9306574756E-01     ESP at Nucleus =  -3.9574722047E-01
           ESPe = -1.4187078001E+01     ESPe at Nucleus = -1.3993961684E+01
           ESPn =  1.3794012253E+01     ESPn at Nucleus =  1.3598214464E+01

CP# 4      Coords =  2.65877556878303E-01 -3.70563732921491E+00  6.12181206047094E-05
           Type = (3,-3) NACP O4
           Rho =  2.9731877052E+02     Rho at Nucleus =  2.9731876427E+02
           GradRho =  1.8815393688E-11 -1.6613688203E-10 -6.4002622646E-15
           HessRho_EigVals = -1.1098057522E+06 -1.1097984174E+06 -1.1097828702E+06
           HessRho_EigVec1 =  9.9748913126E-01  7.0819721949E-02  4.0481910478E-07
           HessRho_EigVec2 = -7.0819713537E-02  9.9748900995E-01  4.9314736585E-04
           HessRho_EigVec3 =  3.4520756721E-05 -4.9193780671E-04  9.9999987840E-01
           DelSqRho = -3.3293870398E+06
           Bond Ellipticity = NA
           V = -8.3248189340E+05
           G =  6.7566726007E+01
           K =  8.3241432667E+05
           L =  8.3234675994E+05
           Vnuc =  2.3833629165E+06
           Ven = -7.0861853204E+08
           Vrep =  7.0778605014E+08
           DelSqV =  9.3085988352E+10
           DelSqVen =  7.9351375872E+12
           DelSqVrep = -7.8420515988E+12
           DelSqG =  3.1074159976E+09
           DelSqK = -9.6193404350E+10
           Stress_EigVals = -2.7749690172E+05 -2.7749326614E+05 -2.7749172554E+05
           Stress_EigVec1 =  3.7131873915E-05 -5.3092398431E-04  9.9999985837E-01
           Stress_EigVec2 = -7.0860331884E-02  9.9748610522E-01  5.3222054956E-04
           Stress_EigVec3 =  9.9748624651E-01  7.0860341610E-02  5.8292144226E-07
           -DivStress = -7.2255185652E+03  1.0201103241E+05  1.5831279637E+02
           ESP =  -2.1675585102E+01     ESP at Nucleus =  -2.1675585180E+01
           ESPe = -3.4192604551E+01     ESPe at Nucleus = -3.4192611499E+01
           ESPn =  1.2517019449E+01     ESPn at Nucleus =  1.2517026319E+01

CP# 5      Coords = -1.12180318637704E+00 -4.88988480840957E+00 -7.71122157337326E-04
           Type = (3,-3) NACP H5
           Rho =  3.7007701763E-01     Rho at Nucleus =  3.6031074216E-01
           GradRho =  1.4866580189E-15  1.0512424264E-15  5.1330196604E-19
           HessRho_EigVals = -7.2404234055E+00 -7.2347323728E+00 -5.5354839395E+00
           HessRho_EigVec1 = -6.5279486368E-01  7.5753428735E-01  8.1819608090E-04
           HessRho_EigVec2 =  1.9147585763E-04 -9.1507576428E-04  9.9999956299E-01
           HessRho_EigVec3 =  7.5753470500E-01  6.5279473507E-01  4.5230723145E-04
           DelSqRho = -2.0010639718E+01
           Bond Ellipticity = NA
           V = -5.0478888462E+00
           G =  2.2614458373E-02
           K =  5.0252743878E+00
           L =  5.0026599294E+00
           Vnuc =  3.1815670011E+01
           Ven = -1.1774248272E+01
           Vrep =  6.7263594255E+00
           DelSqV =  1.1956160149E+03
           DelSqVen =  6.3665190997E+02
           DelSqVrep =  5.5896410496E+02
           DelSqG =  9.2256219343E+01
           DelSqK = -1.2878722343E+03
           Stress_EigVals = -1.8307009502E+00 -1.8253785628E+00 -1.3918093332E+00
           Stress_EigVec1 = -1.2492920999E-04 -5.4126373200E-04  9.9999984571E-01
           Stress_EigVec2 = -6.5132062611E-01  7.5880256558E-01  3.2934338804E-04
           Stress_EigVec3 =  7.5880262677E-01  6.5132048448E-01  4.4733283787E-04
           -DivStress = -1.7510952798E+01 -1.5117643607E+01 -1.0344651489E-02
           ESP =  -3.7678190594E-01     ESP at Nucleus =  -3.7940226855E-01
           ESPe = -1.4231891482E+01     ESPe at Nucleus = -1.4038160654E+01
           ESPn =  1.3855109576E+01     ESPn at Nucleus =  1.3658758385E+01

CP# 6      Coords =  3.70342096480354E+00  2.62977226081939E-01  2.34255778899959E-05
           Type = (3,-3) NACP O6
           Rho =  2.9716084159E+02     Rho at Nucleus =  2.9716083627E+02
           GradRho =  1.4034284845E-10  1.8061829810E-11 -8.0605010513E-16
           HessRho_EigVals = -1.1092502646E+06 -1.1092433898E+06 -1.1092174942E+06
           HessRho_EigVec1 = -4.7460225879E-05 -1.3225037422E-04  9.9999999013E-01
           HessRho_EigVec2 =  9.9736729600E-01  7.2515333817E-02  5.6925457749E-05
           HessRho_EigVec3 = -7.2515340630E-02  9.9736728885E-01  1.2846060401E-04
           DelSqRho = -3.3277111487E+06
           Bond Ellipticity = NA
           V = -8.3206405883E+05
           G =  6.8135830683E+01
           K =  8.3199592300E+05
           L =  8.3192778717E+05
           Vnuc =  2.5844948927E+06
           Ven = -7.6801067740E+08
           Vrep =  7.6717861334E+08
           DelSqV =  9.3039597462E+10
           DelSqVen =  8.6004524646E+12
           DelSqVrep = -8.5074128672E+12
           DelSqG =  3.1059450242E+09
           DelSqK = -9.6145542486E+10
           Stress_EigVals = -2.7735933067E+05 -2.7735308691E+05 -2.7735164126E+05
           Stress_EigVec1 = -7.2561576866E-02  9.9736392607E-01  1.2857842077E-04
           Stress_EigVec2 =  9.9736393334E-01  7.2561570368E-02  5.4514294277E-05
           Stress_EigVec3 = -4.5040738440E-05 -1.3219512264E-04  9.9999999025E-01
           -DivStress = -9.3978950356E+04 -7.1876895662E+03 -4.4478852007E+00
           ESP =  -2.1701736671E+01     ESP at Nucleus =  -2.1701736732E+01
           ESPe = -3.4246655803E+01     ESPe at Nucleus = -3.4246662193E+01
           ESPn =  1.2544919132E+01     ESPn at Nucleus =  1.2544925461E+01

CP# 7      Coords =  4.77990048721734E+00  3.42008345927525E-01  1.46659721137399E+00
           Type = (3,-3) NACP H7
           Rho =  3.7427852770E-01     Rho at Nucleus =  3.6477366002E-01
           GradRho = -2.0396878631E-14 -1.6716229095E-15 -2.9452135175E-14
           HessRho_EigVals = -7.3605686981E+00 -7.3498097149E+00 -5.6925105760E+00
           HessRho_EigVec1 =  7.9983130863E-01  5.8181848173E-02 -5.9739831795E-01
           HessRho_EigVec2 = -7.2743974786E-02  9.9735061369E-01 -2.5980415831E-04
           HessRho_EigVec3 =  5.9580046314E-01  4.3664927678E-02  8.0194462541E-01
           DelSqRho = -2.0402888989E+01
           Bond Ellipticity = NA
           V = -5.1483063071E+00
           G =  2.3792029912E-02
           K =  5.1245142772E+00
           L =  5.1007222473E+00
           Vnuc =  3.2193479704E+01
           Ven = -1.2049328185E+01
           Vrep =  6.9010218779E+00
           DelSqV =  1.2264888949E+03
           DelSqVen =  6.5683999256E+02
           DelSqVrep =  5.6964890237E+02
           DelSqG =  9.4747811056E+01
           DelSqK = -1.3212367060E+03
           Stress_EigVals = -1.8618638113E+00 -1.8554867001E+00 -1.4309557957E+00
           Stress_EigVec1 = -7.2890157988E-02  9.9733996503E-01 -1.3788911040E-04
           Stress_EigVec2 =  8.0105988026E-01  5.8462750559E-02 -5.9572239762E-01
           Stress_EigVec3 =  5.9412969384E-01  4.3532757114E-02  8.0319039210E-01
           -DivStress =  1.3741705153E+01  1.0065413075E+00  1.8478566460E+01
           ESP =  -3.9297724488E-01     ESP at Nucleus =  -3.9565830624E-01
           ESPe = -1.4187126495E+01     ESPe at Nucleus = -1.3994002358E+01
           ESPn =  1.3794149251E+01     ESPn at Nucleus =  1.3598344052E+01

CP# 8      Coords = -2.67285424434473E-01  3.70035311456523E+00  2.02055649977441E-05
           Type = (3,-3) NACP O8
           Rho =  2.9731987500E+02     Rho at Nucleus =  2.9731986875E+02
           GradRho =  1.5624557204E-11 -1.0059997280E-10  6.4249820741E-16
           HessRho_EigVals = -1.1098099015E+06 -1.1098025708E+06 -1.1097870417E+06
           HessRho_EigVec1 =  9.9746501550E-01  7.1158465043E-02 -1.2531568718E-04
           HessRho_EigVec2 = -7.1158478202E-02  9.9746501703E-01 -1.0387414383E-04
           HessRho_EigVec3 =  1.1760648941E-04  1.1252809808E-04  9.9999998675E-01
           DelSqRho = -3.3293995140E+06
           Bond Ellipticity = NA
           V = -8.3248501072E+05
           G =  6.7566111939E+01
           K =  8.3241744461E+05
           L =  8.3234987850E+05
           Vnuc =  2.3825691016E+06
           Ven = -7.0838514748E+08
           Vrep =  7.0755266247E+08
           DelSqV =  9.3086335453E+10
           DelSqVen =  7.9325243556E+12
           DelSqVrep = -7.8394380201E+12
           DelSqG =  3.1074277180E+09
           DelSqK = -9.6193763171E+10
           Stress_EigVals = -2.7749793764E+05 -2.7749430621E+05 -2.7749276687E+05
           Stress_EigVec1 =  1.1756770427E-04  1.2517550716E-04  9.9999998525E-01
           Stress_EigVec2 = -7.1217336279E-02  9.9746081499E-01 -1.1648480638E-04
           Stress_EigVec3 =  9.9746081487E-01  7.1217321534E-02 -1.2618384431E-04
           -DivStress =  7.2706335389E+03 -1.0204217795E+05  6.5548902814E+01
           ESP =  -2.1675605925E+01     ESP at Nucleus =  -2.1675606004E+01
           ESPe = -3.4201615490E+01     ESPe at Nucleus = -3.4201622447E+01
           ESPn =  1.2526009565E+01     ESPn at Nucleus =  1.2526016443E+01

CP# 9      Coords =  1.11966288588873E+00  4.88542382298650E+00 -4.44284337953350E-04
           Type = (3,-3) NACP H9
           Rho =  3.7011199096E-01     Rho at Nucleus =  3.6034606020E-01
           GradRho =  8.6736173799E-18 -3.4694469520E-15  3.6761229911E-19
           HessRho_EigVals = -7.2411061358E+00 -7.2353465074E+00 -5.5360815552E+00
           HessRho_EigVec1 = -6.5323986997E-01  7.5715098405E-01 -2.4420719794E-04
           HessRho_EigVec2 =  2.9717081309E-05  3.4817304728E-04  9.9999993895E-01
           HessRho_EigVec3 =  7.5715102285E-01  6.5323982283E-01 -2.4994083349E-04
           DelSqRho = -2.0012534198E+01
           Bond Ellipticity = NA
           V = -5.0483629287E+00
           G =  2.2614689580E-02
           K =  5.0257482392E+00
           L =  5.0031335496E+00
           Vnuc =  3.1824118739E+01
           Ven = -1.1778487947E+01
           Vrep =  6.7301250184E+00
           DelSqV =  1.1957450897E+03
           DelSqVen =  6.3688126460E+02
           DelSqVrep =  5.5886382515E+02
           DelSqG =  9.2264719471E+01
           DelSqK = -1.2880098092E+03
           Stress_EigVals = -1.8308523423E+00 -1.8255464127E+00 -1.3919641737E+00
           Stress_EigVec1 =  1.8130324082E-04  1.6963811581E-04  9.9999996918E-01
           Stress_EigVec2 = -6.5176318102E-01  7.5842254433E-01 -1.0490594764E-05
           Stress_EigVec3 =  7.5842252274E-01  6.5176315903E-01 -2.4806834319E-04
           -DivStress =  1.7502695274E+01  1.5128434204E+01 -5.7162323946E-03
           ESP =  -3.7681920424E-01     ESP at Nucleus =  -3.7944035177E-01
           ESPe = -1.4239241941E+01     ESPe at Nucleus = -1.4045471920E+01
           ESPn =  1.3862422737E+01     ESPn at Nucleus =  1.3666031568E+01

CP# 10     Coords = -4.77989076522311E+00 -3.32997050435709E-01 -1.46668756339901E+00
           Type = (3,-3) NACP H10
           Rho =  3.7431806557E-01     Rho at Nucleus =  3.6481316763E-01
           GradRho =  2.2714469194E-14  1.8140870750E-15  2.9734895102E-14
           HessRho_EigVals = -7.3613820412E+00 -7.3506108732E+00 -5.6932824759E+00
           HessRho_EigVec1 =  7.9968060854E-01  6.1782401565E-02 -5.9723852788E-01
           HessRho_EigVec2 = -7.6160936341E-02  9.9709485204E-01  1.1695337709E-03
           HessRho_EigVec3 =  5.9557571820E-01  4.4550992025E-02  8.0206282360E-01
           DelSqRho = -2.0405275390E+01
           Bond Ellipticity = NA
           V = -5.1489143073E+00
           G =  2.3797729851E-02
           K =  5.1251165774E+00
           L =  5.1013188476E+00
           Vnuc =  3.2195001464E+01
           Ven = -1.2051170669E+01
           Vrep =  6.9022563618E+00
           DelSqV =  1.2266481434E+03
           DelSqVen =  6.5694787106E+02
           DelSqVrep =  5.6970027237E+02
           DelSqG =  9.4759835818E+01
           DelSqK = -1.3214079793E+03
           Stress_EigVals = -1.8620706977E+00 -1.8556932170E+00 -1.4311503926E+00
           Stress_EigVec1 = -7.2070112217E-02  9.9739792618E-01 -1.8099116940E-03
           Stress_EigVec2 =  8.0129946488E-01  5.6819681905E-02 -5.9555914176E-01
           Stress_EigVec3 =  5.9390661430E-01  4.4372295450E-02  8.0330942537E-01
           -DivStress = -1.3737369521E+01 -1.0258455700E+00 -1.8482452220E+01
           ESP =  -3.9306856837E-01     ESP at Nucleus =  -3.9574995296E-01
           ESPe = -1.4187666831E+01     ESPe at Nucleus = -1.3994560256E+01
           ESPn =  1.3794598262E+01     ESPn at Nucleus =  1.3598810303E+01

CP# 11     Coords =  1.80809300780231E+00 -4.68020419047677E+00 -7.64537860660629E-04
           Type = (3,-3) NACP H11
           Rho =  3.7002891976E-01     Rho at Nucleus =  3.6026290402E-01
           GradRho = -3.6114566199E-12  2.3119076098E-12  1.9050482491E-15
           HessRho_EigVals = -7.2395362661E+00 -7.2338063767E+00 -5.5346186748E+00
           HessRho_EigVec1 =  5.3822719782E-01  8.4279922688E-01  9.7297745715E-04
           HessRho_EigVec2 = -1.4730676836E-04 -1.0603858688E-03  9.9999942694E-01
           HessRho_EigVec3 =  8.4279977564E-01 -5.3822703271E-01 -4.4657848429E-04
           DelSqRho = -2.0007961318E+01
           Bond Ellipticity = NA
           V = -5.0472110534E+00
           G =  2.2610362006E-02
           K =  5.0246006914E+00
           L =  5.0019903294E+00
           Vnuc =  3.1816860210E+01
           Ven = -1.1773158414E+01
           Vrep =  6.7259473601E+00
           DelSqV =  1.1954431370E+03
           DelSqVen =  6.3659050832E+02
           DelSqVrep =  5.5885262865E+02
           DelSqG =  9.2243830094E+01
           DelSqK = -1.2876869671E+03
           Stress_EigVals = -1.8304667694E+00 -1.8251540650E+00 -1.3915902189E+00
           Stress_EigVec1 =  2.1410131520E-04 -4.8612617489E-04  9.9999985892E-01
           Stress_EigVec2 =  5.3659000271E-01  8.4384304333E-01  2.9532960722E-04
           Stress_EigVec3 =  8.4384306785E-01 -5.3658986378E-01 -4.4151835090E-04
           -DivStress =  1.9484645713E+01 -1.2467752494E+01 -1.0194842715E-02
           ESP =  -3.7675079404E-01     ESP at Nucleus =  -3.7937016465E-01
           ESPe = -1.4234062734E+01     ESPe at Nucleus = -1.4040355845E+01
           ESPn =  1.3857311940E+01     ESPn at Nucleus =  1.3660985681E+01

CP# 12     Coords =  4.77998959851364E+00  3.42382427195217E-01 -1.46645954400527E+00
           Type = (3,-3) NACP H12
           Rho =  3.7428017637E-01     Rho at Nucleus =  3.6477524651E-01
           GradRho = -2.3286927942E-14 -1.5575648410E-15  2.8884880598E-14
           HessRho_EigVals = -7.3606002277E+00 -7.3498385234E+00 -5.6925288470E+00
           HessRho_EigVec1 =  7.9979111688E-01  5.8067423577E-02  5.9746325718E-01
           HessRho_EigVec2 = -7.2774563653E-02  9.9734829706E-01  4.8706514120E-04
           HessRho_EigVec3 = -5.9585067949E-01 -4.3869678214E-02  8.0189613984E-01
           DelSqRho = -2.0402967598E+01
           Bond Ellipticity = NA
           V = -5.1483266659E+00
           G =  2.3792383185E-02
           K =  5.1245342827E+00
           L =  5.1007418995E+00
           Vnuc =  3.2193345613E+01
           Ven = -1.2049331074E+01
           Vrep =  6.9010044082E+00
           DelSqV =  1.2264932992E+03
           DelSqVen =  6.5683978742E+02
           DelSqVrep =  5.6965351178E+02
           DelSqG =  9.4748141325E+01
           DelSqK = -1.3212414405E+03
           Stress_EigVals = -1.8618713658E+00 -1.8554948580E+00 -1.4309604421E+00
           Stress_EigVec1 = -7.2878694640E-02  9.9734073341E-01  3.9668029856E-04
           Stress_EigVec2 =  8.0102344091E-01  5.8296230722E-02  5.9578771101E-01
           Stress_EigVec3 = -5.9418022769E-01 -4.3737980879E-02  8.0314185923E-01
           -DivStress =  1.3742938602E+01  1.0112619713E+00 -1.8477545147E+01
           ESP =  -3.9297572817E-01     ESP at Nucleus =  -3.9565685046E-01
           ESPe = -1.4187017337E+01     ESPe at Nucleus = -1.3993891741E+01
           ESPn =  1.3794041608E+01     ESPn at Nucleus =  1.3598234891E+01

CP# 13     Coords = -1.81037565776024E+00  4.67345126896077E+00 -9.06136249240641E-05
           Type = (3,-3) NACP H13
           Rho =  3.7005768983E-01     Rho at Nucleus =  3.6029153589E-01
           GradRho =  3.7037629907E-12 -2.3615345790E-12  2.2837024698E-16
           HessRho_EigVals = -7.2401213611E+00 -7.2342995791E+00 -5.5350257080E+00
           HessRho_EigVec1 =  5.3742656456E-01  8.4331040030E-01 -5.0641086759E-04
           HessRho_EigVec2 =  2.2703386168E-04  4.5581884615E-04  9.9999987034E-01
           HessRho_EigVec3 =  8.4331052179E-01 -5.3742660985E-01  5.3509139771E-05
           DelSqRho = -2.0009446648E+01
           Bond Ellipticity = NA
           V = -5.0475842032E+00
           G =  2.2611270567E-02
           K =  5.0249729326E+00
           L =  5.0023616620E+00
           Vnuc =  3.1825913105E+01
           Ven = -1.1777423880E+01
           Vrep =  6.7298396772E+00
           DelSqV =  1.1955391399E+03
           DelSqVen =  6.3681891031E+02
           DelSqVrep =  5.5872022961E+02
           DelSqG =  9.2250351924E+01
           DelSqK = -1.2877894918E+03
           Stress_EigVals = -1.8305893917E+00 -1.8252987405E+00 -1.3916960710E+00
           Stress_EigVec1 =  2.3088703950E-05  1.3216002817E-04  9.9999999100E-01
           Stress_EigVec2 =  5.3578776454E-01  8.4435268460E-01 -1.2396032077E-04
           Stress_EigVec3 =  8.4435269339E-01 -5.3578776258E-01  5.1314716890E-05
           -DivStress = -1.9497531179E+01  1.2449815069E+01 -1.1575988716E-03
           ESP =  -3.7675786532E-01     ESP at Nucleus =  -3.7937829946E-01
           ESPe = -1.4242641415E+01     ESPe at Nucleus = -1.4048906239E+01
           ESPn =  1.3865883550E+01     ESPn at Nucleus =  1.3669527939E+01

CP# 14     Coords = -1.80548171517789E+00 -1.23411014146906E-01  5.65769994918024E-05
           Type = (3,-1) BCP Cr1 O2
           Rho =  9.0784515577E-02
           GradRho =  1.6015910386E-13  1.1086888786E-14 -2.3903269772E-18
           HessRho_EigVals = -1.3526536860E-01 -1.0664937789E-01  7.1297516026E-01
           HessRho_EigVec1 =  4.6908812742E-05 -5.0298574612E-04  9.9999987240E-01
           HessRho_EigVec2 = -6.8556500890E-02  9.9764710752E-01  5.0501824325E-04
           HessRho_EigVec3 =  9.9764723424E-01  6.8556515832E-02 -1.2315498598E-05
           DelSqRho =  4.7106041376E-01
           Bond Ellipticity =  2.6831840257E-01
           V = -1.4649763221E-01
           G =  1.3213136783E-01
           K =  1.4366264385E-02
           L = -1.1776510344E-01
           Vnuc =  2.4426487284E+01
           Ven = -2.2175468154E+00
           Vrep =  2.0710491832E+00
           DelSqV = -1.7409701759E+00
           DelSqVen = -1.1506351207E+01
           DelSqVrep =  9.7653810311E+00
           DelSqG =  1.6117578465E+00
           DelSqK =  1.2921232941E-01
           Stress_EigVals = -7.9272555261E-02 -7.5702094662E-02  8.4770177125E-03
           Stress_EigVec1 = -6.7115005209E-02  9.9774473368E-01  1.0111774812E-03
           Stress_EigVec2 =  7.4865388716E-05 -1.0084266439E-03  9.9999948874E-01
           Stress_EigVec3 =  9.9774524327E-01  6.7115046598E-02 -7.0159878651E-06
           -DivStress =  6.4671148237E-02  4.3212825346E-03 -1.5528355400E-06
           ESP =   1.1400274364E+00
           ESPe = -2.3286459848E+01
           ESPn =  2.4426487284E+01
           BPL =  3.7137093900E+00 =  1.8110000000E+00 +  1.9027093900E+00                
           GBL_I =  3.7136874018E+00                                                      
           GBL_II =  3.7130620235E+00                                                     
           GBL_III =  3.7136875702E+00 =  1.8109784287E+00 +  1.9027091416E+00            
           GBL_IV =  3.7130621902E+00 =  1.8103561442E+00 +  1.9027060460E+00             
             74 sample points along path from BCP to atom Cr1
            -1.8054817152E+00  -1.2341101415E-01   5.6576999492E-05   9.0784515577E-02    
            -1.7805405478E+00  -1.2169690470E-01   5.6267469846E-05   9.1011418589E-02    
            -1.7555994056E+00  -1.1998243006E-01   5.5954843002E-05   9.1709907334E-02    
            -1.7306582859E+00  -1.1826762757E-01   5.5639348543E-05   9.2909913096E-02    
            -1.7057171853E+00  -1.1655254691E-01   5.5321317937E-05   9.4645989250E-02    
            -1.6807761004E+00  -1.1483723739E-01   5.5001078094E-05   9.6957686507E-02    
            -1.6558350280E+00  -1.1312174784E-01   5.4678952088E-05   9.9889970249E-02    
            -1.6308939646E+00  -1.1140612640E-01   5.4355258370E-05   1.0349368161E-01    
            -1.6059529070E+00  -1.0969042030E-01   5.4030309722E-05   1.0782604364E-01    
            -1.5810118521E+00  -1.0797467558E-01   5.3704412146E-05   1.1295121321E-01    
            -1.5560707968E+00  -1.0625893694E-01   5.3377863681E-05   1.1894087862E-01    
            -1.5311297381E+00  -1.0454324742E-01   5.3050953144E-05   1.2587490108E-01    
            -1.5061886732E+00  -1.0282764815E-01   5.2723958747E-05   1.3384199669E-01    
            -1.4812475994E+00  -1.0111217800E-01   5.2397146544E-05   1.4294045231E-01    
            -1.4563065142E+00  -9.9396873245E-02   5.2070768657E-05   1.5327886539E-01    
            -1.4313654154E+00  -9.7681767016E-02   5.1745061231E-05   1.6497689290E-01    
            -1.4064243009E+00  -9.5966888804E-02   5.1420242060E-05   1.7816598842E-01    
            -1.3814831690E+00  -9.4252263768E-02   5.1096507861E-05   1.9299009910E-01    
            -1.3565420183E+00  -9.2537911965E-02   5.0774031142E-05   2.0960628488E-01    
            -1.3316008479E+00  -9.0823847453E-02   5.0452956674E-05   2.2818521176E-01    
            -1.3066596572E+00  -8.9110077271E-02   5.0133397522E-05   2.4891145808E-01    
            -1.2817184464E+00  -8.7396600278E-02   4.9815430657E-05   2.7198355852E-01    
            -1.2567772162E+00  -8.5683405869E-02   4.9499092114E-05   2.9761369416E-01    
            -1.2318359680E+00  -8.3970472531E-02   4.9184371695E-05   3.2602691974E-01    
            -1.2068947043E+00  -8.2257766236E-02   4.8871207146E-05   3.5745980014E-01    
            -1.1819534283E+00  -8.0545238633E-02   4.8559477725E-05   3.9215830930E-01    
            -1.1570121444E+00  -7.8832824988E-02   4.8248996990E-05   4.3037482537E-01    
            -1.1320708585E+00  -7.7120441794E-02   4.7939504541E-05   4.7236403872E-01    
            -1.1071295777E+00  -7.5407983927E-02   4.7630656315E-05   5.1837757384E-01    
            -1.0821883110E+00  -7.3695321181E-02   4.7322012852E-05   5.6865711661E-01    
            -1.0572470693E+00  -7.1982293932E-02   4.7013024694E-05   6.2342583616E-01    
            -1.0323058660E+00  -7.0268707593E-02   4.6703013745E-05   6.8287790115E-01    
            -1.0073647174E+00  -6.8554325357E-02   4.6391148970E-05   7.4716592157E-01    
            -9.8242364335E-01  -6.6838858563E-02   4.6076414192E-05   8.1638621047E-01    
            -9.5748266828E-01  -6.5121953725E-02   4.5757564873E-05   8.9056187381E-01    
            -9.3254182229E-01  -6.3403174863E-02   4.5433069664E-05   9.6962392962E-01    
            -9.0760114297E-01  -6.1681979255E-02   4.5101030846E-05   1.0533909706E+00    
            -8.8266067777E-01  -5.9957683913E-02   4.4759075762E-05   1.1415483777E+00    
            -8.5772048734E-01  -5.8229419003E-02   4.4404208586E-05   1.2336288459E+00    
            -8.3278065025E-01  -5.6496063015E-02   4.4032608803E-05   1.3289971092E+00    
            -8.0784126959E-01  -5.4756152777E-02   4.3639360503E-05   1.4268433793E+00    
            -7.8290248222E-01  -5.3007760246E-02   4.3218098852E-05   1.5261923263E+00    
